Frame	Time	Elec	VdW	Nonbond	Total
0	0	-312.832	-104.077	-416.909	-416.909
1	0.2	-360.163	22.2252	-337.938	-337.938
2	0.4	-183.678	-110.704	-294.382	-294.382
3	0.6	-201.629	-122.979	-324.608	-324.608
4	0.8	-281.531	-65.7595	-347.29	-347.29
5	1	-320.902	103.38	-217.521	-217.521
6	1.2	-334.874	-25.3163	-360.191	-360.191
7	1.4	-311.351	-159.209	-470.56	-470.56
8	1.6	-361.214	216.49	-144.724	-144.724
9	1.8	-367.867	-53.4927	-421.359	-421.359
10	2	-353.023	-69.7455	-422.768	-422.768
11	2.2	-400.365	137.351	-263.014	-263.014
12	2.4	-356.225	-55.1702	-411.395	-411.395
13	2.6	-305.905	176.207	-129.698	-129.698
14	2.8	-403.842	232.945	-170.896	-170.896
15	3	-416.991	110.76	-306.231	-306.231
16	3.2	-544.039	164.441	-379.598	-379.598
17	3.4	-498.317	169.528	-328.789	-328.789
18	3.6	-530.521	359.258	-171.263	-171.263
19	3.8	-309.959	-54.3611	-364.32	-364.32
20	4	-481.119	168.327	-312.792	-312.792
21	4.2	-432.966	8.0844	-424.881	-424.881
22	4.4	-357.731	-26.909	-384.64	-384.64
23	4.6	-479.255	102.434	-376.821	-376.821
24	4.8	-312.2	28.1278	-284.073	-284.073
25	5	-423.684	-54.0326	-477.717	-477.717
26	5.2	-276.109	-91.5371	-367.646	-367.646
27	5.4	-351.567	-54.6268	-406.193	-406.193
28	5.6	-360.386	-40.2016	-400.587	-400.587
29	5.8	-335.884	-35.28	-371.164	-371.164
30	6	-343.55	78.9531	-264.597	-264.597
31	6.2	-355.125	86.8251	-268.3	-268.3
32	6.4	-383.167	119.874	-263.293	-263.293
33	6.6	-395.226	41.9555	-353.27	-353.27
34	6.8	-306.005	-27.0159	-333.021	-333.021
35	7	-334.674	37.7212	-296.953	-296.953
36	7.2	-337.315	-7.2075	-344.522	-344.522
37	7.4	-325.16	4.1602	-321	-321
38	7.6	-397.521	-29.9862	-427.507	-427.507
39	7.8	-366.27	288.403	-77.8671	-77.8671
40	8	-320.731	102.866	-217.866	-217.866
41	8.2	-376.383	326.604	-49.7791	-49.7791
42	8.4	-349.831	274.533	-75.2979	-75.2979
43	8.6	-277.563	54.8418	-222.721	-222.721
44	8.8	-314.913	-24.258	-339.171	-339.171
45	9	-432.026	-39.0191	-471.046	-471.046
46	9.2	-401.141	-37.561	-438.702	-438.702
47	9.4	-373.81	114.3	-259.51	-259.51
48	9.6	-464.976	6.4046	-458.571	-458.571
49	9.8	-457.846	-78.1674	-536.013	-536.013
50	10	-481.776	-36.3344	-518.111	-518.111
51	10.2	-389.206	134.8	-254.406	-254.406
52	10.4	-444.542	115.763	-328.779	-328.779
53	10.6	-539.456	28.8081	-510.648	-510.648
54	10.8	-547.384	93.3106	-454.073	-454.073
55	11	-464.476	-11.0911	-475.567	-475.567
56	11.2	-413.729	-122.242	-535.971	-535.971
57	11.4	-390.865	35.8292	-355.036	-355.036
58	11.6	-466.072	90.4919	-375.58	-375.58
59	11.8	-435.725	-94.573	-530.298	-530.298
60	12	-426.61	-53.8151	-480.425	-480.425
61	12.2	-444.255	-9.6677	-453.923	-453.923
62	12.4	-459.051	-83.7695	-542.82	-542.82
63	12.6	-453.742	-107.345	-561.087	-561.087
64	12.8	-467.07	100.25	-366.821	-366.821
65	13	-434.748	342.751	-91.9972	-91.9972
66	13.2	-462.631	64.7662	-397.865	-397.865
67	13.4	-457.703	95.1344	-362.568	-362.568
68	13.6	-449.149	0.9114	-448.238	-448.238
69	13.8	-507.928	255.271	-252.657	-252.657
70	14	-549.313	228.117	-321.196	-321.196
71	14.2	-456.838	244.999	-211.839	-211.839
72	14.4	-458.596	33.9912	-424.605	-424.605
73	14.6	-446.575	258.44	-188.135	-188.135
74	14.8	-417.933	171.534	-246.399	-246.399
75	15	-474.144	273.054	-201.091	-201.091
76	15.2	-502.307	161.407	-340.9	-340.9
77	15.4	-533.786	13.1773	-520.608	-520.608
78	15.6	-507.139	254.347	-252.792	-252.792
79	15.8	-440.182	183.024	-257.157	-257.157
80	16	-514.191	220.089	-294.102	-294.102
81	16.2	-491.633	25.2646	-466.369	-466.369
82	16.4	-460.085	20.7154	-439.37	-439.37
83	16.6	-464.407	47.7553	-416.652	-416.652
84	16.8	-551.394	146.281	-405.113	-405.113
85	17	-554.581	394.849	-159.732	-159.732
86	17.2	-552.347	131.376	-420.971	-420.971
87	17.4	-582.12	245.907	-336.213	-336.213
88	17.6	-582.309	90.9347	-491.375	-491.375
89	17.8	-561.811	276.355	-285.456	-285.456
90	18	-563.8	119.331	-444.468	-444.468
91	18.2	-527.712	301.699	-226.012	-226.012
92	18.4	-570.346	254.104	-316.243	-316.243
93	18.6	-524.298	-44.9658	-569.264	-569.264
94	18.8	-536.262	230.008	-306.255	-306.255
95	19	-590.239	-123.29	-713.528	-713.528
96	19.2	-570.832	-39.7518	-610.584	-610.584
97	19.4	-612.904	194.35	-418.554	-418.554
98	19.6	-643.98	565.147	-78.833	-78.833
99	19.8	-633.125	-57.1889	-690.314	-690.314
100	20	-601.633	-44.5752	-646.208	-646.208
101	20.2	-619.89	-9.8678	-629.758	-629.758
102	20.4	-660.813	-40.1698	-700.983	-700.983
103	20.6	-647.864	104.238	-543.627	-543.627
104	20.8	-639.63	319.516	-320.114	-320.114
105	21	-608.643	51.1837	-557.459	-557.459
106	21.2	-554.315	254.475	-299.84	-299.84
107	21.4	-478.897	51.1462	-427.751	-427.751
108	21.6	-547.051	64.2734	-482.777	-482.777
109	21.8	-490.118	358.526	-131.592	-131.592
110	22	-496.118	-17.7676	-513.885	-513.885
111	22.2	-489.095	106.85	-382.246	-382.246
112	22.4	-473.932	115.798	-358.134	-358.134
113	22.6	-487.212	104.44	-382.773	-382.773
114	22.8	-494.384	278.406	-215.977	-215.977
115	23	-432.992	357.768	-75.2243	-75.2243
116	23.2	-483.076	185.059	-298.017	-298.017
117	23.4	-503.297	217.513	-285.784	-285.784
118	23.6	-555.279	351.053	-204.226	-204.226
119	23.8	-457.598	30.6015	-426.996	-426.996
120	24	-351.374	-65.9205	-417.294	-417.294
121	24.2	-356.432	30.5792	-325.853	-325.853
122	24.4	-398.445	76.1112	-322.334	-322.334
123	24.6	-359.235	1.9674	-357.268	-357.268
124	24.8	-460.795	24.0681	-436.727	-436.727
125	25	-385.375	8.4324	-376.943	-376.943
126	25.2	-410.258	112.492	-297.767	-297.767
127	25.4	-428.259	-74.0448	-502.303	-502.303
128	25.6	-473.888	-43.878	-517.766	-517.766
129	25.8	-453.543	229.737	-223.806	-223.806
130	26	-460.01	3.7966	-456.214	-456.214
131	26.2	-410.443	30.7113	-379.732	-379.732
132	26.4	-402.51	18.8865	-383.624	-383.624
133	26.6	-335.297	-206.639	-541.937	-541.937
134	26.8	-315.472	-79.2756	-394.747	-394.747
135	27	-265.951	-207.29	-473.24	-473.24
136	27.2	-406.618	58.9116	-347.706	-347.706
137	27.4	-482.292	16.2755	-466.016	-466.016
138	27.6	-433.594	57.5508	-376.043	-376.043
139	27.8	-451.965	-56.8248	-508.79	-508.79
140	28	-501.929	35.9694	-465.959	-465.959
141	28.2	-467.153	94.9305	-372.223	-372.223
142	28.4	-421.383	-70.5118	-491.895	-491.895
143	28.6	-503.447	306.991	-196.456	-196.456
144	28.8	-547.792	246.381	-301.411	-301.411
145	29	-536.161	507.103	-29.058	-29.058
146	29.2	-518.05	2.5743	-515.476	-515.476
147	29.4	-384.942	-27.4049	-412.347	-412.347
148	29.6	-421.959	-9.1416	-431.101	-431.101
149	29.8	-323.061	-69.1634	-392.225	-392.225
150	30	-361.098	-108.29	-469.388	-469.388
151	30.2	-399.342	-25.6875	-425.03	-425.03
152	30.4	-371.517	16.4646	-355.052	-355.052
153	30.6	-348.851	-45.6395	-394.49	-394.49
154	30.8	-335.617	-18.5735	-354.19	-354.19
155	31	-388.175	9.144	-379.031	-379.031
156	31.2	-370.795	-16.1	-386.895	-386.895
157	31.4	-272.372	-111.17	-383.542	-383.542
158	31.6	-307.499	-114.855	-422.354	-422.354
159	31.8	-340.454	20.5782	-319.876	-319.876
160	32	-299.784	-62.7352	-362.52	-362.52
161	32.2	-350.114	-66.5453	-416.66	-416.66
162	32.4	-330.946	-54.5682	-385.514	-385.514
163	32.6	-340.455	6.799	-333.656	-333.656
164	32.8	-398.279	-112.849	-511.128	-511.128
165	33	-362.37	-197.225	-559.595	-559.595
166	33.2	-384.008	-76.8901	-460.898	-460.898
167	33.4	-395.837	136.244	-259.593	-259.593
168	33.6	-345.603	-16.71	-362.313	-362.313
169	33.8	-384.915	154.069	-230.847	-230.847
170	34	-373.659	-1.4859	-375.145	-375.145
171	34.2	-381.498	-182.555	-564.053	-564.053
172	34.4	-400.949	56.1037	-344.845	-344.845
173	34.6	-431.307	-140.565	-571.872	-571.872
174	34.8	-524.818	-28.6054	-553.424	-553.424
175	35	-449.979	-6.275	-456.254	-456.254
176	35.2	-384.421	-121.365	-505.786	-505.786
177	35.4	-486.435	33.8518	-452.584	-452.584
178	35.6	-498.239	-45.5998	-543.839	-543.839
179	35.8	-431.929	-9.2759	-441.205	-441.205
180	36	-440.576	103.896	-336.68	-336.68
181	36.2	-405.38	-158.682	-564.062	-564.062
182	36.4	-396.209	33.8861	-362.323	-362.323
183	36.6	-347.245	10.8422	-336.402	-336.402
184	36.8	-489.179	175.98	-313.199	-313.199
185	37	-494.327	189.212	-305.116	-305.116
186	37.2	-435.377	304.531	-130.846	-130.846
187	37.4	-430.087	328.85	-101.237	-101.237
188	37.6	-420.309	211.833	-208.477	-208.477
189	37.8	-532.059	143.005	-389.054	-389.054
190	38	-428.391	-36.9891	-465.38	-465.38
191	38.2	-515.805	-17.4716	-533.276	-533.276
192	38.4	-554.643	101.253	-453.39	-453.39
193	38.6	-525.095	35.6581	-489.437	-489.437
194	38.8	-529.366	-81.1312	-610.497	-610.497
195	39	-520.447	-28.0823	-548.53	-548.53
196	39.2	-447.44	34.6564	-412.783	-412.783
197	39.4	-500.621	-16.6022	-517.223	-517.223
198	39.6	-545.069	187.423	-357.646	-357.646
199	39.8	-554.471	32.0789	-522.392	-522.392
200	40	-586.389	596.603	10.2149	10.2149
201	40.2	-653.235	483.657	-169.578	-169.578
202	40.4	-549.886	136.241	-413.645	-413.645
203	40.6	-631.496	246.927	-384.569	-384.569
204	40.8	-562.323	81.3881	-480.935	-480.935
205	41	-536.291	185.733	-350.558	-350.558
206	41.2	-552.384	378.031	-174.353	-174.353
207	41.4	-499.526	21.5688	-477.957	-477.957
208	41.6	-545.912	152.783	-393.129	-393.129
209	41.8	-534.249	68.2321	-466.017	-466.017
210	42	-461.976	523.679	61.7029	61.7029
211	42.2	-430.333	-19.1221	-449.455	-449.455
212	42.4	-456.376	134.053	-322.323	-322.323
213	42.6	-464.5	48.44	-416.06	-416.06
214	42.8	-494.714	68.8205	-425.894	-425.894
215	43	-532.013	-4.8736	-536.887	-536.887
216	43.2	-471.757	83.9453	-387.812	-387.812
217	43.4	-462.483	121.874	-340.608	-340.608
218	43.6	-472.213	-92.814	-565.027	-565.027
219	43.8	-439.843	-88.702	-528.545	-528.545
220	44	-448.999	47.71	-401.289	-401.289
221	44.2	-521.196	64.6121	-456.584	-456.584
222	44.4	-485.298	149.728	-335.57	-335.57
223	44.6	-496.109	-114.434	-610.543	-610.543
224	44.8	-541.848	101.872	-439.976	-439.976
225	45	-529.261	-33.329	-562.59	-562.59
226	45.2	-454.737	-16.1596	-470.897	-470.897
227	45.4	-396.738	-49.9005	-446.639	-446.639
228	45.6	-392.016	124.691	-267.325	-267.325
229	45.8	-379.482	-64.9846	-444.467	-444.467
230	46	-292.791	7.6077	-285.183	-285.183
231	46.2	-395.447	205.512	-189.936	-189.936
232	46.4	-406.971	366.533	-40.4386	-40.4386
233	46.6	-445.042	147.68	-297.362	-297.362
234	46.8	-411.042	420.014	8.972	8.972
235	47	-436.028	366.758	-69.2708	-69.2708
236	47.2	-379.438	31.5448	-347.893	-347.893
237	47.4	-433.042	331.767	-101.275	-101.275
238	47.6	-446.413	84.6128	-361.8	-361.8
239	47.8	-392.862	91.377	-301.485	-301.485
240	48	-388.091	17.7691	-370.322	-370.322
241	48.2	-424.735	175.07	-249.665	-249.665
242	48.4	-429.083	-115.737	-544.82	-544.82
243	48.6	-506.508	169.533	-336.975	-336.975
244	48.8	-469.571	166.011	-303.559	-303.559
245	49	-457.401	200.392	-257.009	-257.009
246	49.2	-410.033	46.4741	-363.559	-363.559
247	49.4	-428.908	186.002	-242.905	-242.905
248	49.6	-568.556	467.265	-101.291	-101.291
249	49.8	-559.53	193.182	-366.347	-366.347
250	50	-567.816	101.991	-465.826	-465.826
251	50.2	-538.488	253.031	-285.457	-285.457
252	50.4	-552.896	444.988	-107.907	-107.907
253	50.6	-522.73	282.984	-239.746	-239.746
254	50.8	-502.393	405.7	-96.6927	-96.6927
255	51	-554.282	298.593	-255.689	-255.689
256	51.2	-503.945	282.258	-221.686	-221.686
257	51.4	-539.338	363.905	-175.433	-175.433
258	51.6	-553.578	563.13	9.5515	9.5515
259	51.8	-545.402	334.166	-211.236	-211.236
260	52	-590.092	343.11	-246.983	-246.983
261	52.2	-484.492	440.297	-44.1946	-44.1946
262	52.4	-496.3	220.967	-275.333	-275.333
263	52.6	-581.18	418.593	-162.587	-162.587
264	52.8	-489.891	74.088	-415.803	-415.803
265	53	-518.487	475.097	-43.3893	-43.3893
266	53.2	-540.88	127.388	-413.491	-413.491
267	53.4	-520.746	293.026	-227.72	-227.72
268	53.6	-484.568	171.88	-312.688	-312.688
269	53.8	-532.98	40.6159	-492.364	-492.364
270	54	-554.541	90.6333	-463.908	-463.908
271	54.2	-561.59	-23.3934	-584.983	-584.983
272	54.4	-515.087	65.2322	-449.854	-449.854
273	54.6	-552.404	219.038	-333.366	-333.366
274	54.8	-541.964	166.432	-375.532	-375.532
275	55	-633.691	483.158	-150.533	-150.533
276	55.2	-600.954	118.478	-482.476	-482.476
277	55.4	-606.603	214.005	-392.598	-392.598
278	55.6	-571.546	76.1061	-495.44	-495.44
279	55.8	-538.89	138.303	-400.587	-400.587
280	56	-478.633	267.801	-210.832	-210.832
281	56.2	-587.739	-1.605	-589.344	-589.344
282	56.4	-566.396	428.858	-137.539	-137.539
283	56.6	-645.696	223.326	-422.37	-422.37
284	56.8	-530.113	210.444	-319.669	-319.669
285	57	-562.346	207.99	-354.357	-354.357
286	57.2	-611.678	233.702	-377.976	-377.976
287	57.4	-494.095	199.304	-294.792	-294.792
288	57.6	-442.369	69.8817	-372.487	-372.487
289	57.8	-413.817	2.2338	-411.583	-411.583
290	58	-391.551	-90.1543	-481.706	-481.706
291	58.2	-347.711	-3.4118	-351.122	-351.122
292	58.4	-431.734	-59.1544	-490.889	-490.889
293	58.6	-486.537	229.922	-256.616	-256.616
294	58.8	-470.983	144.212	-326.771	-326.771
295	59	-500.599	76.0376	-424.561	-424.561
296	59.2	-510.774	167.093	-343.681	-343.681
297	59.4	-499.348	26.1205	-473.227	-473.227
298	59.6	-489.394	155.215	-334.178	-334.178
299	59.8	-499.117	-8.5353	-507.653	-507.653
300	60	-442.528	355.078	-87.4504	-87.4504
301	60.2	-466.921	49.7861	-417.134	-417.134
302	60.4	-496.887	464.252	-32.6345	-32.6345
303	60.6	-497.857	480.967	-16.8895	-16.8895
304	60.8	-550.511	225.521	-324.99	-324.99
305	61	-576.116	52.0869	-524.029	-524.029
306	61.2	-572.125	258.601	-313.524	-313.524
307	61.4	-498.075	124.15	-373.925	-373.925
308	61.6	-513.448	276.45	-236.998	-236.998
309	61.8	-580.745	134.862	-445.883	-445.883
310	62	-536.136	138.703	-397.433	-397.433
311	62.2	-486.681	146.296	-340.386	-340.386
312	62.4	-488.485	51.3881	-437.097	-437.097
313	62.6	-565.885	296.837	-269.048	-269.048
314	62.8	-567.99	272.771	-295.22	-295.22
315	63	-543.911	44.2055	-499.705	-499.705
316	63.2	-475.521	16.4154	-459.105	-459.105
317	63.4	-451.923	357.041	-94.8817	-94.8817
318	63.6	-573.511	104.714	-468.798	-468.798
319	63.8	-548.201	52.1963	-496.005	-496.005
320	64	-517.519	365.154	-152.365	-152.365
321	64.2	-577.412	336.968	-240.444	-240.444
322	64.4	-659.714	280.759	-378.954	-378.954
323	64.6	-598.567	275.501	-323.066	-323.066
324	64.8	-617.087	83.6394	-533.448	-533.448
325	65	-606.533	157.348	-449.185	-449.185
326	65.2	-546.076	-75.3003	-621.376	-621.376
327	65.4	-441.461	-115.451	-556.911	-556.911
328	65.6	-478.841	125.408	-353.433	-353.433
329	65.8	-466.114	34.3073	-431.806	-431.806
330	66	-472.086	13.6734	-458.412	-458.412
331	66.2	-519.951	99.2854	-420.665	-420.665
332	66.4	-584.169	89.0013	-495.168	-495.168
333	66.6	-608.535	318.557	-289.978	-289.978
334	66.8	-624.628	538.105	-86.5227	-86.5227
335	67	-611.931	253.238	-358.693	-358.693
336	67.2	-589.067	79.9696	-509.097	-509.097
337	67.4	-556.568	82.221	-474.347	-474.347
338	67.6	-495.035	452.254	-42.7812	-42.7812
339	67.8	-527.105	324.124	-202.981	-202.981
340	68	-495.306	320.072	-175.234	-175.234
341	68.2	-446.974	-0.117	-447.091	-447.091
342	68.4	-447.534	349.248	-98.2865	-98.2865
343	68.6	-502.505	349.964	-152.542	-152.542
344	68.8	-468.822	166.004	-302.817	-302.817
345	69	-486.949	114.914	-372.035	-372.035
346	69.2	-505.916	342.548	-163.368	-163.368
347	69.4	-453.888	-40.6472	-494.535	-494.535
348	69.6	-405.273	10.2539	-395.019	-395.019
349	69.8	-590.166	268.196	-321.971	-321.971
350	70	-553.179	107.164	-446.016	-446.016
351	70.2	-487.914	2.2768	-485.638	-485.638
352	70.4	-503.459	157.184	-346.275	-346.275
353	70.6	-514.688	352.727	-161.962	-161.962
354	70.8	-613.986	621.892	7.9063	7.9063
355	71	-532.65	173.382	-359.268	-359.268
356	71.2	-491.689	-55.6984	-547.387	-547.387
357	71.4	-546.735	-73.5417	-620.277	-620.277
358	71.6	-530.253	185.885	-344.368	-344.368
359	71.8	-614.89	60.7177	-554.173	-554.173
360	72	-576.681	-64.2944	-640.975	-640.975
361	72.2	-595.767	-96.3546	-692.122	-692.122
362	72.4	-597.59	0.454	-597.136	-597.136
363	72.6	-505.71	-36.8517	-542.561	-542.561
364	72.8	-499.045	-60.1137	-559.159	-559.159
365	73	-561.972	76.1493	-485.822	-485.822
366	73.2	-541.905	78.3589	-463.546	-463.546
367	73.4	-585.329	398.309	-187.02	-187.02
368	73.6	-603.872	156.185	-447.687	-447.687
369	73.8	-580.306	93.2879	-487.018	-487.018
370	74	-558.076	118.464	-439.612	-439.612
371	74.2	-573.618	-6.2439	-579.862	-579.862
372	74.4	-507.719	282.111	-225.608	-225.608
373	74.6	-468.103	216.719	-251.385	-251.385
374	74.8	-495.708	137.811	-357.896	-357.896
375	75	-460.152	95.2353	-364.917	-364.917
376	75.2	-449.176	87.5565	-361.62	-361.62
377	75.4	-479.886	301.287	-178.599	-178.599
378	75.6	-436.237	125.263	-310.975	-310.975
379	75.8	-458.19	165.823	-292.367	-292.367
380	76	-440.121	101.627	-338.494	-338.494
381	76.2	-425.087	-40.822	-465.909	-465.909
382	76.4	-405.446	254.923	-150.524	-150.524
383	76.6	-433.462	109.852	-323.61	-323.61
384	76.8	-463.037	104.985	-358.052	-358.052
385	77	-419.561	241.02	-178.54	-178.54
386	77.2	-480.413	175.812	-304.601	-304.601
387	77.4	-435.194	162.628	-272.566	-272.566
388	77.6	-567.763	58.8421	-508.921	-508.921
389	77.8	-531.475	345.843	-185.632	-185.632
390	78	-448.984	441.694	-7.2905	-7.2905
391	78.2	-416.831	122.542	-294.289	-294.289
392	78.4	-569.683	278.697	-290.986	-290.986
393	78.6	-478.971	110.099	-368.872	-368.872
394	78.8	-433.15	421.028	-12.1217	-12.1217
395	79	-461.835	222.743	-239.092	-239.092
396	79.2	-467.043	370.116	-96.9269	-96.9269
397	79.4	-443.253	282.751	-160.502	-160.502
398	79.6	-529.086	255.601	-273.486	-273.486
399	79.8	-536.238	231.798	-304.44	-304.44
400	80	-595.15	400.091	-195.059	-195.059
401	80.2	-483.761	195.934	-287.827	-287.827
402	80.4	-539.363	146.087	-393.276	-393.276
403	80.6	-593.757	201.646	-392.111	-392.111
404	80.8	-571.101	355.053	-216.048	-216.048
405	81	-595.927	79.818	-516.109	-516.109
406	81.2	-519.858	124.721	-395.137	-395.137
407	81.4	-537.583	167.294	-370.289	-370.289
408	81.6	-566.768	205.852	-360.915	-360.915
409	81.8	-545.973	223.41	-322.563	-322.563
410	82	-558.847	255.782	-303.064	-303.064
411	82.2	-541.843	84.488	-457.355	-457.355
412	82.4	-540.441	148.453	-391.988	-391.988
413	82.6	-550.376	6.4112	-543.965	-543.965
414	82.8	-575.196	88.3739	-486.822	-486.822
415	83	-526.409	229.404	-297.005	-297.005
416	83.2	-599.228	120.962	-478.266	-478.266
417	83.4	-690.035	136.314	-553.721	-553.721
418	83.6	-663.834	109.064	-554.77	-554.77
419	83.8	-660.54	146.739	-513.801	-513.801
420	84	-628.799	181.365	-447.434	-447.434
421	84.2	-508.168	108.511	-399.656	-399.656
422	84.4	-631.22	316.291	-314.929	-314.929
423	84.6	-475.787	-196.928	-672.716	-672.716
424	84.8	-656.68	140.593	-516.087	-516.087
425	85	-587.591	22.8372	-564.753	-564.753
426	85.2	-599.509	28.5578	-570.951	-570.951
427	85.4	-427.43	0.3134	-427.117	-427.117
428	85.6	-340.649	-63.1335	-403.782	-403.782
429	85.8	-565.075	35.644	-529.431	-529.431
430	86	-426.116	29.5971	-396.519	-396.519
431	86.2	-477.074	27.3766	-449.697	-449.697
432	86.4	-532.628	209.481	-323.147	-323.147
433	86.6	-562.319	-18.2002	-580.519	-580.519
434	86.8	-435.581	-5.6286	-441.21	-441.21
435	87	-498.201	9.2348	-488.966	-488.966
436	87.2	-454.493	-59.5029	-513.995	-513.995
437	87.4	-477.929	389.088	-88.8412	-88.8412
438	87.6	-476.527	109.781	-366.746	-366.746
439	87.8	-515.536	214.504	-301.032	-301.032
440	88	-525.067	-146.219	-671.286	-671.286
441	88.2	-513.248	83.0799	-430.168	-430.168
442	88.4	-472.286	124.212	-348.074	-348.074
443	88.6	-458.113	72.1647	-385.948	-385.948
444	88.8	-462.629	118.639	-343.99	-343.99
445	89	-520.358	49.8028	-470.555	-470.555
446	89.2	-433.965	-39.3094	-473.274	-473.274
447	89.4	-442.455	100.97	-341.485	-341.485
448	89.6	-623.918	401.039	-222.88	-222.88
449	89.8	-565.843	-26.7986	-592.641	-592.641
450	90	-601.127	49.3742	-551.753	-551.753
451	90.2	-606.846	63.2073	-543.639	-543.639
452	90.4	-590.655	126.966	-463.689	-463.689
453	90.6	-575.424	170.612	-404.812	-404.812
454	90.8	-548.378	-48.0015	-596.379	-596.379
455	91	-539.511	121.02	-418.491	-418.491
456	91.2	-500.94	26.6477	-474.293	-474.293
457	91.4	-565.715	41.5883	-524.126	-524.126
458	91.6	-693.518	-32.9524	-726.471	-726.471
459	91.8	-676.196	70.8106	-605.385	-605.385
460	92	-581.652	220.258	-361.394	-361.394
461	92.2	-597.417	360.587	-236.83	-236.83
462	92.4	-683.965	141.547	-542.418	-542.418
463	92.6	-736.325	312.694	-423.631	-423.631
464	92.8	-650.743	158.819	-491.924	-491.924
465	93	-573.154	154.164	-418.99	-418.99
466	93.2	-511.983	214.293	-297.691	-297.691
467	93.4	-580.29	36.7006	-543.589	-543.589
468	93.6	-611.09	32.7843	-578.306	-578.306
469	93.8	-626.264	40.2762	-585.988	-585.988
470	94	-671.202	373.798	-297.404	-297.404
471	94.2	-643.223	280.759	-362.464	-362.464
472	94.4	-521.236	-25.2803	-546.517	-546.517
473	94.6	-547.826	162.849	-384.977	-384.977
474	94.8	-520.945	-10.2316	-531.177	-531.177
475	95	-416.416	-137.418	-553.834	-553.834
476	95.2	-475.481	84.7851	-390.696	-390.696
477	95.4	-538.066	43.4741	-494.592	-494.592
478	95.6	-533.17	67.499	-465.671	-465.671
479	95.8	-523.944	-42.2207	-566.165	-566.165
480	96	-483.836	60.6763	-423.16	-423.16
481	96.2	-488.29	73.4753	-414.815	-414.815
482	96.4	-467.897	9.3305	-458.567	-458.567
483	96.6	-390.577	-231.482	-622.059	-622.059
484	96.8	-456.512	-143.057	-599.569	-599.569
485	97	-468.463	128.08	-340.383	-340.383
486	97.2	-426.272	74.1795	-352.092	-352.092
487	97.4	-456.571	-51.1123	-507.683	-507.683
488	97.6	-443.665	-183.641	-627.306	-627.306
489	97.8	-539.293	229.021	-310.272	-310.272
490	98	-486.909	184.921	-301.988	-301.988
491	98.2	-560.267	-16.1335	-576.4	-576.4
492	98.4	-471.132	53.0773	-418.055	-418.055
493	98.6	-459.712	0.553	-459.159	-459.159
494	98.8	-494.348	10.898	-483.45	-483.45
495	99	-553.382	42.1724	-511.21	-511.21
496	99.2	-526.814	145.882	-380.932	-380.932
497	99.4	-512.155	-52.6773	-564.833	-564.833
498	99.6	-573.54	462.169	-111.371	-111.371
499	99.8	-458.875	225.908	-232.967	-232.967
500	100	-542.84	78.2671	-464.573	-464.573
501	100.2	-583.94	250.512	-333.429	-333.429
502	100.4	-582.137	230.588	-351.549	-351.549
503	100.6	-536.818	116.515	-420.304	-420.304
504	100.8	-571.564	141.458	-430.106	-430.106
505	101	-498.139	126.132	-372.008	-372.008
506	101.2	-452.998	149.169	-303.828	-303.828
507	101.4	-554.29	307.132	-247.158	-247.158
508	101.6	-566.306	238.161	-328.144	-328.144
509	101.8	-555.403	30.4507	-524.952	-524.952
510	102	-464.353	239.691	-224.662	-224.662
511	102.2	-474.176	393.755	-80.4213	-80.4213
512	102.4	-419.127	73.781	-345.346	-345.346
513	102.6	-465.047	250.263	-214.784	-214.784
514	102.8	-575.974	186.793	-389.181	-389.181
515	103	-597.672	73.5584	-524.113	-524.113
516	103.2	-649.987	62.5602	-587.427	-587.427
517	103.4	-586.26	57.4961	-528.764	-528.764
518	103.6	-600.034	196.853	-403.181	-403.181
519	103.8	-532.409	37.0396	-495.369	-495.369
520	104	-452.976	168.738	-284.237	-284.237
521	104.2	-449.81	176.917	-272.893	-272.893
522	104.4	-442.161	213.868	-228.293	-228.293
523	104.6	-523.287	148.886	-374.401	-374.401
524	104.8	-430.787	36.5491	-394.238	-394.238
525	105	-495.191	83.3604	-411.831	-411.831
526	105.2	-512.149	41.9559	-470.193	-470.193
527	105.4	-515.852	-65.7251	-581.577	-581.577
528	105.6	-508.702	-130.83	-639.533	-639.533
529	105.8	-509.149	-26.184	-535.332	-535.332
530	106	-504.18	-27.3501	-531.53	-531.53
531	106.2	-534.577	63.9399	-470.637	-470.637
532	106.4	-425.22	130.976	-294.245	-294.245
533	106.6	-435.45	52.3554	-383.095	-383.095
534	106.8	-473.303	237.661	-235.641	-235.641
535	107	-535.335	334.905	-200.43	-200.43
536	107.2	-501.231	-41.1381	-542.369	-542.369
537	107.4	-623.849	97.9435	-525.905	-525.905
538	107.6	-559.122	-87.4552	-646.577	-646.577
539	107.8	-580.429	-45.1737	-625.603	-625.603
540	108	-459.566	386.219	-73.3478	-73.3478
541	108.2	-432.459	-193.908	-626.368	-626.368
542	108.4	-447.074	-120.274	-567.348	-567.348
543	108.6	-482.775	18.5851	-464.19	-464.19
544	108.8	-482.025	179.75	-302.276	-302.276
545	109	-506.111	96.0137	-410.097	-410.097
546	109.2	-471.551	174.139	-297.411	-297.411
547	109.4	-485.982	91.3095	-394.672	-394.672
548	109.6	-418.795	7.4258	-411.369	-411.369
549	109.8	-476.17	33.6915	-442.478	-442.478
550	110	-436.274	222.03	-214.243	-214.243
551	110.2	-480.592	108.456	-372.137	-372.137
552	110.4	-551.219	183.243	-367.976	-367.976
553	110.6	-468.758	-142.236	-610.995	-610.995
554	110.8	-536.235	-8.9438	-545.179	-545.179
555	111	-573.998	-79.4487	-653.447	-653.447
556	111.2	-481.375	-27.2329	-508.607	-508.607
557	111.4	-520.929	157.9	-363.028	-363.028
558	111.6	-407.495	8.4653	-399.03	-399.03
559	111.8	-473.48	320.674	-152.806	-152.806
560	112	-428.093	-28.7914	-456.885	-456.885
561	112.2	-471.38	62.948	-408.432	-408.432
562	112.4	-532.332	159.088	-373.245	-373.245
563	112.6	-555.236	181.015	-374.221	-374.221
564	112.8	-509.124	-105.91	-615.034	-615.034
565	113	-481.847	67.0774	-414.769	-414.769
566	113.2	-574.889	275.123	-299.766	-299.766
567	113.4	-518.986	75.8294	-443.156	-443.156
568	113.6	-490.074	553.145	63.0711	63.0711
569	113.8	-441.673	136.06	-305.613	-305.613
570	114	-493.608	260.562	-233.046	-233.046
571	114.2	-482.335	192.705	-289.63	-289.63
572	114.4	-442.921	48.8271	-394.094	-394.094
573	114.6	-423.27	71.0936	-352.176	-352.176
574	114.8	-391.843	67.7379	-324.106	-324.106
575	115	-412.027	96.3875	-315.64	-315.64
576	115.2	-522.293	98.2333	-424.059	-424.059
577	115.4	-449.818	-72.4845	-522.302	-522.302
578	115.6	-426.712	45.3265	-381.385	-381.385
579	115.8	-447.166	216.759	-230.406	-230.406
580	116	-427.984	53.0799	-374.904	-374.904
581	116.2	-382.839	57.4104	-325.429	-325.429
582	116.4	-449.519	293.656	-155.863	-155.863
583	116.6	-422.954	18.9693	-403.985	-403.985
584	116.8	-393.501	181.525	-211.976	-211.976
585	117	-370.997	60.6352	-310.362	-310.362
586	117.2	-350.648	-61.5075	-412.156	-412.156
587	117.4	-279.628	-0.3943	-280.022	-280.022
588	117.6	-387.349	225.763	-161.587	-161.587
589	117.8	-448.749	112.322	-336.427	-336.427
590	118	-459.94	100.98	-358.959	-358.959
591	118.2	-336.166	-145.136	-481.302	-481.302
592	118.4	-318.711	-121.912	-440.623	-440.623
593	118.6	-280.19	-166.15	-446.341	-446.341
594	118.8	-360.672	-117.565	-478.237	-478.237
595	119	-402.756	-61.3626	-464.118	-464.118
596	119.2	-355.282	88.7634	-266.519	-266.519
597	119.4	-380.58	-140.475	-521.054	-521.054
598	119.6	-422.684	125.495	-297.188	-297.188
599	119.8	-339.386	-33.599	-372.985	-372.985
600	120	-301.049	-100.373	-401.421	-401.421
601	120.2	-370.733	-73.9254	-444.659	-444.659
602	120.4	-361.988	-87.8823	-449.871	-449.871
603	120.6	-289.654	-62.3031	-351.957	-351.957
604	120.8	-293.78	-122.67	-416.45	-416.45
605	121	-443.329	-57.3048	-500.634	-500.634
606	121.2	-411.999	-134.633	-546.632	-546.632
607	121.4	-463.918	-0.829	-464.747	-464.747
608	121.6	-504.684	130.702	-373.982	-373.982
609	121.8	-408.422	62.4367	-345.985	-345.985
610	122	-431.377	-122.177	-553.553	-553.553
611	122.2	-411.181	-104.345	-515.525	-515.525
612	122.4	-285.042	36.893	-248.149	-248.149
613	122.6	-429.261	72.96	-356.301	-356.301
614	122.8	-385.307	-161.384	-546.692	-546.692
615	123	-375.961	-77.4956	-453.456	-453.456
616	123.2	-306.585	-43.0063	-349.591	-349.591
617	123.4	-435.159	-174.313	-609.472	-609.472
618	123.6	-428.753	-133.277	-562.029	-562.029
619	123.8	-419.644	-58.5686	-478.212	-478.212
620	124	-366.724	-142.102	-508.826	-508.826
621	124.2	-368.493	-106.315	-474.807	-474.807
622	124.4	-492.88	83.9177	-408.962	-408.962
623	124.6	-459.478	231.09	-228.387	-228.387
624	124.8	-433.004	137.744	-295.259	-295.259
625	125	-494.364	207.445	-286.919	-286.919
626	125.2	-360.792	-108.493	-469.286	-469.286
627	125.4	-349.476	-93.8979	-443.374	-443.374
628	125.6	-335.506	13.9843	-321.522	-321.522
629	125.8	-282.349	9.6852	-272.664	-272.664
630	126	-250.757	-215.735	-466.492	-466.492
631	126.2	-288.354	-183.549	-471.904	-471.904
632	126.4	-338.826	-159.992	-498.818	-498.818
633	126.6	-386.042	-182.361	-568.403	-568.403
634	126.8	-382.518	-96.8402	-479.358	-479.358
635	127	-473.92	-120.859	-594.779	-594.779
636	127.2	-402.601	-154.225	-556.826	-556.826
637	127.4	-410.521	-4.432	-414.953	-414.953
638	127.6	-444.638	-106.76	-551.398	-551.398
639	127.8	-495.279	-109.39	-604.669	-604.669
640	128	-285.252	-150.176	-435.428	-435.428
641	128.2	-455.396	-74.7678	-530.164	-530.164
642	128.4	-466.334	154.018	-312.316	-312.316
643	128.6	-420.058	31.8986	-388.16	-388.16
644	128.8	-441.284	148.051	-293.233	-293.233
645	129	-452.666	48.1786	-404.487	-404.487
646	129.2	-500.356	54.9353	-445.421	-445.421
647	129.4	-489.611	110.347	-379.264	-379.264
648	129.6	-407.869	86.3807	-321.488	-321.488
649	129.8	-351.292	-155.793	-507.085	-507.085
650	130	-444.02	-124.879	-568.898	-568.898
651	130.2	-418.002	-23.0051	-441.007	-441.007
652	130.4	-337.017	-55.9828	-393	-393
653	130.6	-380.361	-27.8047	-408.166	-408.166
654	130.8	-406.33	-107.404	-513.734	-513.734
655	131	-321.255	23.542	-297.713	-297.713
656	131.2	-337.972	-83.234	-421.206	-421.206
657	131.4	-292.597	-137.051	-429.648	-429.648
658	131.6	-298.61	-97.6055	-396.216	-396.216
659	131.8	-310.44	-78.9827	-389.423	-389.423
660	132	-379.353	85.7845	-293.569	-293.569
661	132.2	-357.309	76.6932	-280.615	-280.615
662	132.4	-411.909	28.8176	-383.091	-383.091
663	132.6	-295.437	-214.144	-509.581	-509.581
664	132.8	-323.413	-190.697	-514.111	-514.111
665	133	-283.284	-97.2108	-380.495	-380.495
666	133.2	-311.046	-58.7473	-369.794	-369.794
667	133.4	-404.941	403.885	-1.0555	-1.0555
668	133.6	-345.818	29.8073	-316.011	-316.011
669	133.8	-283.467	-40.4605	-323.927	-323.927
670	134	-238.973	-113.106	-352.079	-352.079
671	134.2	-308.724	-103.043	-411.768	-411.768
672	134.4	-346.614	-178.024	-524.638	-524.638
673	134.6	-357.604	-229.852	-587.456	-587.456
674	134.8	-389.188	-72.0961	-461.284	-461.284
675	135	-431.67	63.5899	-368.08	-368.08
676	135.2	-450.023	-5.5962	-455.62	-455.62
677	135.4	-434.295	87.1743	-347.12	-347.12
678	135.6	-547.442	99.1054	-448.337	-448.337
679	135.8	-510.218	189.689	-320.529	-320.529
680	136	-487.557	9.3541	-478.202	-478.202
681	136.2	-582.785	7.0146	-575.771	-575.771
682	136.4	-497.652	83.672	-413.981	-413.981
683	136.6	-449.835	-71.8198	-521.655	-521.655
684	136.8	-504.103	285.788	-218.315	-218.315
685	137	-525.691	146.253	-379.438	-379.438
686	137.2	-515.75	227.555	-288.196	-288.196
687	137.4	-472.898	61.2249	-411.673	-411.673
688	137.6	-507.874	71.5322	-436.342	-436.342
689	137.8	-452.252	-90.3434	-542.595	-542.595
690	138	-524.174	13.3853	-510.789	-510.789
691	138.2	-597.922	196.443	-401.479	-401.479
692	138.4	-551.461	72.7802	-478.68	-478.68
693	138.6	-496.361	24.0974	-472.264	-472.264
694	138.8	-423.235	-165.196	-588.431	-588.431
695	139	-512.621	25.743	-486.878	-486.878
696	139.2	-406.479	-11.4508	-417.93	-417.93
697	139.4	-458.309	-170.076	-628.385	-628.385
698	139.6	-510.62	95.1075	-415.513	-415.513
699	139.8	-498.354	-10.3222	-508.677	-508.677
700	140	-514.989	-49.522	-564.511	-564.511
701	140.2	-514.728	-163.799	-678.527	-678.527
702	140.4	-561.895	-36.7835	-598.679	-598.679
703	140.6	-560.075	107.582	-452.493	-452.493
704	140.8	-559.213	352.256	-206.957	-206.957
705	141	-503.09	-82.8126	-585.903	-585.903
706	141.2	-471.289	-46.2946	-517.583	-517.583
707	141.4	-448.133	64.6994	-383.433	-383.433
708	141.6	-524.485	500.344	-24.1408	-24.1408
709	141.8	-476.055	336.159	-139.896	-139.896
710	142	-419.26	-53.6133	-472.874	-472.874
711	142.2	-473.476	104.897	-368.578	-368.578
712	142.4	-472.399	-103.486	-575.885	-575.885
713	142.6	-434.395	24.2758	-410.12	-410.12
714	142.8	-491.629	177.329	-314.3	-314.3
715	143	-488.476	157.823	-330.653	-330.653
716	143.2	-547.632	327.482	-220.15	-220.15
717	143.4	-487.712	-7.9043	-495.616	-495.616
718	143.6	-572.254	16.1341	-556.12	-556.12
719	143.8	-502.65	86.4509	-416.199	-416.199
720	144	-548.669	-19.6746	-568.343	-568.343
721	144.2	-551.912	-47.6908	-599.603	-599.603
722	144.4	-448.49	87.3996	-361.09	-361.09
723	144.6	-399.217	-3.8302	-403.047	-403.047
724	144.8	-463.107	31.0412	-432.066	-432.066
725	145	-553.917	93.2969	-460.62	-460.62
726	145.2	-471.894	80.0748	-391.819	-391.819
727	145.4	-539.995	192.104	-347.891	-347.891
728	145.6	-477.047	216.524	-260.523	-260.523
729	145.8	-535.539	-46.4488	-581.987	-581.987
730	146	-508.242	-53.7047	-561.947	-561.947
731	146.2	-443.59	-17.9283	-461.518	-461.518
732	146.4	-483.629	10.9877	-472.641	-472.641
733	146.6	-525.995	-60.0046	-585.999	-585.999
734	146.8	-469.276	-60.9737	-530.25	-530.25
735	147	-387.184	-95.6425	-482.826	-482.826
736	147.2	-427.678	344.03	-83.6476	-83.6476
737	147.4	-418.724	-6.3431	-425.067	-425.067
738	147.6	-468.065	162.024	-306.04	-306.04
739	147.8	-368.285	-47.9292	-416.214	-416.214
740	148	-511.812	92.8185	-418.993	-418.993
741	148.2	-438.149	-10.8665	-449.015	-449.015
742	148.4	-428.357	120.864	-307.493	-307.493
743	148.6	-380.303	-49.4686	-429.772	-429.772
744	148.8	-344.337	-182.118	-526.455	-526.455
745	149	-321.346	32.4435	-288.902	-288.902
746	149.2	-382.322	7.6997	-374.623	-374.623
747	149.4	-359.996	-42.3072	-402.304	-402.304
748	149.6	-375.319	14.8086	-360.51	-360.51
749	149.8	-366.815	-13.2638	-380.079	-380.079
750	150	-399.192	38.5783	-360.614	-360.614
751	150.2	-425.896	-86.635	-512.531	-512.531
752	150.4	-407.077	-106.356	-513.433	-513.433
753	150.6	-417.413	0.4114	-417.002	-417.002
754	150.8	-460.872	17.279	-443.593	-443.593
755	151	-450.181	96.415	-353.766	-353.766
756	151.2	-500.021	58.2239	-441.798	-441.798
757	151.4	-470.506	123.65	-346.856	-346.856
758	151.6	-537.409	-109.67	-647.079	-647.079
759	151.8	-481.508	257.119	-224.389	-224.389
760	152	-453.82	-140.528	-594.348	-594.348
761	152.2	-377.536	-163.916	-541.452	-541.452
762	152.4	-515.643	-137.466	-653.109	-653.109
763	152.6	-393.965	418.594	24.6286	24.6286
764	152.8	-446.132	47.3421	-398.79	-398.79
765	153	-389.843	-71.5277	-461.371	-461.371
766	153.2	-405.646	-205.847	-611.493	-611.493
767	153.4	-425.284	-61.0249	-486.309	-486.309
768	153.6	-465.217	61.2812	-403.936	-403.936
769	153.8	-429.326	63.1424	-366.184	-366.184
770	154	-474.334	129.921	-344.412	-344.412
771	154.2	-485.743	12.1425	-473.6	-473.6
772	154.4	-474.172	31.3676	-442.804	-442.804
773	154.6	-406.056	127.79	-278.266	-278.266
774	154.8	-482.825	19.8194	-463.005	-463.005
775	155	-420.168	76.2104	-343.957	-343.957
776	155.2	-512.551	100.937	-411.614	-411.614
777	155.4	-481.796	45.7281	-436.068	-436.068
778	155.6	-472.665	65.0406	-407.625	-407.625
779	155.8	-440.109	-181.635	-621.744	-621.744
780	156	-505.89	-85.2033	-591.093	-591.093
781	156.2	-428.873	-91.2208	-520.094	-520.094
782	156.4	-471.818	-29.2469	-501.065	-501.065
783	156.6	-490.485	68.7863	-421.698	-421.698
784	156.8	-475.325	173.15	-302.174	-302.174
785	157	-513.782	306.768	-207.014	-207.014
786	157.2	-582.594	302.749	-279.845	-279.845
787	157.4	-593.46	-0.1554	-593.616	-593.616
788	157.6	-572.959	187.218	-385.741	-385.741
789	157.8	-476.685	9.4079	-467.277	-467.277
790	158	-487.505	-148.238	-635.742	-635.742
791	158.2	-508.879	-132.494	-641.372	-641.372
792	158.4	-531.247	-15.4733	-546.721	-546.721
793	158.6	-568.812	-148.58	-717.392	-717.392
794	158.8	-476.807	-25.7663	-502.573	-502.573
795	159	-547.011	209.928	-337.083	-337.083
796	159.2	-577.747	17.1679	-560.579	-560.579
797	159.4	-530.974	-22.6158	-553.59	-553.59
798	159.6	-534.048	165.317	-368.731	-368.731
799	159.8	-494.969	147.85	-347.119	-347.119
800	160	-446.591	-157.628	-604.219	-604.219
801	160.2	-548.184	138.805	-409.38	-409.38
802	160.4	-605.881	-3.8518	-609.733	-609.733
803	160.6	-485.34	-100.396	-585.736	-585.736
804	160.8	-503.491	29.4175	-474.074	-474.074
805	161	-455.073	-13.5119	-468.585	-468.585
806	161.2	-368.78	55.7802	-313	-313
807	161.4	-454.852	25.273	-429.579	-429.579
808	161.6	-413.493	-172.777	-586.271	-586.271
809	161.8	-459.507	-100.959	-560.465	-560.465
810	162	-431.791	61.8141	-369.977	-369.977
811	162.2	-461.149	-31.937	-493.086	-493.086
812	162.4	-384.075	88.334	-295.741	-295.741
813	162.6	-457.698	-37.0272	-494.725	-494.725
814	162.8	-447.847	-46.8374	-494.684	-494.684
815	163	-453.542	104.126	-349.416	-349.416
816	163.2	-413.093	97.335	-315.758	-315.758
817	163.4	-466.884	-7.026	-473.91	-473.91
818	163.6	-521.907	119.626	-402.281	-402.281
819	163.8	-536.213	122.038	-414.175	-414.175
820	164	-493.107	93.8286	-399.278	-399.278
821	164.2	-402.711	-126.397	-529.108	-529.108
822	164.4	-465.32	-61.5782	-526.898	-526.898
823	164.6	-423.972	296.44	-127.533	-127.533
824	164.8	-518.742	-26.9166	-545.658	-545.658
825	165	-477.935	103.316	-374.619	-374.619
826	165.2	-512.707	-7.3344	-520.041	-520.041
827	165.4	-378.628	-65.7788	-444.406	-444.406
828	165.6	-445.686	-68.1098	-513.796	-513.796
829	165.8	-442.636	120.902	-321.734	-321.734
830	166	-382.312	-14.6503	-396.962	-396.962
831	166.2	-466.374	32.4138	-433.96	-433.96
832	166.4	-435.271	-59.0613	-494.332	-494.332
833	166.6	-511.511	61.1547	-450.356	-450.356
834	166.8	-523.962	-153.111	-677.073	-677.073
835	167	-500.493	-113.985	-614.477	-614.477
836	167.2	-501.004	-109.502	-610.506	-610.506
837	167.4	-449.549	-180.865	-630.414	-630.414
838	167.6	-464.891	-57.0862	-521.977	-521.977
839	167.8	-511.008	-72.4039	-583.412	-583.412
840	168	-497.26	-173.978	-671.237	-671.237
841	168.2	-587.976	15.7007	-572.276	-572.276
842	168.4	-514.673	271.487	-243.186	-243.186
843	168.6	-595.166	-78.9165	-674.083	-674.083
844	168.8	-616.385	309.861	-306.524	-306.524
845	169	-622.878	154.203	-468.675	-468.675
846	169.2	-617.055	-96.5255	-713.581	-713.581
847	169.4	-622.043	-12.6267	-634.67	-634.67
848	169.6	-562.545	25.1418	-537.404	-537.404
849	169.8	-448.595	-99.7702	-548.365	-548.365
850	170	-444.983	-109.896	-554.879	-554.879
851	170.2	-524.097	-14.7777	-538.875	-538.875
852	170.4	-505.39	330.181	-175.209	-175.209
853	170.6	-426.892	189.01	-237.882	-237.882
854	170.8	-477.719	53.992	-423.727	-423.727
855	171	-468.219	-4.6303	-472.849	-472.849
856	171.2	-484.34	4.9888	-479.351	-479.351
857	171.4	-471.808	68.4444	-403.364	-403.364
858	171.6	-393.106	-107.05	-500.156	-500.156
859	171.8	-491.26	21.1616	-470.099	-470.099
860	172	-453.627	192.689	-260.938	-260.938
861	172.2	-497.072	208.65	-288.422	-288.422
862	172.4	-390.968	202.251	-188.717	-188.717
863	172.6	-483.329	205.889	-277.44	-277.44
864	172.8	-459.435	83.4747	-375.96	-375.96
865	173	-414.275	309.005	-105.27	-105.27
866	173.2	-404.844	157.396	-247.448	-247.448
867	173.4	-379.139	111.803	-267.336	-267.336
868	173.6	-374.65	306.238	-68.4116	-68.4116
869	173.8	-496.576	144.739	-351.837	-351.837
870	174	-437.629	207.56	-230.069	-230.069
871	174.2	-556.188	426.726	-129.462	-129.462
872	174.4	-503.818	189.498	-314.32	-314.32
873	174.6	-490.059	166.133	-323.927	-323.927
874	174.8	-479.056	-14.9795	-494.035	-494.035
875	175	-484.085	179.469	-304.616	-304.616
876	175.2	-547.555	439.471	-108.084	-108.084
877	175.4	-413.949	-0.8659	-414.815	-414.815
878	175.6	-437.919	114.003	-323.916	-323.916
879	175.8	-461.107	208.626	-252.481	-252.481
880	176	-517.99	364.949	-153.041	-153.041
881	176.2	-487.224	150.901	-336.322	-336.322
882	176.4	-489.346	5.9378	-483.409	-483.409
883	176.6	-578.776	260.662	-318.114	-318.114
884	176.8	-535.856	71.7244	-464.132	-464.132
885	177	-473.87	108.399	-365.471	-365.471
886	177.2	-513.236	344.65	-168.586	-168.586
887	177.4	-507.778	89.7729	-418.005	-418.005
888	177.6	-476.459	-51.6854	-528.144	-528.144
889	177.8	-507.087	42.8949	-464.192	-464.192
890	178	-493.517	56.9265	-436.591	-436.591
891	178.2	-497.509	258.102	-239.408	-239.408
892	178.4	-486.007	150.661	-335.346	-335.346
893	178.6	-592.878	200.476	-392.402	-392.402
894	178.8	-478.536	189.381	-289.155	-289.155
895	179	-482.43	111.523	-370.907	-370.907
896	179.2	-421.667	-22.6775	-444.344	-444.344
897	179.4	-382.745	-167.71	-550.455	-550.455
898	179.6	-383.411	-94.8839	-478.295	-478.295
899	179.8	-460.009	124.488	-335.522	-335.522
900	180	-344.121	-57.9554	-402.076	-402.076
901	180.2	-411.329	-69.7565	-481.086	-481.086
902	180.4	-511.811	-21.9732	-533.784	-533.784
903	180.6	-614.82	82.2981	-532.522	-532.522
904	180.8	-553.301	113.53	-439.772	-439.772
905	181	-539.145	-58.1417	-597.287	-597.287
906	181.2	-527.281	196.171	-331.111	-331.111
907	181.4	-626.693	102.726	-523.967	-523.967
908	181.6	-508.012	81.5417	-426.471	-426.471
909	181.8	-544.215	-65.1677	-609.382	-609.382
910	182	-557.896	561.163	3.2672	3.2672
911	182.2	-607.753	335.253	-272.5	-272.5
912	182.4	-611.862	-53.487	-665.349	-665.349
913	182.6	-550.469	328.282	-222.187	-222.187
914	182.8	-481.742	-46.5372	-528.279	-528.279
915	183	-457.278	-28.2901	-485.568	-485.568
916	183.2	-474.854	-73.4638	-548.318	-548.318
917	183.4	-474.377	150.124	-324.253	-324.253
918	183.6	-497.218	85.494	-411.724	-411.724
919	183.8	-426.867	10.9393	-415.928	-415.928
920	184	-504.419	-50.691	-555.11	-555.11
921	184.2	-395.658	16.7125	-378.946	-378.946
922	184.4	-369.415	147.571	-221.844	-221.844
923	184.6	-388.448	50.5579	-337.89	-337.89
924	184.8	-375.708	-86.2348	-461.942	-461.942
925	185	-405.969	-105.925	-511.894	-511.894
926	185.2	-382.314	-151.982	-534.296	-534.296
927	185.4	-376.716	5.8569	-370.86	-370.86
928	185.6	-435.539	37.5727	-397.966	-397.966
929	185.8	-410.124	-121.617	-531.741	-531.741
930	186	-402.007	-147.147	-549.154	-549.154
931	186.2	-374.351	75.3731	-298.978	-298.978
932	186.4	-392.319	-42.3029	-434.622	-434.622
933	186.6	-307.943	-231.851	-539.794	-539.794
934	186.8	-304.855	-127.346	-432.2	-432.2
935	187	-381.268	-206.392	-587.661	-587.661
936	187.2	-393.761	-187.72	-581.481	-581.481
937	187.4	-449.81	-209.445	-659.256	-659.256
938	187.6	-499.449	-129.362	-628.811	-628.811
939	187.8	-348.552	-165.443	-513.995	-513.995
940	188	-402.104	-50.7392	-452.843	-452.843
941	188.2	-477.408	-99.3615	-576.769	-576.769
942	188.4	-520.586	-168.693	-689.28	-689.28
943	188.6	-436.063	66.5171	-369.546	-369.546
944	188.8	-375.726	-164.948	-540.674	-540.674
945	189	-378.754	-186.236	-564.989	-564.989
946	189.2	-337.39	-131.848	-469.237	-469.237
947	189.4	-364.411	-146.995	-511.406	-511.406
948	189.6	-431.127	-190.221	-621.348	-621.348
949	189.8	-346.678	-97.908	-444.586	-444.586
950	190	-336.947	-177.075	-514.021	-514.021
951	190.2	-328.592	-156.808	-485.4	-485.4
952	190.4	-326.502	-213.592	-540.094	-540.094
953	190.6	-418.647	-129.791	-548.438	-548.438
954	190.8	-320.286	-207.535	-527.82	-527.82
955	191	-403.789	-82.5217	-486.311	-486.311
956	191.2	-391.813	-149.394	-541.207	-541.207
957	191.4	-296.568	-196.157	-492.726	-492.726
958	191.6	-316.095	-236.033	-552.128	-552.128
959	191.8	-316.5	-236.289	-552.789	-552.789
960	192	-316.679	-248.291	-564.97	-564.97
961	192.2	-357.223	-67.1314	-424.354	-424.354
962	192.4	-457.06	123.139	-333.921	-333.921
963	192.6	-410.236	163.207	-247.029	-247.029
964	192.8	-358.547	44.2125	-314.335	-314.335
965	193	-384.942	-61.4736	-446.416	-446.416
966	193.2	-432.726	238.498	-194.228	-194.228
967	193.4	-460.516	356.377	-104.139	-104.139
968	193.6	-438.42	-83.2536	-521.674	-521.674
969	193.8	-357.27	392.62	35.3502	35.3502
970	194	-388.781	-98.0035	-486.784	-486.784
971	194.2	-439.843	88.7749	-351.068	-351.068
972	194.4	-402.67	-105.883	-508.553	-508.553
973	194.6	-503.51	-11.0697	-514.579	-514.579
974	194.8	-498.733	43.515	-455.218	-455.218
975	195	-429.096	232.957	-196.139	-196.139
976	195.2	-399.438	153.676	-245.762	-245.762
977	195.4	-338.959	-46.5848	-385.544	-385.544
978	195.6	-373.961	-30.6069	-404.567	-404.567
979	195.8	-412.565	27.9668	-384.599	-384.599
980	196	-412.2	107.284	-304.916	-304.916
981	196.2	-522.777	-21.9395	-544.717	-544.717
982	196.4	-485.42	95.7006	-389.719	-389.719
983	196.6	-501.255	407.459	-93.7955	-93.7955
984	196.8	-486.268	268.246	-218.022	-218.022
985	197	-478.005	309.964	-168.041	-168.041
986	197.2	-511.463	405.243	-106.22	-106.22
987	197.4	-448.519	187.785	-260.734	-260.734
988	197.6	-478.445	-56.3612	-534.806	-534.806
989	197.8	-451.887	64.8379	-387.05	-387.05
990	198	-427.219	139.317	-287.901	-287.901
991	198.2	-421.482	91.5881	-329.894	-329.894
992	198.4	-364.531	83.6974	-280.834	-280.834
993	198.6	-381.661	176.686	-204.974	-204.974
994	198.8	-430.567	337.269	-93.298	-93.298
995	199	-409.419	-18.8129	-428.232	-428.232
996	199.2	-352.878	67.73	-285.148	-285.148
997	199.4	-343.683	-23.6679	-367.351	-367.351
998	199.6	-434.392	461.353	26.9614	26.9614
999	199.8	-413.715	124.847	-288.868	-288.868
1000	200	-457.617	26.9955	-430.622	-430.622
1001	200.2	-410.84	43.7118	-367.128	-367.128
1002	200.4	-422.325	82.593	-339.732	-339.732
1003	200.6	-396.662	303.164	-93.4983	-93.4983
1004	200.8	-351.36	37.7385	-313.622	-313.622
1005	201	-389.965	1.4238	-388.541	-388.541
1006	201.2	-343.505	-39.9196	-383.425	-383.425
1007	201.4	-271.91	-137.679	-409.589	-409.589
1008	201.6	-338.772	-53.3401	-392.113	-392.113
1009	201.8	-401.807	-15.7776	-417.585	-417.585
1010	202	-408.056	226.324	-181.732	-181.732
1011	202.2	-355.84	77.6824	-278.157	-278.157
1012	202.4	-432.222	68.7276	-363.494	-363.494
1013	202.6	-477.448	6.9927	-470.456	-470.456
1014	202.8	-392.24	52.9474	-339.293	-339.293
1015	203	-374.662	-57.6199	-432.282	-432.282
1016	203.2	-434.988	85.5875	-349.4	-349.4
1017	203.4	-385.515	-68.7427	-454.257	-454.257
1018	203.6	-430.105	-94.1329	-524.238	-524.238
1019	203.8	-383.592	-88.4339	-472.026	-472.026
1020	204	-350.614	-112.043	-462.657	-462.657
1021	204.2	-316.023	-68.4902	-384.514	-384.514
1022	204.4	-361.06	-95.9479	-457.008	-457.008
1023	204.6	-341.637	-108.026	-449.663	-449.663
1024	204.8	-412.412	-66.4566	-478.869	-478.869
1025	205	-430.235	107.771	-322.464	-322.464
1026	205.2	-400.788	-45.7832	-446.572	-446.572
1027	205.4	-481.767	42.9824	-438.785	-438.785
1028	205.6	-387.712	144.016	-243.696	-243.696
1029	205.8	-446.154	61.8956	-384.259	-384.259
1030	206	-471.573	26.2565	-445.317	-445.317
1031	206.2	-416.381	-14.9211	-431.302	-431.302
1032	206.4	-505.524	78.9255	-426.598	-426.598
1033	206.6	-439.092	152.966	-286.125	-286.125
1034	206.8	-405.854	-80.3151	-486.169	-486.169
1035	207	-425.707	-121.231	-546.938	-546.938
1036	207.2	-453.508	17.3597	-436.149	-436.149
1037	207.4	-444.416	-26.6593	-471.075	-471.075
1038	207.6	-393.515	217.799	-175.716	-175.716
1039	207.8	-432.227	45.5196	-386.707	-386.707
1040	208	-377.31	26.0892	-351.221	-351.221
1041	208.2	-404.266	95.5583	-308.708	-308.708
1042	208.4	-476.611	136.901	-339.71	-339.71
1043	208.6	-531.037	25.9597	-505.077	-505.077
1044	208.8	-496.542	107.391	-389.152	-389.152
1045	209	-580.95	-38.9922	-619.942	-619.942
1046	209.2	-469.704	214.892	-254.813	-254.813
1047	209.4	-608.167	199.719	-408.447	-408.447
1048	209.6	-528.94	305.325	-223.615	-223.615
1049	209.8	-589.211	156.036	-433.175	-433.175
1050	210	-477.006	216.085	-260.921	-260.921
1051	210.2	-426.155	315.537	-110.618	-110.618
1052	210.4	-446.28	223.164	-223.116	-223.116
1053	210.6	-493.244	17.2571	-475.987	-475.987
1054	210.8	-507.509	236.348	-271.161	-271.161
1055	211	-531.616	99.6986	-431.917	-431.917
1056	211.2	-465.719	-61.2727	-526.991	-526.991
1057	211.4	-530.474	215.027	-315.447	-315.447
1058	211.6	-476.943	87.3913	-389.551	-389.551
1059	211.8	-488.861	76.7479	-412.113	-412.113
1060	212	-514.367	253.841	-260.527	-260.527
1061	212.2	-462.15	-115.797	-577.947	-577.947
1062	212.4	-469.596	54.0614	-415.535	-415.535
1063	212.6	-433.206	-11.041	-444.247	-444.247
1064	212.8	-425.711	208.321	-217.39	-217.39
1065	213	-497.318	157.981	-339.337	-339.337
1066	213.2	-540.977	169.908	-371.069	-371.069
1067	213.4	-504.603	2.1158	-502.488	-502.488
1068	213.6	-471.655	-85.3558	-557.011	-557.011
1069	213.8	-508.529	102.873	-405.656	-405.656
1070	214	-494.921	-137.664	-632.585	-632.585
1071	214.2	-466.198	-62.1007	-528.298	-528.298
1072	214.4	-483.693	-80.774	-564.467	-564.467
1073	214.6	-420.559	59.3999	-361.159	-361.159
1074	214.8	-462.803	90.0766	-372.727	-372.727
1075	215	-459.982	50.8434	-409.138	-409.138
1076	215.2	-416.8	90.1616	-326.638	-326.638
1077	215.4	-393.045	-166.61	-559.655	-559.655
1078	215.6	-438.538	38.46	-400.078	-400.078
1079	215.8	-451.216	-28.7299	-479.946	-479.946
1080	216	-377.135	58.9981	-318.137	-318.137
1081	216.2	-386.106	-148.498	-534.603	-534.603
1082	216.4	-454.166	-38.5177	-492.683	-492.683
1083	216.6	-334.589	-55.144	-389.733	-389.733
1084	216.8	-307.786	24.5988	-283.187	-283.187
1085	217	-417.063	-79.1556	-496.218	-496.218
1086	217.2	-351.313	26.3869	-324.926	-324.926
1087	217.4	-342.167	-17.2828	-359.45	-359.45
1088	217.6	-420.52	69.3961	-351.124	-351.124
1089	217.8	-322.429	52.0712	-270.358	-270.358
1090	218	-391.711	79.3492	-312.362	-312.362
1091	218.2	-411.297	357.111	-54.1859	-54.1859
1092	218.4	-427.732	148.103	-279.629	-279.629
1093	218.6	-471.652	279.183	-192.469	-192.469
1094	218.8	-421.469	65.1737	-356.295	-356.295
1095	219	-372.718	83.8909	-288.827	-288.827
1096	219.2	-360.305	-89.4181	-449.724	-449.724
1097	219.4	-388.038	211.369	-176.669	-176.669
1098	219.6	-289.494	-41.6349	-331.129	-331.129
1099	219.8	-292.458	7.5713	-284.886	-284.886
1100	220	-305.018	-99.123	-404.141	-404.141
1101	220.2	-321.475	167.822	-153.654	-153.654
1102	220.4	-299.875	8.0331	-291.842	-291.842
1103	220.6	-358.473	103.887	-254.586	-254.586
1104	220.8	-471.92	81.7989	-390.121	-390.121
1105	221	-417.775	128.346	-289.43	-289.43
1106	221.2	-326.61	260.872	-65.7387	-65.7387
1107	221.4	-411.594	136.363	-275.231	-275.231
1108	221.6	-405.862	133.078	-272.784	-272.784
1109	221.8	-382.915	121.698	-261.217	-261.217
1110	222	-469.541	215.503	-254.038	-254.038
1111	222.2	-417.765	87.8829	-329.882	-329.882
1112	222.4	-400.397	243.363	-157.034	-157.034
1113	222.6	-410.521	278.048	-132.473	-132.473
1114	222.8	-407.602	393.52	-14.0818	-14.0818
1115	223	-358.667	142.376	-216.291	-216.291
1116	223.2	-401.251	309.625	-91.6257	-91.6257
1117	223.4	-403.505	246	-157.505	-157.505
1118	223.6	-439.695	392.462	-47.232	-47.232
1119	223.8	-511.591	238.437	-273.154	-273.154
1120	224	-471.51	45.6598	-425.85	-425.85
1121	224.2	-490.062	-6.9466	-497.008	-497.008
1122	224.4	-420.723	301.535	-119.188	-119.188
1123	224.6	-426.77	257	-169.77	-169.77
1124	224.8	-471.247	298.662	-172.586	-172.586
1125	225	-361.606	109.574	-252.032	-252.032
1126	225.2	-359.854	-31.9937	-391.847	-391.847
1127	225.4	-357.449	155.817	-201.632	-201.632
1128	225.6	-433.149	3.7463	-429.402	-429.402
1129	225.8	-375.407	-81.3883	-456.795	-456.795
1130	226	-432.285	135.022	-297.262	-297.262
1131	226.2	-419.168	226.209	-192.958	-192.958
1132	226.4	-479.604	404.591	-75.0135	-75.0135
1133	226.6	-437.962	156.582	-281.38	-281.38
1134	226.8	-459.989	202.167	-257.822	-257.822
1135	227	-415.271	-1.7484	-417.019	-417.019
1136	227.2	-422.543	238.746	-183.797	-183.797
1137	227.4	-468.235	53.2651	-414.97	-414.97
1138	227.6	-451.638	166.183	-285.455	-285.455
1139	227.8	-373.482	166.763	-206.719	-206.719
1140	228	-414.307	102.4	-311.908	-311.908
1141	228.2	-372.745	152.17	-220.575	-220.575
1142	228.4	-378.151	44.9849	-333.166	-333.166
1143	228.6	-390.882	276.967	-113.915	-113.915
1144	228.8	-404.631	-3.9508	-408.582	-408.582
1145	229	-329.163	45.8046	-283.359	-283.359
1146	229.2	-412.269	341.71	-70.5588	-70.5588
1147	229.4	-342.206	35.9649	-306.241	-306.241
1148	229.6	-324.093	93.2981	-230.795	-230.795
1149	229.8	-353.901	128.919	-224.982	-224.982
1150	230	-283.29	-14.1708	-297.461	-297.461
1151	230.2	-430.117	82.2839	-347.833	-347.833
1152	230.4	-331.052	-96.0996	-427.152	-427.152
1153	230.6	-363.579	53.0816	-310.498	-310.498
1154	230.8	-389.361	284.346	-105.016	-105.016
1155	231	-391.82	157.053	-234.766	-234.766
1156	231.2	-432.828	155.711	-277.117	-277.117
1157	231.4	-447.374	61.6699	-385.704	-385.704
1158	231.6	-427.73	84.6352	-343.095	-343.095
1159	231.8	-474.843	162.277	-312.567	-312.567
1160	232	-449.633	85.6819	-363.952	-363.952
1161	232.2	-429.471	238.932	-190.539	-190.539
1162	232.4	-501.733	249.224	-252.509	-252.509
1163	232.6	-495.662	101.388	-394.275	-394.275
1164	232.8	-533.385	294.851	-238.533	-238.533
1165	233	-531.437	272.875	-258.562	-258.562
1166	233.2	-469.322	174.972	-294.351	-294.351
1167	233.4	-492.632	192.297	-300.334	-300.334
1168	233.6	-510.696	181.872	-328.825	-328.825
1169	233.8	-553.504	250.732	-302.772	-302.772
1170	234	-528.011	192.061	-335.951	-335.951
1171	234.2	-585.249	466.835	-118.414	-118.414
1172	234.4	-431.62	219.161	-212.459	-212.459
1173	234.6	-519.963	483.651	-36.312	-36.312
1174	234.8	-546.579	229.536	-317.042	-317.042
1175	235	-432.221	353.275	-78.9457	-78.9457
1176	235.2	-524.326	101.264	-423.062	-423.062
1177	235.4	-524.205	65.8625	-458.343	-458.343
1178	235.6	-494.978	68.029	-426.949	-426.949
1179	235.8	-478.109	132.448	-345.66	-345.66
1180	236	-465.948	100.082	-365.866	-365.866
1181	236.2	-431.772	388.274	-43.4984	-43.4984
1182	236.4	-485.135	221.138	-263.997	-263.997
1183	236.6	-471.628	183.803	-287.824	-287.824
1184	236.8	-480.655	198.658	-281.998	-281.998
1185	237	-472.196	223.998	-248.197	-248.197
1186	237.2	-507.797	8.9991	-498.798	-498.798
1187	237.4	-541.759	264.897	-276.862	-276.862
1188	237.6	-601.383	304.916	-296.468	-296.468
1189	237.8	-629.861	111.751	-518.111	-518.111
1190	238	-647.742	197.126	-450.616	-450.616
1191	238.2	-673.856	444.548	-229.309	-229.309
1192	238.4	-624.459	83.1735	-541.285	-541.285
1193	238.6	-569.194	185.702	-383.493	-383.493
1194	238.8	-595.828	31.509	-564.319	-564.319
1195	239	-611.166	246.085	-365.081	-365.081
1196	239.2	-533.05	8.7925	-524.258	-524.258
1197	239.4	-593.197	275.672	-317.526	-317.526
1198	239.6	-545.104	218.791	-326.313	-326.313
1199	239.8	-545.87	313.754	-232.116	-232.116
1200	240	-541.573	805.768	264.195	264.195
1201	240.2	-593.916	420.483	-173.433	-173.433
1202	240.4	-473.586	357.051	-116.535	-116.535
1203	240.6	-512.949	445.885	-67.0644	-67.0644
