Frame	Time	Elec	VdW	Nonbond	Total
0	0	-202.626	13.7252	-188.9	-188.9
1	0.2	-205.755	-16.5205	-222.275	-222.275
2	0.4	-192.409	-32.369	-224.778	-224.778
3	0.6	-207.268	-50.5433	-257.811	-257.811
4	0.8	-239.982	153.763	-86.2188	-86.2188
5	1	-130.928	-30.2759	-161.204	-161.204
6	1.2	-170.334	20.0947	-150.24	-150.24
7	1.4	-133.81	-188.999	-322.808	-322.808
8	1.6	-290.595	317.929	27.3335	27.3335
9	1.8	-253.547	-99.4497	-352.997	-352.997
10	2	-244.809	66.1766	-178.632	-178.632
11	2.2	-238.953	278.598	39.6445	39.6445
12	2.4	-211.603	259.614	48.0117	48.0117
13	2.6	-251.86	8.8842	-242.976	-242.976
14	2.8	-219.579	-3.9741	-223.553	-223.553
15	3	-198.874	-27.3153	-226.189	-226.189
16	3.2	-206.917	-25.5923	-232.509	-232.509
17	3.4	-268.925	86.2689	-182.656	-182.656
18	3.6	-280.196	75.5626	-204.634	-204.634
19	3.8	-295.29	199.956	-95.3346	-95.3346
20	4	-302.868	129.496	-173.372	-173.372
21	4.2	-265.007	136.091	-128.916	-128.916
22	4.4	-209.062	8.0442	-201.017	-201.017
23	4.6	-236.989	-112.037	-349.026	-349.026
24	4.8	-214.375	-30.5747	-244.949	-244.949
25	5	-254.927	217.162	-37.7648	-37.7648
26	5.2	-222.977	15.0864	-207.89	-207.89
27	5.4	-243.677	113.242	-130.435	-130.435
28	5.6	-263.175	118.117	-145.058	-145.058
29	5.8	-219.086	76.0737	-143.012	-143.012
30	6	-232.795	302.753	69.958	69.958
31	6.2	-196.216	124.26	-71.9565	-71.9565
32	6.4	-270.754	76.6264	-194.128	-194.128
33	6.6	-206.515	134.063	-72.4527	-72.4527
34	6.8	-320.85	483.519	162.669	162.669
35	7	-345.575	59.8707	-285.704	-285.704
36	7.2	-269.126	120.119	-149.007	-149.007
37	7.4	-314.697	161.446	-153.251	-153.251
38	7.6	-326.999	438.667	111.668	111.668
39	7.8	-238.62	96.165	-142.455	-142.455
40	8	-189.738	17.7307	-172.007	-172.007
41	8.2	-226.868	-48.8894	-275.757	-275.757
42	8.4	-255.326	102.018	-153.309	-153.309
43	8.6	-369.853	373.759	3.9065	3.9065
44	8.8	-303	11.1288	-291.872	-291.872
45	9	-310.499	23.6174	-286.882	-286.882
46	9.2	-369.916	427.205	57.2897	57.2897
47	9.4	-319.408	-59.0577	-378.466	-378.466
48	9.6	-287.193	-2.0458	-289.239	-289.239
49	9.8	-292.449	226.929	-65.5203	-65.5203
50	10	-278.791	169.215	-109.576	-109.576
51	10.2	-334.342	546.74	212.398	212.398
52	10.4	-324.796	114	-210.797	-210.797
53	10.6	-300.473	197.964	-102.51	-102.51
54	10.8	-294.852	-20.4979	-315.35	-315.35
55	11	-376.919	48.4667	-328.452	-328.452
56	11.2	-400.301	-73.373	-473.674	-473.674
57	11.4	-364.172	-86.3495	-450.522	-450.522
58	11.6	-315.587	121.089	-194.498	-194.498
59	11.8	-347.543	374.791	27.2485	27.2485
60	12	-395.364	-38.8203	-434.184	-434.184
61	12.2	-416.339	43.9893	-372.349	-372.349
62	12.4	-372.902	129.034	-243.868	-243.868
63	12.6	-435.78	155.952	-279.828	-279.828
64	12.8	-417.457	219.692	-197.765	-197.765
65	13	-363.79	344.42	-19.3699	-19.3699
66	13.2	-361.822	202.344	-159.479	-159.479
67	13.4	-423.425	278.012	-145.413	-145.413
68	13.6	-545.927	240.773	-305.154	-305.154
69	13.8	-477.485	372.127	-105.357	-105.357
70	14	-409.55	71.7615	-337.789	-337.789
71	14.2	-426.047	226.594	-199.453	-199.453
72	14.4	-395.775	100.846	-294.929	-294.929
73	14.6	-343.617	24.1903	-319.427	-319.427
74	14.8	-419.102	497.43	78.328	78.328
75	15	-369.937	214.039	-155.898	-155.898
76	15.2	-265.558	11.6719	-253.886	-253.886
77	15.4	-355.84	365.853	10.013	10.013
78	15.6	-343.357	356.976	13.6193	13.6193
79	15.8	-441.244	421.78	-19.4635	-19.4635
80	16	-423.84	298.427	-125.413	-125.413
81	16.2	-400.941	258.663	-142.278	-142.278
82	16.4	-362.62	36.8462	-325.773	-325.773
83	16.6	-352.916	70.0877	-282.829	-282.829
84	16.8	-359.356	1082.63	723.277	723.277
85	17	-336.486	415.454	78.968	78.968
86	17.2	-368.853	-3.0545	-371.908	-371.908
87	17.4	-305.833	-13.2464	-319.08	-319.08
88	17.6	-322.278	317.088	-5.1895	-5.1895
89	17.8	-281.87	77.6281	-204.242	-204.242
90	18	-387.433	215.94	-171.493	-171.493
91	18.2	-354.397	257.489	-96.9079	-96.9079
92	18.4	-357.176	132.484	-224.691	-224.691
93	18.6	-354.313	282.302	-72.0116	-72.0116
94	18.8	-362.614	337.934	-24.6807	-24.6807
95	19	-419.605	298.827	-120.778	-120.778
96	19.2	-393.603	220.827	-172.776	-172.776
97	19.4	-347.242	187.181	-160.061	-160.061
98	19.6	-412.681	-71.3917	-484.073	-484.073
99	19.8	-397.909	249.407	-148.502	-148.502
100	20	-365.734	92.6799	-273.054	-273.054
101	20.2	-396.804	201.338	-195.466	-195.466
102	20.4	-386.617	84.8554	-301.761	-301.761
103	20.6	-378.516	271.419	-107.096	-107.096
104	20.8	-318.535	294.506	-24.0296	-24.0296
105	21	-377.563	84.266	-293.296	-293.296
106	21.2	-328.257	86.1962	-242.06	-242.06
107	21.4	-398.604	144.669	-253.935	-253.935
108	21.6	-377.589	111.486	-266.103	-266.103
109	21.8	-355.893	-89.7724	-445.665	-445.665
110	22	-415.811	425.946	10.135	10.135
111	22.2	-407.907	551.853	143.947	143.947
112	22.4	-329.062	230.883	-98.1784	-98.1784
113	22.6	-378.357	-19.0289	-397.386	-397.386
114	22.8	-376.701	-8.0474	-384.748	-384.748
115	23	-331.678	59.7155	-271.962	-271.962
116	23.2	-392.789	20.0517	-372.737	-372.737
117	23.4	-340.605	285.677	-54.9283	-54.9283
118	23.6	-332.897	305.605	-27.2919	-27.2919
119	23.8	-315.279	-4.675	-319.954	-319.954
120	24	-309.225	138.145	-171.08	-171.08
121	24.2	-280.448	143.922	-136.526	-136.526
122	24.4	-196.083	-136.285	-332.368	-332.368
123	24.6	-209.127	109.739	-99.388	-99.388
124	24.8	-208.11	96.8709	-111.239	-111.239
125	25	-242.974	-120.322	-363.296	-363.296
126	25.2	-234.619	167.993	-66.6259	-66.6259
127	25.4	-266.223	137.051	-129.172	-129.172
128	25.6	-308.344	-52.8616	-361.206	-361.206
129	25.8	-374.886	141.906	-232.98	-232.98
130	26	-321.438	-56.5247	-377.963	-377.963
131	26.2	-343.837	64.3246	-279.513	-279.513
132	26.4	-252.966	-17.1621	-270.128	-270.128
133	26.6	-298.853	-78.7549	-377.608	-377.608
134	26.8	-331.651	4.1832	-327.467	-327.467
135	27	-244.313	34.1479	-210.165	-210.165
136	27.2	-286.986	-89.64	-376.626	-376.626
137	27.4	-311.37	-53.8881	-365.258	-365.258
138	27.6	-382.046	-117.234	-499.279	-499.279
139	27.8	-386.528	-16.7738	-403.302	-403.302
140	28	-382.919	197.889	-185.03	-185.03
141	28.2	-274.494	-98.1616	-372.656	-372.656
142	28.4	-332.087	179.942	-152.146	-152.146
143	28.6	-265.885	91.0403	-174.845	-174.845
144	28.8	-223.775	-71.4022	-295.178	-295.178
145	29	-267.362	-10.4896	-277.852	-277.852
146	29.2	-220.423	-108.637	-329.059	-329.059
147	29.4	-241.001	-62.2266	-303.228	-303.228
148	29.6	-258.914	66.5737	-192.34	-192.34
149	29.8	-277.104	6.5972	-270.507	-270.507
150	30	-370.055	123.607	-246.447	-246.447
151	30.2	-343.318	4.499	-338.819	-338.819
152	30.4	-257.319	54.1476	-203.171	-203.171
153	30.6	-299.529	123.165	-176.364	-176.364
154	30.8	-300.285	95.8531	-204.432	-204.432
155	31	-276.037	-29.4745	-305.511	-305.511
156	31.2	-289.669	-26.1384	-315.808	-315.808
157	31.4	-230.995	25.4758	-205.52	-205.52
158	31.6	-221.195	-53.1594	-274.354	-274.354
159	31.8	-244.97	-66.7905	-311.761	-311.761
160	32	-284.972	71.8828	-213.09	-213.09
161	32.2	-290.8	140.553	-150.247	-150.247
162	32.4	-331.222	215.891	-115.331	-115.331
163	32.6	-329.459	70.8135	-258.646	-258.646
164	32.8	-356.269	40.8199	-315.449	-315.449
165	33	-316.834	17.1937	-299.64	-299.64
166	33.2	-278.65	2.4082	-276.242	-276.242
167	33.4	-302.132	-44.1461	-346.279	-346.279
168	33.6	-298.587	6.9659	-291.621	-291.621
169	33.8	-355.717	258.368	-97.3495	-97.3495
170	34	-312.381	-37.0265	-349.407	-349.407
171	34.2	-342.252	197.003	-145.249	-145.249
172	34.4	-322.248	202.974	-119.273	-119.273
173	34.6	-334.654	154.823	-179.83	-179.83
174	34.8	-262.447	215.239	-47.2084	-47.2084
175	35	-336.494	82.0642	-254.43	-254.43
176	35.2	-311.149	76.1256	-235.023	-235.023
177	35.4	-305.388	208.661	-96.7269	-96.7269
178	35.6	-296.737	162.569	-134.168	-134.168
179	35.8	-333.799	173.896	-159.903	-159.903
180	36	-404.86	475.182	70.3224	70.3224
181	36.2	-368.418	108.635	-259.783	-259.783
182	36.4	-402.803	285.755	-117.048	-117.048
183	36.6	-417.544	105.942	-311.602	-311.602
184	36.8	-411.32	258.038	-153.283	-153.283
185	37	-318.336	322.98	4.6437	4.6437
186	37.2	-325.654	219.796	-105.859	-105.859
187	37.4	-385.901	10.7887	-375.113	-375.113
188	37.6	-439.933	213.519	-226.415	-226.415
189	37.8	-399.922	140.067	-259.855	-259.855
190	38	-378.438	427.775	49.337	49.337
191	38.2	-381.649	312.822	-68.8278	-68.8278
192	38.4	-339.237	332.031	-7.2057	-7.2057
193	38.6	-320.958	104.072	-216.886	-216.886
194	38.8	-390.275	200.604	-189.671	-189.671
195	39	-328.859	2.2896	-326.57	-326.57
196	39.2	-360.355	123.625	-236.73	-236.73
197	39.4	-352.333	120.486	-231.847	-231.847
198	39.6	-352.205	247.279	-104.925	-104.925
199	39.8	-362.22	134.522	-227.698	-227.698
200	40	-386.628	258.853	-127.775	-127.775
201	40.2	-390.05	133.947	-256.103	-256.103
202	40.4	-378.122	249.393	-128.728	-128.728
203	40.6	-453.85	121.321	-332.529	-332.529
204	40.8	-397.754	251.136	-146.618	-146.618
205	41	-372.4	81.2557	-291.144	-291.144
206	41.2	-363.063	-46.8561	-409.919	-409.919
207	41.4	-456.416	47.2577	-409.158	-409.158
208	41.6	-449.159	309.097	-140.062	-140.062
209	41.8	-394.926	342.766	-52.1605	-52.1605
210	42	-366.115	-7.8486	-373.964	-373.964
211	42.2	-377.81	151.08	-226.73	-226.73
212	42.4	-426.224	205.418	-220.806	-220.806
213	42.6	-375.952	246.476	-129.476	-129.476
214	42.8	-377.07	327.781	-49.289	-49.289
215	43	-388.31	53.4043	-334.906	-334.906
216	43.2	-382.67	160.416	-222.254	-222.254
217	43.4	-467.355	621.799	154.444	154.444
218	43.6	-387.086	488.153	101.067	101.067
219	43.8	-341.833	118.522	-223.311	-223.311
220	44	-347.643	232.699	-114.944	-114.944
221	44.2	-309.667	264.923	-44.7441	-44.7441
222	44.4	-321.722	148.244	-173.478	-173.478
223	44.6	-362.829	258.67	-104.159	-104.159
224	44.8	-370.468	63.2199	-307.248	-307.248
225	45	-309.661	349.784	40.1228	40.1228
226	45.2	-354.811	152.226	-202.584	-202.584
227	45.4	-357.693	164.808	-192.885	-192.885
228	45.6	-342.568	285.826	-56.742	-56.742
229	45.8	-307.632	205.831	-101.802	-101.802
230	46	-389.825	273.301	-116.524	-116.524
231	46.2	-299.19	33.2298	-265.961	-265.961
232	46.4	-275.065	209.735	-65.3305	-65.3305
233	46.6	-316.803	-61.931	-378.734	-378.734
234	46.8	-332.649	41.6444	-291.005	-291.005
235	47	-444.989	126.949	-318.04	-318.04
236	47.2	-383.282	187.492	-195.79	-195.79
237	47.4	-488	397.234	-90.7658	-90.7658
238	47.6	-482.437	144.946	-337.491	-337.491
239	47.8	-369.721	332.918	-36.8024	-36.8024
240	48	-413.059	285.695	-127.364	-127.364
241	48.2	-467.308	202.978	-264.329	-264.329
242	48.4	-432.463	83.0488	-349.414	-349.414
243	48.6	-422.102	452.034	29.9318	29.9318
244	48.8	-421.871	329.68	-92.1917	-92.1917
245	49	-455.977	143.649	-312.328	-312.328
246	49.2	-395.221	418.966	23.7447	23.7447
247	49.4	-411.031	491.945	80.9141	80.9141
248	49.6	-414.71	31.3402	-383.37	-383.37
249	49.8	-386.991	204.282	-182.709	-182.709
250	50	-421.543	143.207	-278.337	-278.337
251	50.2	-373.754	40.2605	-333.494	-333.494
252	50.4	-438.762	307.023	-131.739	-131.739
253	50.6	-395.598	47.7786	-347.82	-347.82
254	50.8	-414.95	95.5876	-319.363	-319.363
255	51	-406.627	519.123	112.495	112.495
256	51.2	-434.855	251.91	-182.945	-182.945
257	51.4	-452.277	227.186	-225.091	-225.091
258	51.6	-457.874	423.906	-33.9677	-33.9677
259	51.8	-412.913	75.8056	-337.107	-337.107
260	52	-379.14	217.493	-161.647	-161.647
261	52.2	-370.787	70.5642	-300.223	-300.223
262	52.4	-351.593	27.8778	-323.715	-323.715
263	52.6	-341.01	99.4716	-241.538	-241.538
264	52.8	-434.758	74.9267	-359.831	-359.831
265	53	-405.334	310.096	-95.2378	-95.2378
266	53.2	-410.753	246.256	-164.497	-164.497
267	53.4	-491.929	708.657	216.728	216.728
268	53.6	-423.947	237.846	-186.101	-186.101
269	53.8	-439.277	679.782	240.505	240.505
270	54	-424.836	343.817	-81.0189	-81.0189
271	54.2	-321.804	174.208	-147.596	-147.596
272	54.4	-268.416	303.967	35.5514	35.5514
273	54.6	-305.538	-32.3364	-337.874	-337.874
274	54.8	-340.088	157.582	-182.506	-182.506
275	55	-332.415	225.772	-106.643	-106.643
276	55.2	-351.863	358.503	6.6395	6.6395
277	55.4	-317.377	250.179	-67.1977	-67.1977
278	55.6	-360.367	216.742	-143.625	-143.625
279	55.8	-347.379	2.9154	-344.464	-344.464
280	56	-297.187	88.8065	-208.38	-208.38
281	56.2	-296.911	131.944	-164.967	-164.967
282	56.4	-376.963	215.85	-161.113	-161.113
283	56.6	-334.41	58.5723	-275.838	-275.838
284	56.8	-340.362	150.82	-189.542	-189.542
285	57	-277.25	-6.0745	-283.324	-283.324
286	57.2	-283.731	28.5043	-255.227	-255.227
287	57.4	-242.823	-23.9673	-266.79	-266.79
288	57.6	-261.107	144.06	-117.047	-117.047
289	57.8	-276.165	135.866	-140.299	-140.299
290	58	-289.132	41.5313	-247.601	-247.601
291	58.2	-350.405	139.808	-210.597	-210.597
292	58.4	-340.402	388.139	47.737	47.737
293	58.6	-397.868	305.561	-92.3069	-92.3069
294	58.8	-336.385	273.94	-62.4449	-62.4449
295	59	-327.578	108.852	-218.726	-218.726
296	59.2	-367.083	203.818	-163.265	-163.265
297	59.4	-331.379	147.554	-183.824	-183.824
298	59.6	-415.779	94.1069	-321.672	-321.672
299	59.8	-392.741	490.388	97.647	97.647
300	60	-382.776	532.331	149.555	149.555
301	60.2	-397.288	289.798	-107.489	-107.489
302	60.4	-357.794	234.111	-123.683	-123.683
303	60.6	-362.826	267.121	-95.7047	-95.7047
304	60.8	-338.255	378.985	40.7304	40.7304
305	61	-382.071	318.783	-63.2887	-63.2887
306	61.2	-337.669	449.269	111.6	111.6
307	61.4	-370.414	363.948	-6.4654	-6.4654
308	61.6	-433.047	354.945	-78.1029	-78.1029
309	61.8	-427.858	260.761	-167.097	-167.097
310	62	-431.965	452.305	20.3405	20.3405
311	62.2	-389.589	397.536	7.9469	7.9469
312	62.4	-287.344	85.3901	-201.954	-201.954
313	62.6	-261.426	157.273	-104.153	-104.153
314	62.8	-293.637	271.413	-22.2246	-22.2246
315	63	-349.042	143.766	-205.276	-205.276
316	63.2	-355.092	350.11	-4.9818	-4.9818
317	63.4	-333.666	406.307	72.6419	72.6419
318	63.6	-339.449	315.025	-24.4234	-24.4234
319	63.8	-309.537	-46.6805	-356.217	-356.217
320	64	-269.592	148.636	-120.956	-120.956
321	64.2	-270.057	21.0779	-248.979	-248.979
322	64.4	-262.334	388.533	126.199	126.199
323	64.6	-306.451	119.484	-186.967	-186.967
324	64.8	-345.376	391.774	46.3974	46.3974
325	65	-377.066	223.511	-153.555	-153.555
326	65.2	-306.978	81.9102	-225.067	-225.067
327	65.4	-366.342	609.176	242.833	242.833
328	65.6	-319.868	120.226	-199.642	-199.642
329	65.8	-347.236	267.636	-79.5997	-79.5997
330	66	-329.728	109.115	-220.612	-220.612
331	66.2	-306.59	-15.2392	-321.83	-321.83
332	66.4	-294.938	104.088	-190.85	-190.85
333	66.6	-352.309	213.13	-139.178	-139.178
334	66.8	-343.408	288.361	-55.047	-55.047
335	67	-387.494	241.174	-146.32	-146.32
336	67.2	-396.247	210.73	-185.517	-185.517
337	67.4	-401.771	259.722	-142.049	-142.049
338	67.6	-420.559	299.897	-120.662	-120.662
339	67.8	-428.912	282.463	-146.449	-146.449
340	68	-438.538	256.568	-181.971	-181.971
341	68.2	-452.351	590.721	138.37	138.37
342	68.4	-416.182	195.605	-220.577	-220.577
343	68.6	-438.515	511.332	72.8171	72.8171
344	68.8	-464.753	264.904	-199.849	-199.849
345	69	-463.906	274.3	-189.607	-189.607
346	69.2	-429.505	333.192	-96.3129	-96.3129
347	69.4	-477.691	472.536	-5.1555	-5.1555
348	69.6	-458.969	353.074	-105.894	-105.894
349	69.8	-390.857	304.445	-86.4122	-86.4122
350	70	-472.783	260.292	-212.491	-212.491
351	70.2	-410.966	344.51	-66.456	-66.456
352	70.4	-459.857	358.849	-101.008	-101.008
353	70.6	-415.799	261.39	-154.409	-154.409
354	70.8	-390.04	270.017	-120.023	-120.023
355	71	-388.686	-13.4082	-402.094	-402.094
356	71.2	-405.65	450.389	44.7383	44.7383
357	71.4	-393.302	161.468	-231.834	-231.834
358	71.6	-386.519	214.171	-172.348	-172.348
359	71.8	-381.536	378.787	-2.7494	-2.7494
360	72	-317.53	157.759	-159.772	-159.772
361	72.2	-311.003	117.917	-193.086	-193.086
362	72.4	-354.865	305.682	-49.1826	-49.1826
363	72.6	-416.587	250.766	-165.822	-165.822
364	72.8	-435.493	375.401	-60.092	-60.092
365	73	-328.176	594.59	266.414	266.414
366	73.2	-299.899	350.62	50.7212	50.7212
367	73.4	-289.432	138.857	-150.575	-150.575
368	73.6	-319.751	411.074	91.3224	91.3224
369	73.8	-329.139	253.517	-75.6222	-75.6222
370	74	-328.502	78.3629	-250.139	-250.139
371	74.2	-290.585	290.74	0.1551	0.1551
372	74.4	-336.262	140.031	-196.232	-196.232
373	74.6	-348.086	147.682	-200.405	-200.405
374	74.8	-388.056	186.043	-202.013	-202.013
375	75	-353.343	242.445	-110.898	-110.898
376	75.2	-368.765	179.694	-189.071	-189.071
377	75.4	-328.914	221.729	-107.185	-107.185
378	75.6	-363.859	465.92	102.06	102.06
379	75.8	-428.132	203.556	-224.575	-224.575
380	76	-435.153	296.504	-138.649	-138.649
381	76.2	-413.48	375.848	-37.6326	-37.6326
382	76.4	-369.816	278.349	-91.4664	-91.4664
383	76.6	-456.717	447.252	-9.4654	-9.4654
384	76.8	-480.212	419.705	-60.5068	-60.5068
385	77	-412.46	568.018	155.558	155.558
386	77.2	-408.032	332.995	-75.0367	-75.0367
387	77.4	-389.619	428.01	38.3912	38.3912
388	77.6	-454.735	362.34	-92.3947	-92.3947
389	77.8	-437.749	574.811	137.062	137.062
390	78	-441.674	274.738	-166.936	-166.936
391	78.2	-387.067	275.131	-111.936	-111.936
392	78.4	-472.18	217.337	-254.842	-254.842
393	78.6	-405.217	148.849	-256.367	-256.367
394	78.8	-478.083	517.565	39.4822	39.4822
395	79	-483.95	369.876	-114.074	-114.074
396	79.2	-456.664	434.822	-21.8427	-21.8427
397	79.4	-531.073	463.948	-67.1254	-67.1254
398	79.6	-453.186	167.542	-285.643	-285.643
399	79.8	-441.372	390.598	-50.7738	-50.7738
400	80	-516.387	231.61	-284.777	-284.777
401	80.2	-410.688	197.452	-213.236	-213.236
402	80.4	-362.911	182.084	-180.827	-180.827
403	80.6	-436.839	371.88	-64.9594	-64.9594
404	80.8	-434.526	314.271	-120.255	-120.255
405	81	-441.339	500.677	59.3382	59.3382
406	81.2	-411.58	573.677	162.097	162.097
407	81.4	-426.467	454.434	27.9674	27.9674
408	81.6	-421.584	409.159	-12.4256	-12.4256
409	81.8	-460.802	259.301	-201.502	-201.502
410	82	-450.146	461.72	11.574	11.574
411	82.2	-485.382	331.575	-153.807	-153.807
412	82.4	-458.866	621.059	162.193	162.193
413	82.6	-448.78	432.01	-16.7695	-16.7695
414	82.8	-390.798	235.991	-154.808	-154.808
415	83	-385.568	471.271	85.7026	85.7026
416	83.2	-364.243	401.785	37.5416	37.5416
417	83.4	-420.068	423.424	3.3558	3.3558
418	83.6	-443.189	427.693	-15.4964	-15.4964
419	83.8	-451.281	461.761	10.4794	10.4794
420	84	-448.9	613.78	164.88	164.88
421	84.2	-454.079	378.885	-75.1932	-75.1932
422	84.4	-437.938	294.5	-143.438	-143.438
423	84.6	-448.149	527.745	79.5963	79.5963
424	84.8	-450.721	496.832	46.1113	46.1113
425	85	-479.741	363.837	-115.904	-115.904
426	85.2	-376.878	552.963	176.085	176.085
427	85.4	-372.928	100.162	-272.767	-272.767
428	85.6	-356.79	167.118	-189.671	-189.671
429	85.8	-420.475	359.044	-61.4318	-61.4318
430	86	-414.195	379.193	-35.0015	-35.0015
431	86.2	-405.967	579.572	173.605	173.605
432	86.4	-425.596	479.169	53.5725	53.5725
433	86.6	-440.171	353.087	-87.0837	-87.0837
434	86.8	-466.436	267.074	-199.362	-199.362
435	87	-537.7	384.411	-153.289	-153.289
436	87.2	-490.305	348.225	-142.08	-142.08
437	87.4	-527.395	531.903	4.5079	4.5079
438	87.6	-512.773	186.15	-326.623	-326.623
439	87.8	-562.716	331.791	-230.925	-230.925
440	88	-564.08	308.921	-255.158	-255.158
441	88.2	-515.379	266.878	-248.502	-248.502
442	88.4	-514.289	469.81	-44.4787	-44.4787
443	88.6	-457.139	869.033	411.894	411.894
444	88.8	-477.383	310.196	-167.187	-167.187
445	89	-522.057	272.911	-249.146	-249.146
446	89.2	-450.189	302.515	-147.673	-147.673
447	89.4	-413.601	106.706	-306.895	-306.895
448	89.6	-434.776	574.907	140.132	140.132
449	89.8	-461.456	254.886	-206.57	-206.57
450	90	-520.026	325.718	-194.309	-194.309
451	90.2	-457.057	364.252	-92.8052	-92.8052
452	90.4	-477.625	377.368	-100.257	-100.257
453	90.6	-492.922	327.588	-165.334	-165.334
454	90.8	-452.838	342.143	-110.695	-110.695
455	91	-351.24	260.442	-90.798	-90.798
456	91.2	-430.837	667.41	236.573	236.573
457	91.4	-455.533	302.918	-152.615	-152.615
458	91.6	-397.938	506.958	109.02	109.02
459	91.8	-457.906	533.822	75.9161	75.9161
460	92	-446.855	247.168	-199.687	-199.687
461	92.2	-437.815	375.426	-62.389	-62.389
462	92.4	-352.656	178.15	-174.507	-174.507
463	92.6	-417.274	419.762	2.4886	2.4886
464	92.8	-381.873	345.17	-36.7037	-36.7037
465	93	-436.29	742.176	305.886	305.886
466	93.2	-378.817	252.744	-126.073	-126.073
467	93.4	-306.713	236.224	-70.4892	-70.4892
468	93.6	-445.408	451.323	5.9151	5.9151
469	93.8	-395.624	588.691	193.067	193.067
470	94	-395.166	490.924	95.7586	95.7586
471	94.2	-456.6	453.575	-3.0252	-3.0252
472	94.4	-400.019	279.813	-120.205	-120.205
473	94.6	-358.461	266.063	-92.398	-92.398
474	94.8	-385.573	552.012	166.439	166.439
475	95	-361.28	475.697	114.417	114.417
476	95.2	-459.116	319.97	-139.147	-139.147
477	95.4	-431.801	238.512	-193.288	-193.288
478	95.6	-438.178	546.883	108.705	108.705
479	95.8	-376.763	239.957	-136.806	-136.806
480	96	-387.318	395.25	7.9316	7.9316
481	96.2	-358.409	346.858	-11.5519	-11.5519
482	96.4	-430.184	219.078	-211.105	-211.105
483	96.6	-455.226	110.173	-345.053	-345.053
484	96.8	-436.474	321.282	-115.193	-115.193
485	97	-432.349	178.5	-253.849	-253.849
486	97.2	-433.643	431.373	-2.2696	-2.2696
487	97.4	-398.168	298.095	-100.074	-100.074
488	97.6	-426.247	268.967	-157.279	-157.279
489	97.8	-386.774	449.588	62.8133	62.8133
490	98	-376.626	550.718	174.092	174.092
491	98.2	-327.005	400.488	73.4833	73.4833
492	98.4	-314.547	367.076	52.5289	52.5289
493	98.6	-304.007	400.555	96.5475	96.5475
494	98.8	-366.212	277.846	-88.3659	-88.3659
495	99	-431.726	181.371	-250.355	-250.355
496	99.2	-420.711	360.726	-59.9843	-59.9843
497	99.4	-436.806	487.881	51.0749	51.0749
498	99.6	-409.733	423.575	13.8419	13.8419
499	99.8	-425.875	683.073	257.198	257.198
500	100	-434.451	329.872	-104.578	-104.578
501	100.2	-360.097	107.69	-252.407	-252.407
502	100.4	-408.975	105.759	-303.216	-303.216
503	100.6	-470.905	300.803	-170.102	-170.102
504	100.8	-449.462	491.991	42.5292	42.5292
505	101	-411.335	488.117	76.7822	76.7822
506	101.2	-382.075	402.63	20.5544	20.5544
507	101.4	-359.296	493.831	134.534	134.534
508	101.6	-346.548	97.8409	-248.708	-248.708
509	101.8	-330.48	103.792	-226.688	-226.688
510	102	-314.361	295.994	-18.3674	-18.3674
511	102.2	-308.737	210.732	-98.0053	-98.0053
512	102.4	-259.233	-42.2513	-301.484	-301.484
513	102.6	-391.297	408.197	16.8998	16.8998
514	102.8	-361.849	418.484	56.635	56.635
515	103	-401.943	184.982	-216.961	-216.961
516	103.2	-369.401	127.189	-242.213	-242.213
517	103.4	-472.732	314.097	-158.635	-158.635
518	103.6	-380.118	280.923	-99.1953	-99.1953
519	103.8	-349.396	90.5352	-258.861	-258.861
520	104	-481.41	282.557	-198.853	-198.853
521	104.2	-413.738	236.395	-177.343	-177.343
522	104.4	-363.156	278.519	-84.6369	-84.6369
523	104.6	-471.526	290.336	-181.19	-181.19
524	104.8	-422.199	498.739	76.5399	76.5399
525	105	-424.575	454.511	29.9358	29.9358
526	105.2	-430.473	335.532	-94.9411	-94.9411
527	105.4	-434.22	237.711	-196.51	-196.51
528	105.6	-396.287	170.573	-225.714	-225.714
529	105.8	-387.22	153.235	-233.985	-233.985
530	106	-393.402	79.9307	-313.472	-313.472
531	106.2	-416.994	54.1242	-362.87	-362.87
532	106.4	-372.628	301.994	-70.6346	-70.6346
533	106.6	-394.972	403.122	8.1498	8.1498
534	106.8	-401.253	224.946	-176.308	-176.308
535	107	-414.674	274.723	-139.952	-139.952
536	107.2	-286.73	44.6581	-242.072	-242.072
537	107.4	-362.791	351.141	-11.6498	-11.6498
538	107.6	-367.008	218.39	-148.618	-148.618
539	107.8	-367.741	358.552	-9.1891	-9.1891
540	108	-368.392	90.7711	-277.621	-277.621
541	108.2	-375.509	552.794	177.285	177.285
542	108.4	-397.342	241.484	-155.858	-155.858
543	108.6	-355.51	381.923	26.4132	26.4132
544	108.8	-436.522	177.409	-259.113	-259.113
545	109	-445.202	103.012	-342.19	-342.19
546	109.2	-413.762	175.847	-237.914	-237.914
547	109.4	-408.836	311.627	-97.209	-97.209
548	109.6	-403.793	257.351	-146.442	-146.442
549	109.8	-496.56	121.479	-375.082	-375.082
550	110	-414.518	284.142	-130.376	-130.376
551	110.2	-393.468	254.67	-138.798	-138.798
552	110.4	-433.739	397.79	-35.9492	-35.9492
553	110.6	-429.026	150.854	-278.172	-278.172
554	110.8	-359.237	204.296	-154.941	-154.941
555	111	-384.052	687.912	303.86	303.86
556	111.2	-429.37	283.662	-145.707	-145.707
557	111.4	-441.514	381.273	-60.2417	-60.2417
558	111.6	-421.993	311.667	-110.326	-110.326
559	111.8	-439.138	196.64	-242.498	-242.498
560	112	-421.002	300.064	-120.938	-120.938
561	112.2	-463.258	183.368	-279.89	-279.89
562	112.4	-463.755	536.92	73.165	73.165
563	112.6	-517.401	464.622	-52.7792	-52.7792
564	112.8	-509.171	292.755	-216.417	-216.417
565	113	-492.292	305.381	-186.911	-186.911
566	113.2	-498.25	178.372	-319.877	-319.877
567	113.4	-468.338	328.39	-139.949	-139.949
568	113.6	-476.787	223.839	-252.948	-252.948
569	113.8	-502.252	477.563	-24.6894	-24.6894
570	114	-522.305	469.596	-52.7088	-52.7088
571	114.2	-473.292	300.193	-173.099	-173.099
572	114.4	-482.461	427.652	-54.8097	-54.8097
573	114.6	-464.699	426.187	-38.5121	-38.5121
574	114.8	-439.077	490.485	51.4084	51.4084
575	115	-483.802	669.578	185.776	185.776
576	115.2	-467.86	583.042	115.182	115.182
577	115.4	-540.91	275.644	-265.265	-265.265
578	115.6	-452.799	77.0322	-375.767	-375.767
579	115.8	-517.82	348.809	-169.011	-169.011
580	116	-528.249	504.397	-23.8523	-23.8523
581	116.2	-498.367	335.961	-162.406	-162.406
582	116.4	-498.134	479.282	-18.8521	-18.8521
583	116.6	-501.677	423.514	-78.1631	-78.1631
584	116.8	-548.726	671.39	122.664	122.664
585	117	-501.97	279.51	-222.46	-222.46
586	117.2	-443.421	193.489	-249.932	-249.932
587	117.4	-513.135	229.766	-283.369	-283.369
588	117.6	-523.397	561.534	38.1374	38.1374
589	117.8	-427.432	277.849	-149.582	-149.582
590	118	-482.584	378.127	-104.458	-104.458
591	118.2	-456.094	286.86	-169.234	-169.234
592	118.4	-439.735	222.066	-217.669	-217.669
593	118.6	-418.837	353.747	-65.0901	-65.0901
594	118.8	-478.885	127.643	-351.241	-351.241
595	119	-364.754	116.989	-247.765	-247.765
596	119.2	-421.821	112.089	-309.731	-309.731
597	119.4	-413.376	-18.2535	-431.629	-431.629
598	119.6	-425.459	86.3831	-339.076	-339.076
599	119.8	-372.512	21.4359	-351.076	-351.076
600	120	-450.238	72.6852	-377.553	-377.553
601	120.2	-436.107	243.88	-192.227	-192.227
602	120.4	-415.809	80.5508	-335.259	-335.259
603	120.6	-400.29	140.489	-259.801	-259.801
604	120.8	-498.081	469.621	-28.4601	-28.4601
605	121	-498.039	140.949	-357.09	-357.09
606	121.2	-604.412	567.1	-37.3123	-37.3123
607	121.4	-491.733	171.414	-320.319	-320.319
608	121.6	-569.244	184.486	-384.758	-384.758
609	121.8	-532.519	345.45	-187.068	-187.068
610	122	-533.399	194.717	-338.682	-338.682
611	122.2	-582.596	166.924	-415.672	-415.672
612	122.4	-529.34	266.659	-262.682	-262.682
613	122.6	-517.37	48.4373	-468.933	-468.933
614	122.8	-510.044	491.812	-18.232	-18.232
615	123	-534.769	275.587	-259.182	-259.182
616	123.2	-472.896	250.82	-222.076	-222.076
617	123.4	-532.784	413.575	-119.208	-119.208
618	123.6	-530.041	151.118	-378.923	-378.923
619	123.8	-593.981	276.185	-317.796	-317.796
620	124	-553.082	234.803	-318.279	-318.279
621	124.2	-557.445	261.184	-296.261	-296.261
622	124.4	-542.7	380.512	-162.188	-162.188
623	124.6	-489.047	429.912	-59.1357	-59.1357
624	124.8	-533.35	517.058	-16.2926	-16.2926
625	125	-466.932	291.682	-175.25	-175.25
626	125.2	-485.623	249.963	-235.66	-235.66
627	125.4	-418.393	162.665	-255.728	-255.728
628	125.6	-446.71	296.667	-150.042	-150.042
629	125.8	-404.975	180.492	-224.483	-224.483
630	126	-426.153	115.748	-310.405	-310.405
631	126.2	-446.84	210.066	-236.773	-236.773
632	126.4	-403.742	139.106	-264.636	-264.636
633	126.6	-404.282	133.891	-270.392	-270.392
634	126.8	-462.457	175.734	-286.723	-286.723
635	127	-394.564	322.527	-72.0372	-72.0372
636	127.2	-444.096	246.985	-197.111	-197.111
637	127.4	-433.086	333.421	-99.665	-99.665
638	127.6	-445.075	391.24	-53.8349	-53.8349
639	127.8	-415.414	221.839	-193.575	-193.575
640	128	-433.462	237.477	-195.985	-195.985
641	128.2	-437.215	313.333	-123.881	-123.881
642	128.4	-427.57	66.5419	-361.028	-361.028
643	128.6	-443.895	312.004	-131.891	-131.891
644	128.8	-434.581	331.67	-102.912	-102.912
645	129	-433.91	458.837	24.9267	24.9267
646	129.2	-401.639	156.746	-244.893	-244.893
647	129.4	-394.215	336.181	-58.0343	-58.0343
648	129.6	-459.523	310.654	-148.869	-148.869
649	129.8	-433.456	342.324	-91.1325	-91.1325
650	130	-404.208	229.606	-174.602	-174.602
651	130.2	-408.501	57.3157	-351.185	-351.185
652	130.4	-421.914	373.008	-48.9067	-48.9067
653	130.6	-457.71	101.341	-356.369	-356.369
654	130.8	-445.208	408.589	-36.619	-36.619
655	131	-386.124	163.888	-222.236	-222.236
656	131.2	-402.441	304.436	-98.0054	-98.0054
657	131.4	-389.399	280.939	-108.459	-108.459
658	131.6	-419.421	154.172	-265.249	-265.249
659	131.8	-393.879	256.103	-137.776	-137.776
660	132	-498.453	355.71	-142.743	-142.743
661	132.2	-521.896	193.112	-328.784	-328.784
662	132.4	-418.854	32.4328	-386.421	-386.421
663	132.6	-447.092	445.568	-1.5239	-1.5239
664	132.8	-432.463	476.418	43.9555	43.9555
665	133	-445.008	303.117	-141.891	-141.891
666	133.2	-384.696	148.954	-235.742	-235.742
667	133.4	-392.749	629.561	236.812	236.812
668	133.6	-405.599	456.391	50.7921	50.7921
669	133.8	-394.152	157.049	-237.103	-237.103
670	134	-444.08	101.075	-343.005	-343.005
671	134.2	-490.291	367.731	-122.559	-122.559
672	134.4	-480.155	107.157	-372.999	-372.999
673	134.6	-451.78	299.387	-152.393	-152.393
674	134.8	-468.681	303.197	-165.485	-165.485
675	135	-464.375	296.232	-168.143	-168.143
676	135.2	-576.588	511.94	-64.6477	-64.6477
677	135.4	-510.855	246.781	-264.074	-264.074
678	135.6	-445.212	119.829	-325.384	-325.384
679	135.8	-498.098	534.635	36.5364	36.5364
680	136	-469.117	355.172	-113.946	-113.946
681	136.2	-453.335	297.406	-155.929	-155.929
682	136.4	-435.811	191.213	-244.598	-244.598
683	136.6	-461.015	336.469	-124.546	-124.546
684	136.8	-396.443	844.496	448.054	448.054
685	137	-426.768	365.441	-61.327	-61.327
686	137.2	-366.764	266.42	-100.344	-100.344
687	137.4	-382.607	187.442	-195.165	-195.165
688	137.6	-315.759	29.9986	-285.761	-285.761
689	137.8	-437.539	358.877	-78.662	-78.662
690	138	-374.461	313.334	-61.1266	-61.1266
691	138.2	-497.084	485.869	-11.2143	-11.2143
692	138.4	-439.55	463.456	23.906	23.906
693	138.6	-433.558	483.137	49.5789	49.5789
694	138.8	-453.007	138.472	-314.535	-314.535
695	139	-465.267	493.389	28.1217	28.1217
696	139.2	-487.718	434.866	-52.8512	-52.8512
697	139.4	-431.632	295.27	-136.362	-136.362
698	139.6	-457.552	135.872	-321.68	-321.68
699	139.8	-479.815	668.796	188.981	188.981
700	140	-468.157	205.076	-263.081	-263.081
701	140.2	-460.567	501.18	40.6126	40.6126
702	140.4	-405.353	333.582	-71.7707	-71.7707
703	140.6	-453.107	87.6213	-365.486	-365.486
704	140.8	-365.013	206.209	-158.804	-158.804
705	141	-370.581	603.103	232.522	232.522
706	141.2	-386.429	132.901	-253.528	-253.528
707	141.4	-445.954	170.978	-274.976	-274.976
708	141.6	-391.752	364.317	-27.435	-27.435
709	141.8	-391.329	82.7369	-308.592	-308.592
710	142	-422.822	256.526	-166.296	-166.296
711	142.2	-473.939	295.175	-178.764	-178.764
712	142.4	-444.328	283.988	-160.34	-160.34
713	142.6	-478.378	490.298	11.9198	11.9198
714	142.8	-513.55	350.407	-163.143	-163.143
715	143	-511.328	456.141	-55.1868	-55.1868
716	143.2	-433.581	486.036	52.455	52.455
717	143.4	-465.457	376.738	-88.7181	-88.7181
718	143.6	-481.862	305.446	-176.416	-176.416
719	143.8	-510.81	159.617	-351.193	-351.193
720	144	-541.604	293.751	-247.853	-247.853
721	144.2	-590.557	457.11	-133.447	-133.447
722	144.4	-552.158	376.591	-175.567	-175.567
723	144.6	-642.062	529.446	-112.616	-112.616
724	144.8	-549.06	347.334	-201.726	-201.726
725	145	-592.823	222.806	-370.017	-370.017
726	145.2	-537.589	294.017	-243.572	-243.572
727	145.4	-545.662	330.081	-215.581	-215.581
728	145.6	-524.713	237.178	-287.536	-287.536
729	145.8	-514.682	200.114	-314.568	-314.568
730	146	-575.817	567.1	-8.7175	-8.7175
731	146.2	-598.551	382.854	-215.697	-215.697
732	146.4	-525.092	436.947	-88.1458	-88.1458
733	146.6	-554.509	183.939	-370.57	-370.57
734	146.8	-543.542	738.26	194.718	194.718
735	147	-505.613	556.402	50.7891	50.7891
736	147.2	-501.862	194.04	-307.822	-307.822
737	147.4	-455.17	273.525	-181.645	-181.645
738	147.6	-453.375	665.833	212.459	212.459
739	147.8	-537.436	524.5	-12.9359	-12.9359
740	148	-504.243	354.696	-149.547	-149.547
741	148.2	-523.334	530.808	7.4736	7.4736
742	148.4	-519.565	334.94	-184.625	-184.625
743	148.6	-515.629	219.029	-296.601	-296.601
744	148.8	-495.126	189.999	-305.127	-305.127
745	149	-538.284	463.566	-74.7181	-74.7181
746	149.2	-553.51	292.582	-260.928	-260.928
747	149.4	-437.894	339.108	-98.7866	-98.7866
748	149.6	-507.003	400.909	-106.095	-106.095
749	149.8	-459.05	682.926	223.876	223.876
750	150	-515.276	805.479	290.202	290.202
751	150.2	-461.139	354.803	-106.335	-106.335
752	150.4	-463.092	398.511	-64.581	-64.581
753	150.6	-418.267	268.408	-149.859	-149.859
754	150.8	-444.674	445.781	1.1069	1.1069
755	151	-514.358	451.898	-62.4594	-62.4594
756	151.2	-486.787	223.774	-263.013	-263.013
757	151.4	-480.878	289.735	-191.143	-191.143
758	151.6	-461.169	336.005	-125.164	-125.164
759	151.8	-466.287	14.6399	-451.647	-451.647
760	152	-453.56	267.882	-185.678	-185.678
761	152.2	-471.2	580.377	109.177	109.177
762	152.4	-435.748	201.321	-234.427	-234.427
763	152.6	-464.664	199.838	-264.826	-264.826
764	152.8	-446.679	649.584	202.905	202.905
765	153	-520.161	361.609	-158.553	-158.553
766	153.2	-464.107	304.396	-159.712	-159.712
767	153.4	-467.869	330.335	-137.534	-137.534
768	153.6	-513.335	418.707	-94.628	-94.628
769	153.8	-515.232	293.411	-221.822	-221.822
770	154	-516.691	366.065	-150.626	-150.626
771	154.2	-488.439	148.468	-339.97	-339.97
772	154.4	-557.308	276.991	-280.317	-280.317
773	154.6	-572.377	282.142	-290.235	-290.235
774	154.8	-541.207	242.893	-298.315	-298.315
775	155	-523.603	238.721	-284.883	-284.883
776	155.2	-545.26	344.492	-200.768	-200.768
777	155.4	-487.288	74.3933	-412.895	-412.895
778	155.6	-471.022	301.19	-169.832	-169.832
779	155.8	-421.105	303.916	-117.189	-117.189
780	156	-415.328	368.394	-46.934	-46.934
781	156.2	-403.305	162.45	-240.855	-240.855
782	156.4	-429.701	387.211	-42.4907	-42.4907
783	156.6	-465.28	206.838	-258.442	-258.442
784	156.8	-476.767	293.54	-183.227	-183.227
785	157	-403.221	225.022	-178.199	-178.199
786	157.2	-475.858	422.667	-53.1903	-53.1903
787	157.4	-453.212	101.292	-351.92	-351.92
788	157.6	-451.512	54.2321	-397.28	-397.28
789	157.8	-507.109	467.027	-40.0817	-40.0817
790	158	-468.314	497.725	29.4104	29.4104
791	158.2	-449.973	401.005	-48.968	-48.968
792	158.4	-422.914	140.89	-282.024	-282.024
793	158.6	-412.153	875.547	463.394	463.394
794	158.8	-438.648	217.029	-221.62	-221.62
795	159	-378.733	196.738	-181.995	-181.995
796	159.2	-405.018	154.224	-250.794	-250.794
797	159.4	-405.383	425.775	20.3923	20.3923
798	159.6	-315.403	40.2642	-275.139	-275.139
799	159.8	-397.414	520.566	123.152	123.152
800	160	-368.88	243.241	-125.639	-125.639
801	160.2	-341.399	256.953	-84.446	-84.446
802	160.4	-382.849	307.166	-75.6829	-75.6829
803	160.6	-370.516	289.752	-80.764	-80.764
804	160.8	-443.314	248.324	-194.99	-194.99
805	161	-438.521	626.942	188.42	188.42
806	161.2	-317.793	124.747	-193.046	-193.046
807	161.4	-392.408	464.735	72.3267	72.3267
808	161.6	-423.337	319.831	-103.506	-103.506
809	161.8	-419.218	271.803	-147.415	-147.415
810	162	-441.693	262.142	-179.551	-179.551
811	162.2	-408.14	159.818	-248.322	-248.322
812	162.4	-477.852	379.982	-97.8702	-97.8702
813	162.6	-496.474	226.337	-270.137	-270.137
814	162.8	-453.631	257.819	-195.812	-195.812
815	163	-486.297	356.525	-129.772	-129.772
816	163.2	-460.118	325.834	-134.284	-134.284
817	163.4	-422.813	138.348	-284.466	-284.466
818	163.6	-451.23	120.61	-330.62	-330.62
819	163.8	-397.344	370.065	-27.2797	-27.2797
820	164	-466.341	260.252	-206.089	-206.089
821	164.2	-471.807	213.085	-258.722	-258.722
822	164.4	-472.884	125.131	-347.753	-347.753
823	164.6	-449.568	253.943	-195.625	-195.625
824	164.8	-436.691	230.244	-206.448	-206.448
825	165	-436.759	308.846	-127.914	-127.914
826	165.2	-399.722	273.671	-126.051	-126.051
827	165.4	-476.269	95.7406	-380.528	-380.528
828	165.6	-410.603	277.43	-133.172	-133.172
829	165.8	-464.845	177.456	-287.389	-287.389
830	166	-474.656	200.04	-274.616	-274.616
831	166.2	-452.41	209.721	-242.689	-242.689
832	166.4	-456.479	280.479	-176	-176
833	166.6	-434.039	339.439	-94.6003	-94.6003
834	166.8	-448.704	610.094	161.39	161.39
835	167	-455.639	645.308	189.669	189.669
836	167.2	-468.77	237.749	-231.021	-231.021
837	167.4	-485.736	344.004	-141.732	-141.732
838	167.6	-419.985	461.554	41.5683	41.5683
839	167.8	-459.201	273.018	-186.183	-186.183
840	168	-395.271	448.306	53.0349	53.0349
841	168.2	-349.661	211.71	-137.951	-137.951
842	168.4	-433.292	139.847	-293.445	-293.445
843	168.6	-427.918	491.024	63.1065	63.1065
844	168.8	-490.197	536.67	46.4732	46.4732
845	169	-463.133	343.248	-119.885	-119.885
846	169.2	-501.515	227.434	-274.081	-274.081
847	169.4	-404.035	371.223	-32.8115	-32.8115
848	169.6	-479.865	146.791	-333.074	-333.074
849	169.8	-487.783	265.251	-222.532	-222.532
850	170	-413.546	101.678	-311.869	-311.869
851	170.2	-400.673	181.184	-219.489	-219.489
852	170.4	-451.875	635.06	183.185	183.185
853	170.6	-445.693	282.01	-163.684	-163.684
854	170.8	-483.188	466.168	-17.0196	-17.0196
855	171	-445.017	177.912	-267.105	-267.105
856	171.2	-472.329	236.234	-236.094	-236.094
857	171.4	-488.214	465.69	-22.5248	-22.5248
858	171.6	-475.035	31.6692	-443.366	-443.366
859	171.8	-501.983	528.136	26.1529	26.1529
860	172	-481.636	344.835	-136.801	-136.801
861	172.2	-469.487	386.987	-82.4997	-82.4997
862	172.4	-424.911	242.585	-182.326	-182.326
863	172.6	-473.861	217.303	-256.558	-256.558
864	172.8	-514.988	279.246	-235.742	-235.742
865	173	-509.419	158.547	-350.873	-350.873
866	173.2	-440.193	72.2735	-367.919	-367.919
867	173.4	-490.445	322.974	-167.471	-167.471
868	173.6	-442.468	174.982	-267.486	-267.486
869	173.8	-461.168	203.148	-258.02	-258.02
870	174	-475.261	318.167	-157.094	-157.094
871	174.2	-545.737	739.499	193.761	193.761
872	174.4	-492.416	276.199	-216.217	-216.217
873	174.6	-513.787	120.868	-392.919	-392.919
874	174.8	-518.325	241.014	-277.311	-277.311
875	175	-502.367	236.595	-265.771	-265.771
876	175.2	-483.587	324.556	-159.031	-159.031
877	175.4	-476.391	299.841	-176.551	-176.551
878	175.6	-434.842	283.369	-151.473	-151.473
879	175.8	-449.22	213.841	-235.379	-235.379
880	176	-480.218	155.345	-324.873	-324.873
881	176.2	-466.555	328.599	-137.956	-137.956
882	176.4	-515.971	290.476	-225.494	-225.494
883	176.6	-534.793	309.971	-224.821	-224.821
884	176.8	-512.149	469.113	-43.0353	-43.0353
885	177	-530.301	441.789	-88.5127	-88.5127
886	177.2	-468.915	245.934	-222.981	-222.981
887	177.4	-460.938	91.2962	-369.642	-369.642
888	177.6	-493.56	558.777	65.2171	65.2171
889	177.8	-517.683	435.334	-82.3493	-82.3493
890	178	-428.892	88.9743	-339.918	-339.918
891	178.2	-463.404	83.5193	-379.885	-379.885
892	178.4	-461.055	261.631	-199.424	-199.424
893	178.6	-507.196	251.129	-256.066	-256.066
894	178.8	-515.079	467.858	-47.2206	-47.2206
895	179	-444.216	393.163	-51.0524	-51.0524
896	179.2	-480.612	167.263	-313.349	-313.349
897	179.4	-514.301	172.944	-341.357	-341.357
898	179.6	-495.684	142.852	-352.832	-352.832
899	179.8	-501.13	64.8285	-436.302	-436.302
900	180	-521.373	498.242	-23.1307	-23.1307
901	180.2	-431.229	201.058	-230.171	-230.171
902	180.4	-479.441	273.993	-205.448	-205.448
903	180.6	-449.312	344.595	-104.717	-104.717
904	180.8	-488.354	234.723	-253.631	-253.631
905	181	-550.835	279.397	-271.439	-271.439
906	181.2	-537.759	217.702	-320.058	-320.058
907	181.4	-529.979	167.769	-362.21	-362.21
908	181.6	-525.427	213.814	-311.613	-311.613
909	181.8	-559.616	124.403	-435.213	-435.213
910	182	-512.179	249.581	-262.598	-262.598
911	182.2	-501.348	402.183	-99.1648	-99.1648
912	182.4	-479.68	238.893	-240.787	-240.787
913	182.6	-573.188	341.01	-232.177	-232.177
914	182.8	-464.352	222.632	-241.72	-241.72
915	183	-471.797	158.485	-313.312	-313.312
916	183.2	-500.052	326.907	-173.144	-173.144
917	183.4	-470.532	34.1038	-436.428	-436.428
918	183.6	-522.13	80.7463	-441.384	-441.384
919	183.8	-561.874	138.717	-423.157	-423.157
920	184	-547.094	291.367	-255.727	-255.727
921	184.2	-506.044	788.452	282.407	282.407
922	184.4	-431.772	30.6091	-401.163	-401.163
923	184.6	-436.526	11.6609	-424.865	-424.865
924	184.8	-368.738	258.43	-110.308	-110.308
925	185	-438.717	82.141	-356.576	-356.576
926	185.2	-369.812	10.5552	-359.256	-359.256
927	185.4	-455.603	5.3728	-450.231	-450.231
928	185.6	-409.53	17.3843	-392.146	-392.146
929	185.8	-449.266	9.0199	-440.246	-440.246
930	186	-378.217	88.8588	-289.358	-289.358
931	186.2	-402.237	75.1657	-327.071	-327.071
932	186.4	-472.404	123.699	-348.705	-348.705
933	186.6	-535.98	95.667	-440.313	-440.313
934	186.8	-448.142	239.542	-208.601	-208.601
935	187	-496.787	10.4445	-486.342	-486.342
936	187.2	-518.887	-115.142	-634.03	-634.03
937	187.4	-473.504	251.617	-221.887	-221.887
938	187.6	-491.967	188.977	-302.99	-302.99
939	187.8	-490.729	319.892	-170.836	-170.836
940	188	-530.372	237.531	-292.842	-292.842
941	188.2	-534.474	312.575	-221.898	-221.898
942	188.4	-459.887	273.202	-186.685	-186.685
943	188.6	-512.864	354.707	-158.157	-158.157
944	188.8	-485.226	410.986	-74.2409	-74.2409
945	189	-472.484	275.381	-197.103	-197.103
946	189.2	-554.033	223.275	-330.759	-330.759
947	189.4	-468.291	175.176	-293.114	-293.114
948	189.6	-442.102	241.745	-200.356	-200.356
949	189.8	-487.223	62.0698	-425.153	-425.153
950	190	-409.003	7.0357	-401.967	-401.967
951	190.2	-470.405	-2.6155	-473.021	-473.021
952	190.4	-425.502	190.464	-235.038	-235.038
953	190.6	-444.186	141.34	-302.846	-302.846
954	190.8	-478.085	94.5997	-383.485	-383.485
955	191	-467.973	242.904	-225.069	-225.069
956	191.2	-418.392	25.1432	-393.249	-393.249
957	191.4	-420.904	148.408	-272.497	-272.497
958	191.6	-358.213	77.2826	-280.93	-280.93
959	191.8	-365.671	-89.8363	-455.507	-455.507
960	192	-384.063	98.7219	-285.341	-285.341
961	192.2	-357.14	-4.1429	-361.282	-361.282
962	192.4	-383.024	133.437	-249.586	-249.586
963	192.6	-337.538	-53.5106	-391.049	-391.049
964	192.8	-341.18	178.026	-163.154	-163.154
965	193	-357.196	14.6219	-342.574	-342.574
966	193.2	-374.761	122.778	-251.984	-251.984
967	193.4	-391.479	155.202	-236.278	-236.278
968	193.6	-373.473	33.5925	-339.881	-339.881
969	193.8	-427.807	213.971	-213.837	-213.837
970	194	-417.112	-39.6554	-456.767	-456.767
971	194.2	-365.776	3.2847	-362.492	-362.492
972	194.4	-361.994	-31.4879	-393.482	-393.482
973	194.6	-367.816	21.4132	-346.403	-346.403
974	194.8	-443.961	70.4213	-373.54	-373.54
975	195	-420.659	165.12	-255.539	-255.539
976	195.2	-412.206	59.4671	-352.739	-352.739
977	195.4	-442.348	246.66	-195.688	-195.688
978	195.6	-426.817	156.753	-270.064	-270.064
979	195.8	-392.325	273.51	-118.815	-118.815
980	196	-401.8	-49.4512	-451.251	-451.251
981	196.2	-380.286	104.702	-275.584	-275.584
982	196.4	-394.23	348.348	-45.8825	-45.8825
983	196.6	-398.188	54.0545	-344.133	-344.133
984	196.8	-390.545	311.007	-79.5375	-79.5375
985	197	-411.182	179.624	-231.558	-231.558
986	197.2	-393.444	62.0868	-331.357	-331.357
987	197.4	-411.148	-2.7006	-413.849	-413.849
988	197.6	-415.486	102.769	-312.717	-312.717
989	197.8	-400.926	147.187	-253.739	-253.739
990	198	-403.633	8.8026	-394.83	-394.83
991	198.2	-436.938	-24.1475	-461.086	-461.086
992	198.4	-419.414	22.7002	-396.713	-396.713
993	198.6	-449.274	157.642	-291.632	-291.632
994	198.8	-442.185	73.7556	-368.429	-368.429
995	199	-384.219	-58.4863	-442.705	-442.705
996	199.2	-433.394	314.449	-118.945	-118.945
997	199.4	-438.686	-28.5074	-467.193	-467.193
998	199.6	-454.506	26.1303	-428.376	-428.376
999	199.8	-437.221	71.2408	-365.98	-365.98
1000	200	-418.064	84.5541	-333.51	-333.51
1001	200.2	-452.071	131.944	-320.127	-320.127
1002	200.4	-349.091	-7.2107	-356.301	-356.301
1003	200.6	-436.187	122.05	-314.137	-314.137
1004	200.8	-466.584	273.16	-193.423	-193.423
1005	201	-499.661	90.8803	-408.78	-408.78
1006	201.2	-488.991	80.2217	-408.769	-408.769
1007	201.4	-528.356	234.016	-294.34	-294.34
1008	201.6	-446.659	154.987	-291.671	-291.671
1009	201.8	-489.194	311.065	-178.129	-178.129
1010	202	-539.472	377.505	-161.966	-161.966
1011	202.2	-468.512	304.19	-164.322	-164.322
1012	202.4	-469.295	378.076	-91.2192	-91.2192
1013	202.6	-580.079	335.531	-244.549	-244.549
1014	202.8	-549.086	181.427	-367.659	-367.659
1015	203	-525.338	289.22	-236.119	-236.119
1016	203.2	-529.113	147.205	-381.908	-381.908
1017	203.4	-458.325	158.348	-299.977	-299.977
1018	203.6	-420.526	20.8434	-399.682	-399.682
1019	203.8	-432.201	427.421	-4.7805	-4.7805
1020	204	-373.589	52.8084	-320.781	-320.781
1021	204.2	-424.29	105.42	-318.87	-318.87
1022	204.4	-472.671	257.941	-214.731	-214.731
1023	204.6	-471.777	236.573	-235.205	-235.205
1024	204.8	-467.783	328.313	-139.47	-139.47
1025	205	-529.314	292.646	-236.668	-236.668
1026	205.2	-474.538	291.571	-182.966	-182.966
1027	205.4	-458.243	204.831	-253.412	-253.412
1028	205.6	-460.777	107.024	-353.753	-353.753
1029	205.8	-442.004	259.716	-182.288	-182.288
1030	206	-426.359	218.994	-207.365	-207.365
1031	206.2	-519.65	390.984	-128.666	-128.666
1032	206.4	-438.356	124.369	-313.987	-313.987
1033	206.6	-448.457	303.746	-144.71	-144.71
1034	206.8	-436.153	117.615	-318.538	-318.538
1035	207	-458.374	619.431	161.057	161.057
1036	207.2	-498.179	286.636	-211.543	-211.543
1037	207.4	-472.339	312.4	-159.939	-159.939
1038	207.6	-473.445	307.474	-165.971	-165.971
1039	207.8	-492.63	238.011	-254.619	-254.619
1040	208	-458.988	368.929	-90.0587	-90.0587
1041	208.2	-419.182	287.178	-132.005	-132.005
1042	208.4	-407.667	280.43	-127.237	-127.237
1043	208.6	-437.045	122.331	-314.714	-314.714
1044	208.8	-418.965	238.37	-180.595	-180.595
1045	209	-469.874	218.929	-250.945	-250.945
1046	209.2	-445.037	165.123	-279.914	-279.914
1047	209.4	-402.877	455.223	52.3458	52.3458
1048	209.6	-447.255	167.901	-279.355	-279.355
1049	209.8	-412.19	64.9329	-347.257	-347.257
1050	210	-462.123	315.235	-146.889	-146.889
1051	210.2	-416.065	57.8388	-358.227	-358.227
1052	210.4	-413.279	3.1993	-410.08	-410.08
1053	210.6	-372.175	107.766	-264.409	-264.409
1054	210.8	-384.029	-11.0806	-395.11	-395.11
1055	211	-422.183	19.0473	-403.136	-403.136
1056	211.2	-457.062	86.8501	-370.212	-370.212
1057	211.4	-502.035	349.081	-152.954	-152.954
1058	211.6	-448	33.5258	-414.474	-414.474
1059	211.8	-431.671	-50.472	-482.143	-482.143
1060	212	-407.771	77.2502	-330.521	-330.521
1061	212.2	-437.685	173.186	-264.499	-264.499
1062	212.4	-392.445	185.41	-207.035	-207.035
1063	212.6	-445.716	181.816	-263.901	-263.901
1064	212.8	-495.03	334.169	-160.861	-160.861
1065	213	-398.596	167.168	-231.429	-231.429
1066	213.2	-438.319	227.926	-210.393	-210.393
1067	213.4	-457.988	199.923	-258.065	-258.065
1068	213.6	-507.616	332.149	-175.467	-175.467
1069	213.8	-449.838	118.729	-331.108	-331.108
1070	214	-482.157	297.536	-184.62	-184.62
1071	214.2	-481.562	101.556	-380.006	-380.006
1072	214.4	-436.569	193.487	-243.081	-243.081
1073	214.6	-408.98	101	-307.98	-307.98
1074	214.8	-418.929	446.867	27.9378	27.9378
1075	215	-434.183	80.0416	-354.141	-354.141
1076	215.2	-411.13	368.613	-42.5175	-42.5175
1077	215.4	-362.203	297.91	-64.2932	-64.2932
1078	215.6	-381.067	120.238	-260.83	-260.83
1079	215.8	-459.139	262.799	-196.34	-196.34
1080	216	-469.047	425.175	-43.8724	-43.8724
1081	216.2	-505.702	269.1	-236.602	-236.602
1082	216.4	-509.942	270.828	-239.114	-239.114
1083	216.6	-568.656	87.0736	-481.582	-481.582
1084	216.8	-520.518	180.539	-339.978	-339.978
1085	217	-541.465	221.644	-319.82	-319.82
1086	217.2	-534.745	307.981	-226.763	-226.763
1087	217.4	-578.391	202.705	-375.686	-375.686
1088	217.6	-548.734	297.303	-251.431	-251.431
1089	217.8	-557.661	213.729	-343.932	-343.932
1090	218	-498.489	226.931	-271.558	-271.558
1091	218.2	-555.513	187.347	-368.165	-368.165
1092	218.4	-568.146	189.961	-378.185	-378.185
1093	218.6	-592.677	231.77	-360.907	-360.907
1094	218.8	-549.212	33.594	-515.618	-515.618
1095	219	-587.036	208.759	-378.277	-378.277
1096	219.2	-533.254	67.4981	-465.756	-465.756
1097	219.4	-550.378	121.931	-428.448	-428.448
1098	219.6	-536.772	172.411	-364.361	-364.361
1099	219.8	-475.519	73.6932	-401.826	-401.826
1100	220	-537.251	106.471	-430.779	-430.779
1101	220.2	-521.497	282.929	-238.568	-238.568
1102	220.4	-519.769	181.439	-338.329	-338.329
1103	220.6	-474.663	248.571	-226.092	-226.092
1104	220.8	-520.648	383.116	-137.532	-137.532
1105	221	-509.489	216.421	-293.068	-293.068
1106	221.2	-495.208	-28.4488	-523.656	-523.656
1107	221.4	-485.888	238.226	-247.662	-247.662
1108	221.6	-546.999	263.471	-283.529	-283.529
1109	221.8	-544.77	123.354	-421.416	-421.416
1110	222	-513.168	-2.7312	-515.899	-515.899
1111	222.2	-552.043	229.353	-322.69	-322.69
1112	222.4	-562.829	161.274	-401.555	-401.555
1113	222.6	-509.586	36.3309	-473.255	-473.255
1114	222.8	-605.276	195.33	-409.947	-409.947
1115	223	-645.754	165.992	-479.762	-479.762
1116	223.2	-712.719	558.587	-154.132	-154.132
1117	223.4	-655.866	511.545	-144.321	-144.321
1118	223.6	-637.47	329.639	-307.83	-307.83
1119	223.8	-605.678	409.26	-196.418	-196.418
1120	224	-565.742	58.886	-506.856	-506.856
1121	224.2	-539.493	419.164	-120.329	-120.329
1122	224.4	-624.7	236.982	-387.719	-387.719
1123	224.6	-595.473	480.485	-114.989	-114.989
1124	224.8	-483.388	521.665	38.2766	38.2766
1125	225	-549.328	23.662	-525.666	-525.666
1126	225.2	-586.595	209.477	-377.118	-377.118
1127	225.4	-583.178	126.901	-456.277	-456.277
1128	225.6	-598.046	581.602	-16.4445	-16.4445
1129	225.8	-573.5	313.497	-260.003	-260.003
1130	226	-587.677	285.876	-301.801	-301.801
1131	226.2	-583.036	205.561	-377.475	-377.475
1132	226.4	-641.637	370.441	-271.196	-271.196
1133	226.6	-627.147	349.54	-277.608	-277.608
1134	226.8	-625.929	275.925	-350.004	-350.004
1135	227	-639.423	305.354	-334.068	-334.068
1136	227.2	-613.202	488.891	-124.311	-124.311
1137	227.4	-597.243	313.58	-283.663	-283.663
1138	227.6	-624.312	621.403	-2.909	-2.909
1139	227.8	-572.366	141.732	-430.634	-430.634
1140	228	-492.733	-61.8881	-554.621	-554.621
1141	228.2	-484.145	131.544	-352.6	-352.6
1142	228.4	-530.597	319.274	-211.324	-211.324
1143	228.6	-553.993	372.913	-181.08	-181.08
1144	228.8	-561.331	114.709	-446.622	-446.622
1145	229	-515.894	520.917	5.0223	5.0223
1146	229.2	-513.174	-17.0655	-530.239	-530.239
1147	229.4	-541.749	223.97	-317.779	-317.779
1148	229.6	-520.198	422.944	-97.2545	-97.2545
1149	229.8	-494.638	340.368	-154.27	-154.27
1150	230	-568.557	104.534	-464.022	-464.022
1151	230.2	-555.798	316.354	-239.444	-239.444
1152	230.4	-516.177	55.6897	-460.487	-460.487
1153	230.6	-583.269	571.907	-11.3624	-11.3624
1154	230.8	-534.481	110.596	-423.884	-423.884
1155	231	-572.993	208.125	-364.868	-364.868
1156	231.2	-574.345	301.373	-272.972	-272.972
1157	231.4	-588.633	398.893	-189.739	-189.739
1158	231.6	-537.398	150.962	-386.436	-386.436
1159	231.8	-586.925	260.105	-326.82	-326.82
1160	232	-547.263	-24.159	-571.422	-571.422
1161	232.2	-543.269	108.002	-435.267	-435.267
1162	232.4	-564.444	316.807	-247.638	-247.638
1163	232.6	-643.741	212.619	-431.121	-431.121
1164	232.8	-580.232	173.438	-406.794	-406.794
1165	233	-464.556	273.344	-191.212	-191.212
1166	233.2	-517.034	628.846	111.812	111.812
1167	233.4	-480.869	346.166	-134.703	-134.703
1168	233.6	-496.814	207.626	-289.188	-289.188
1169	233.8	-565.234	249.164	-316.07	-316.07
1170	234	-532.415	264.858	-267.557	-267.557
1171	234.2	-549.441	122.001	-427.441	-427.441
1172	234.4	-515.224	455.832	-59.3917	-59.3917
1173	234.6	-509.573	16.6021	-492.971	-492.971
1174	234.8	-555.591	317.954	-237.637	-237.637
1175	235	-429.956	126.387	-303.569	-303.569
1176	235.2	-477.842	121.729	-356.113	-356.113
1177	235.4	-506.687	260.173	-246.513	-246.513
1178	235.6	-481.679	64.0519	-417.627	-417.627
1179	235.8	-536.672	152.607	-384.065	-384.065
1180	236	-446.344	9.9423	-436.401	-436.401
1181	236.2	-473.124	254.308	-218.816	-218.816
1182	236.4	-450.464	340.591	-109.873	-109.873
1183	236.6	-460.512	159.39	-301.122	-301.122
1184	236.8	-518.464	15.6694	-502.795	-502.795
1185	237	-415.957	127.446	-288.511	-288.511
1186	237.2	-474.781	200.002	-274.778	-274.778
1187	237.4	-451.146	260.399	-190.747	-190.747
1188	237.6	-546.998	371.976	-175.022	-175.022
1189	237.8	-457.69	-25.6978	-483.387	-483.387
1190	238	-492.179	157.688	-334.491	-334.491
1191	238.2	-500.002	442.594	-57.4087	-57.4087
1192	238.4	-554.175	396.478	-157.697	-157.697
1193	238.6	-495.478	177.918	-317.56	-317.56
1194	238.8	-442.578	95.0312	-347.546	-347.546
1195	239	-483.338	355.997	-127.341	-127.341
1196	239.2	-522.759	139.732	-383.026	-383.026
1197	239.4	-415.646	210.141	-205.505	-205.505
1198	239.6	-499.332	284.029	-215.303	-215.303
1199	239.8	-558.738	452.408	-106.33	-106.33
1200	240	-573.844	485.49	-88.3543	-88.3543
1201	240.2	-525.616	490.819	-34.7973	-34.7973
1202	240.4	-554.766	450.695	-104.071	-104.071
1203	240.6	-501.12	330.283	-170.837	-170.837
