Frame	Time	Elec	VdW	Nonbond	Total
0	0	-194.748	52.9593	-141.789	-141.789
1	0.2	-208.167	-112.836	-321.003	-321.003
2	0.4	-350.457	224.373	-126.084	-126.084
3	0.6	-294.83	207.732	-87.0976	-87.0976
4	0.8	-241.501	33.9387	-207.562	-207.562
5	1	-279.286	323.324	44.0381	44.0381
6	1.2	-376.026	501.855	125.829	125.829
7	1.4	-518.064	460.268	-57.7957	-57.7957
8	1.6	-472.818	40.5724	-432.246	-432.246
9	1.8	-414.105	155.08	-259.025	-259.025
10	2	-501.617	118.136	-383.481	-383.481
11	2.2	-489.565	371.978	-117.587	-117.587
12	2.4	-465.408	16.958	-448.45	-448.45
13	2.6	-515.98	274.728	-241.252	-241.252
14	2.8	-499.37	62.9837	-436.387	-436.387
15	3	-443.021	469.651	26.6309	26.6309
16	3.2	-468.298	197.319	-270.979	-270.979
17	3.4	-517.447	453.586	-63.8609	-63.8609
18	3.6	-492.84	167.916	-324.924	-324.924
19	3.8	-556.685	505.18	-51.5052	-51.5052
20	4	-510.487	60	-450.487	-450.487
21	4.2	-524.885	285.077	-239.808	-239.808
22	4.4	-564.642	431.555	-133.087	-133.087
23	4.6	-635.951	668.141	32.1907	32.1907
24	4.8	-561.418	147.745	-413.673	-413.673
25	5	-562.833	320.178	-242.655	-242.655
26	5.2	-559.873	286.211	-273.662	-273.662
27	5.4	-529.774	431.173	-98.6006	-98.6006
28	5.6	-453.641	398.718	-54.9232	-54.9232
29	5.8	-578.038	712.724	134.685	134.685
30	6	-593.467	270.823	-322.644	-322.644
31	6.2	-648.308	450.43	-197.879	-197.879
32	6.4	-587.664	789.022	201.358	201.358
33	6.6	-515.148	545.001	29.8532	29.8532
34	6.8	-554.967	409.366	-145.601	-145.601
35	7	-597.347	780.161	182.814	182.814
36	7.2	-553.785	282.863	-270.922	-270.922
37	7.4	-516.412	242.137	-274.275	-274.275
38	7.6	-567.271	611.394	44.1228	44.1228
39	7.8	-533.669	738.784	205.115	205.115
40	8	-475.839	360.964	-114.875	-114.875
41	8.2	-534.699	207.282	-327.416	-327.416
42	8.4	-596.952	327.217	-269.735	-269.735
43	8.6	-551.705	549.6	-2.1052	-2.1052
44	8.8	-501.81	435.186	-66.6238	-66.6238
45	9	-549.394	422.108	-127.286	-127.286
46	9.2	-597.832	567.463	-30.3687	-30.3687
47	9.4	-544.839	356.988	-187.851	-187.851
48	9.6	-588.951	747.834	158.883	158.883
49	9.8	-497.712	372.034	-125.679	-125.679
50	10	-530.053	515.624	-14.4298	-14.4298
51	10.2	-510.86	517.44	6.5805	6.5805
52	10.4	-556.504	429.704	-126.801	-126.801
53	10.6	-522.708	143.468	-379.24	-379.24
54	10.8	-545.919	651.846	105.928	105.928
55	11	-537.216	761.386	224.17	224.17
56	11.2	-531.426	316.741	-214.685	-214.685
57	11.4	-560.957	929.281	368.325	368.325
58	11.6	-528.034	992.5	464.466	464.466
59	11.8	-482.642	147.471	-335.17	-335.17
60	12	-433.013	542.804	109.791	109.791
61	12.2	-447.031	521.479	74.4481	74.4481
62	12.4	-442	362.123	-79.8771	-79.8771
63	12.6	-470.106	523.32	53.2137	53.2137
64	12.8	-474.205	959.872	485.667	485.667
65	13	-488.007	1170.59	682.579	682.579
66	13.2	-559.167	872.16	312.993	312.993
67	13.4	-576.275	491.619	-84.6558	-84.6558
68	13.6	-533.807	634.527	100.72	100.72
69	13.8	-521.801	743.395	221.594	221.594
70	14	-522.054	544.794	22.74	22.74
71	14.2	-497.674	449.147	-48.5267	-48.5267
72	14.4	-529.493	461.083	-68.4104	-68.4104
73	14.6	-512.087	771.865	259.778	259.778
74	14.8	-549.294	469.767	-79.5263	-79.5263
75	15	-560.276	596.282	36.006	36.006
76	15.2	-513.405	508.593	-4.8124	-4.8124
77	15.4	-432.859	322.407	-110.451	-110.451
78	15.6	-485.463	904.977	419.514	419.514
79	15.8	-435.256	286.324	-148.931	-148.931
80	16	-407.71	429.36	21.6492	21.6492
81	16.2	-422.649	594.514	171.866	171.866
82	16.4	-571.331	412.276	-159.055	-159.055
83	16.6	-494.388	317.957	-176.43	-176.43
84	16.8	-546.862	367.629	-179.233	-179.233
85	17	-576.307	706.948	130.641	130.641
86	17.2	-611.129	1014.85	403.717	403.717
87	17.4	-570.707	339.944	-230.764	-230.764
88	17.6	-520.424	629.143	108.719	108.719
89	17.8	-544.097	515.794	-28.3025	-28.3025
90	18	-463.797	320.824	-142.973	-142.973
91	18.2	-509.294	417.459	-91.8354	-91.8354
92	18.4	-480.281	234.883	-245.398	-245.398
93	18.6	-555.006	437.626	-117.38	-117.38
94	18.8	-625.507	362.591	-262.916	-262.916
95	19	-615.354	420.294	-195.06	-195.06
96	19.2	-478.161	231.433	-246.727	-246.727
97	19.4	-525.56	463.087	-62.4737	-62.4737
98	19.6	-512.599	514.538	1.9394	1.9394
99	19.8	-513.033	360.694	-152.339	-152.339
100	20	-470.267	142.925	-327.342	-327.342
101	20.2	-457.743	192.94	-264.803	-264.803
102	20.4	-479.231	331.93	-147.301	-147.301
103	20.6	-455.132	139.906	-315.226	-315.226
104	20.8	-460.881	109.193	-351.689	-351.689
105	21	-546.013	500.367	-45.6456	-45.6456
106	21.2	-505.481	118.235	-387.245	-387.245
107	21.4	-499.705	67.3872	-432.318	-432.318
108	21.6	-532.679	582.198	49.5188	49.5188
109	21.8	-528.826	391.12	-137.706	-137.706
110	22	-595.679	477.028	-118.652	-118.652
111	22.2	-563.35	573.227	9.877	9.877
112	22.4	-563.563	445.841	-117.722	-117.722
113	22.6	-630.959	839.958	209	209
114	22.8	-639.635	515.435	-124.201	-124.201
115	23	-680.072	437.404	-242.668	-242.668
116	23.2	-637.059	844.044	206.985	206.985
117	23.4	-527.186	148.03	-379.156	-379.156
118	23.6	-632.897	430.044	-202.853	-202.853
119	23.8	-504.25	210.284	-293.966	-293.966
120	24	-551.96	231.117	-320.842	-320.842
121	24.2	-581.04	227.067	-353.973	-353.973
122	24.4	-573.957	373.595	-200.362	-200.362
123	24.6	-700.736	996.61	295.875	295.875
124	24.8	-615.796	339.095	-276.701	-276.701
125	25	-658.082	387.617	-270.465	-270.465
126	25.2	-583.505	224.4	-359.106	-359.106
127	25.4	-585.607	357.382	-228.225	-228.225
128	25.6	-617.06	735.1	118.039	118.039
129	25.8	-504.608	840.967	336.359	336.359
130	26	-447.432	124.336	-323.095	-323.095
131	26.2	-557.912	333.073	-224.839	-224.839
132	26.4	-508.524	203.479	-305.045	-305.045
133	26.6	-544.678	315.795	-228.883	-228.883
134	26.8	-502.837	412.738	-90.0983	-90.0983
135	27	-530.587	472.849	-57.738	-57.738
136	27.2	-511.022	390.033	-120.989	-120.989
137	27.4	-546.378	490.923	-55.4543	-55.4543
138	27.6	-496.818	240.438	-256.38	-256.38
139	27.8	-597.535	757.117	159.582	159.582
140	28	-474.127	443.251	-30.8764	-30.8764
141	28.2	-399.377	-37.014	-436.391	-436.391
142	28.4	-576.024	920.355	344.331	344.331
143	28.6	-447.116	116.59	-330.526	-330.526
144	28.8	-411.13	89.6788	-321.451	-321.451
145	29	-480.348	111.528	-368.82	-368.82
146	29.2	-456.41	473.993	17.5831	17.5831
147	29.4	-496.54	403.247	-93.2931	-93.2931
148	29.6	-577.193	559	-18.1931	-18.1931
149	29.8	-633.679	1192.82	559.139	559.139
150	30	-618.657	572.543	-46.1135	-46.1135
151	30.2	-592.713	521.713	-71.0002	-71.0002
152	30.4	-560.212	411.25	-148.962	-148.962
153	30.6	-553.651	271.603	-282.048	-282.048
154	30.8	-539.089	198.475	-340.615	-340.615
155	31	-508.574	203.071	-305.503	-305.503
156	31.2	-551.093	348.812	-202.28	-202.28
157	31.4	-466.333	128.491	-337.842	-337.842
158	31.6	-439.866	178.43	-261.436	-261.436
159	31.8	-524.323	257.392	-266.931	-266.931
160	32	-483.312	93.0683	-390.243	-390.243
161	32.2	-530.059	136.316	-393.743	-393.743
162	32.4	-402.936	1.3429	-401.593	-401.593
163	32.6	-419.45	85.5068	-333.944	-333.944
164	32.8	-478.113	102.882	-375.231	-375.231
165	33	-474.124	301.818	-172.305	-172.305
166	33.2	-564.288	82.2212	-482.067	-482.067
167	33.4	-463.289	397.261	-66.0279	-66.0279
168	33.6	-437.735	325.104	-112.631	-112.631
169	33.8	-472.336	196.926	-275.41	-275.41
170	34	-475.506	136.237	-339.269	-339.269
171	34.2	-397.589	159.73	-237.859	-237.859
172	34.4	-417.064	350.363	-66.7019	-66.7019
173	34.6	-363.55	264.177	-99.3725	-99.3725
174	34.8	-451.617	114.171	-337.446	-337.446
175	35	-384.988	2.8524	-382.136	-382.136
176	35.2	-571.111	558.597	-12.5139	-12.5139
177	35.4	-526.582	273.684	-252.898	-252.898
178	35.6	-512.517	476.848	-35.6695	-35.6695
179	35.8	-516.29	683.563	167.273	167.273
180	36	-507.812	170.753	-337.059	-337.059
181	36.2	-564.226	518.75	-45.4765	-45.4765
182	36.4	-498.635	112.178	-386.458	-386.458
183	36.6	-484.022	256.876	-227.146	-227.146
184	36.8	-473.293	381.576	-91.7168	-91.7168
185	37	-462.627	236.192	-226.434	-226.434
186	37.2	-513.975	560.577	46.6018	46.6018
187	37.4	-434.681	332.274	-102.407	-102.407
188	37.6	-466.504	249.098	-217.407	-217.407
189	37.8	-522.224	681	158.775	158.775
190	38	-384.933	6.4264	-378.506	-378.506
191	38.2	-508.748	437.663	-71.0852	-71.0852
192	38.4	-487.428	542.1	54.6719	54.6719
193	38.6	-409.519	181.981	-227.539	-227.539
194	38.8	-464.511	917.257	452.746	452.746
195	39	-391.951	713.601	321.651	321.651
196	39.2	-389.049	427.842	38.7933	38.7933
197	39.4	-441.471	364.071	-77.4007	-77.4007
198	39.6	-401.242	264.264	-136.978	-136.978
199	39.8	-430.178	307.109	-123.069	-123.069
200	40	-400.623	183.975	-216.648	-216.648
201	40.2	-355.596	229.065	-126.53	-126.53
202	40.4	-371.601	191.919	-179.682	-179.682
203	40.6	-437.542	413.307	-24.2352	-24.2352
204	40.8	-380.236	54.2127	-326.023	-326.023
205	41	-366.691	-22.7742	-389.466	-389.466
206	41.2	-388.498	38.5063	-349.991	-349.991
207	41.4	-405.009	545.16	140.151	140.151
208	41.6	-378.56	331.102	-47.4587	-47.4587
209	41.8	-379.01	-9.5338	-388.544	-388.544
210	42	-400.206	-3.3378	-403.544	-403.544
211	42.2	-408.644	79.6838	-328.96	-328.96
212	42.4	-389.726	70.8212	-318.904	-318.904
213	42.6	-312.273	99.0891	-213.184	-213.184
214	42.8	-294.713	-86.5417	-381.255	-381.255
215	43	-357.751	148.687	-209.064	-209.064
216	43.2	-341.225	-41.6451	-382.87	-382.87
217	43.4	-328.549	77.3905	-251.159	-251.159
218	43.6	-289.844	32.2744	-257.57	-257.57
219	43.8	-383.114	-35.5211	-418.635	-418.635
220	44	-365.77	12.3565	-353.413	-353.413
221	44.2	-299.024	-23.6534	-322.678	-322.678
222	44.4	-296.87	-122.014	-418.884	-418.884
223	44.6	-375.988	-78.3587	-454.347	-454.347
224	44.8	-328.892	-112.503	-441.394	-441.394
225	45	-352.673	165.742	-186.931	-186.931
226	45.2	-377.428	199.765	-177.664	-177.664
227	45.4	-319.306	-90.5128	-409.819	-409.819
228	45.6	-372.504	89.6697	-282.834	-282.834
229	45.8	-303.186	101.14	-202.046	-202.046
230	46	-246.818	-89.8983	-336.717	-336.717
231	46.2	-292.531	29.1228	-263.408	-263.408
232	46.4	-363.11	78.8357	-284.274	-284.274
233	46.6	-304.043	-48.7328	-352.776	-352.776
234	46.8	-397.519	157.565	-239.954	-239.954
235	47	-315.481	-51.7885	-367.27	-367.27
236	47.2	-399.431	-79.9857	-479.417	-479.417
237	47.4	-309.697	85.9174	-223.779	-223.779
238	47.6	-433.498	139.748	-293.75	-293.75
239	47.8	-338.234	-74.3008	-412.534	-412.534
240	48	-343.895	-10.6036	-354.498	-354.498
241	48.2	-355.309	8.6416	-346.667	-346.667
242	48.4	-404.27	-145.825	-550.094	-550.094
243	48.6	-398.697	81.9457	-316.752	-316.752
244	48.8	-357.666	4.3477	-353.318	-353.318
245	49	-491.73	203.535	-288.195	-288.195
246	49.2	-443.027	-17.03	-460.057	-460.057
247	49.4	-412.055	329.341	-82.7143	-82.7143
248	49.6	-477.446	-19.3	-496.746	-496.746
249	49.8	-508.248	284.463	-223.786	-223.786
250	50	-429.972	292.457	-137.515	-137.515
251	50.2	-353.396	109.368	-244.028	-244.028
252	50.4	-418.423	193.328	-225.095	-225.095
253	50.6	-402.946	217.11	-185.835	-185.835
254	50.8	-414.528	402.942	-11.5854	-11.5854
255	51	-509.969	84.6435	-425.325	-425.325
256	51.2	-433.092	189.422	-243.67	-243.67
257	51.4	-386.841	81.8184	-305.022	-305.022
258	51.6	-376.852	-44.1823	-421.034	-421.034
259	51.8	-361.176	65.9103	-295.265	-295.265
260	52	-379.315	24.5012	-354.814	-354.814
261	52.2	-414.73	98.6663	-316.063	-316.063
262	52.4	-389.285	-21.625	-410.91	-410.91
263	52.6	-387.921	128.372	-259.55	-259.55
264	52.8	-402.817	438.099	35.2816	35.2816
265	53	-390.447	297.001	-93.4459	-93.4459
266	53.2	-256.51	-143.707	-400.217	-400.217
267	53.4	-236.941	-104.396	-341.337	-341.337
268	53.6	-290.225	179.159	-111.065	-111.065
269	53.8	-340.468	57.4084	-283.06	-283.06
270	54	-345.052	33.9997	-311.052	-311.052
271	54.2	-421.844	447.969	26.1243	26.1243
272	54.4	-369.822	11.2298	-358.593	-358.593
273	54.6	-376.626	269.612	-107.013	-107.013
274	54.8	-393.99	155.984	-238.006	-238.006
275	55	-421.584	379.829	-41.7551	-41.7551
276	55.2	-390.722	99.1699	-291.552	-291.552
277	55.4	-465.882	466.298	0.4162	0.4162
278	55.6	-458.439	207.686	-250.753	-250.753
279	55.8	-504.892	344.76	-160.132	-160.132
280	56	-449.112	33.7959	-415.316	-415.316
281	56.2	-338.438	116.282	-222.156	-222.156
282	56.4	-421.709	982.647	560.938	560.938
283	56.6	-446.53	273.401	-173.129	-173.129
284	56.8	-407.295	134.825	-272.47	-272.47
285	57	-408.145	372.608	-35.5374	-35.5374
286	57.2	-470.659	387.01	-83.6496	-83.6496
287	57.4	-421.405	184.899	-236.505	-236.505
288	57.6	-442	337.783	-104.217	-104.217
289	57.8	-441.569	150.106	-291.463	-291.463
290	58	-397.548	73.5747	-323.974	-323.974
291	58.2	-379.245	149.248	-229.997	-229.997
292	58.4	-308.716	250.863	-57.8535	-57.8535
293	58.6	-391.373	367.018	-24.3545	-24.3545
294	58.8	-446.517	594.112	147.595	147.595
295	59	-400.138	144.454	-255.684	-255.684
296	59.2	-418.557	141.291	-277.265	-277.265
297	59.4	-512.816	271.996	-240.82	-240.82
298	59.6	-419.325	282.285	-137.04	-137.04
299	59.8	-480.915	335.653	-145.262	-145.262
300	60	-505.3	770.798	265.498	265.498
301	60.2	-452.425	633.273	180.848	180.848
302	60.4	-426.859	503.309	76.4494	76.4494
303	60.6	-382.031	128.635	-253.396	-253.396
304	60.8	-401.226	36.2916	-364.935	-364.935
305	61	-390.473	209.377	-181.096	-181.096
306	61.2	-406.181	269.216	-136.965	-136.965
307	61.4	-386.514	498.353	111.839	111.839
308	61.6	-381.978	428.862	46.8842	46.8842
309	61.8	-365.454	361.457	-3.9963	-3.9963
310	62	-415.329	327.958	-87.3716	-87.3716
311	62.2	-445.897	328.096	-117.801	-117.801
312	62.4	-441.774	328.078	-113.696	-113.696
313	62.6	-415.512	381.056	-34.4561	-34.4561
314	62.8	-423.073	277.566	-145.506	-145.506
315	63	-462.036	397.97	-64.066	-64.066
316	63.2	-468.251	166.073	-302.178	-302.178
317	63.4	-457.822	177.527	-280.295	-280.295
318	63.6	-441.742	353.737	-88.005	-88.005
319	63.8	-437.945	317.146	-120.8	-120.8
320	64	-427.071	433.375	6.304	6.304
321	64.2	-531.077	287.343	-243.733	-243.733
322	64.4	-486.218	403.121	-83.0973	-83.0973
323	64.6	-481.432	332.45	-148.983	-148.983
324	64.8	-430.806	412.23	-18.5757	-18.5757
325	65	-410.175	82.7788	-327.396	-327.396
326	65.2	-450.134	500.72	50.5856	50.5856
327	65.4	-451.722	391.106	-60.6166	-60.6166
328	65.6	-411.004	129.469	-281.534	-281.534
329	65.8	-377.999	331.571	-46.4282	-46.4282
330	66	-407.615	443.982	36.3662	36.3662
331	66.2	-353.473	336.525	-16.948	-16.948
332	66.4	-378.398	28.7341	-349.664	-349.664
333	66.6	-491.446	112.842	-378.604	-378.604
334	66.8	-468.675	571.3	102.625	102.625
335	67	-465.011	346.86	-118.152	-118.152
336	67.2	-471.053	268.316	-202.737	-202.737
337	67.4	-434.217	201.312	-232.905	-232.905
338	67.6	-347.508	-83.3766	-430.885	-430.885
339	67.8	-454.993	100.016	-354.977	-354.977
340	68	-472.774	199.811	-272.963	-272.963
341	68.2	-398.233	160.936	-237.297	-237.297
342	68.4	-410.21	158.535	-251.675	-251.675
343	68.6	-417.481	417.217	-0.2647	-0.2647
344	68.8	-376.47	142.641	-233.829	-233.829
345	69	-379.618	48.4547	-331.163	-331.163
346	69.2	-412.532	780.433	367.902	367.902
347	69.4	-414.007	391.582	-22.4248	-22.4248
348	69.6	-431.309	358.54	-72.7698	-72.7698
349	69.8	-521.822	280.975	-240.847	-240.847
350	70	-438.432	406.107	-32.3257	-32.3257
351	70.2	-463.438	37.871	-425.567	-425.567
352	70.4	-471.905	213.249	-258.656	-258.656
353	70.6	-485.374	0.1493	-485.225	-485.225
354	70.8	-420.658	219.507	-201.151	-201.151
355	71	-442.802	430.63	-12.1717	-12.1717
356	71.2	-427.688	439.459	11.771	11.771
357	71.4	-417.157	26.4607	-390.696	-390.696
358	71.6	-455.168	191.097	-264.07	-264.07
359	71.8	-459.202	231.05	-228.152	-228.152
360	72	-451.765	262.56	-189.205	-189.205
361	72.2	-406.357	327.841	-78.5157	-78.5157
362	72.4	-384.102	48.8973	-335.204	-335.204
363	72.6	-383.333	22.2939	-361.039	-361.039
364	72.8	-351.384	-11.6999	-363.084	-363.084
365	73	-351.637	255.391	-96.2457	-96.2457
366	73.2	-423.507	208.651	-214.856	-214.856
367	73.4	-381.268	191.686	-189.582	-189.582
368	73.6	-447.303	53.9705	-393.333	-393.333
369	73.8	-518.303	420.116	-98.1876	-98.1876
370	74	-577.543	351.666	-225.877	-225.877
371	74.2	-497.019	362.921	-134.098	-134.098
372	74.4	-552.675	555.381	2.706	2.706
373	74.6	-445.629	205.679	-239.949	-239.949
374	74.8	-428.636	395.221	-33.4156	-33.4156
375	75	-443.374	299.77	-143.604	-143.604
376	75.2	-461.468	176.579	-284.89	-284.89
377	75.4	-420.392	325.69	-94.7013	-94.7013
378	75.6	-438.211	270.615	-167.596	-167.596
379	75.8	-416.853	303.488	-113.366	-113.366
380	76	-287.553	494.153	206.599	206.599
381	76.2	-353.744	418.137	64.393	64.393
382	76.4	-398.291	283.11	-115.181	-115.181
383	76.6	-401.673	212.875	-188.798	-188.798
384	76.8	-482.158	314.923	-167.235	-167.235
385	77	-477.926	354.366	-123.56	-123.56
386	77.2	-414.452	252.193	-162.259	-162.259
387	77.4	-431.65	395.828	-35.8217	-35.8217
388	77.6	-448.196	311.789	-136.407	-136.407
389	77.8	-402.284	292.434	-109.85	-109.85
390	78	-413.672	402.861	-10.8111	-10.8111
391	78.2	-477.836	239.656	-238.181	-238.181
392	78.4	-392.411	93.5597	-298.851	-298.851
393	78.6	-434.62	220.184	-214.436	-214.436
394	78.8	-457.434	795.681	338.247	338.247
395	79	-460.244	180.803	-279.441	-279.441
396	79.2	-522.059	372.954	-149.105	-149.105
397	79.4	-463.135	100.916	-362.218	-362.218
398	79.6	-428.866	137.823	-291.043	-291.043
399	79.8	-433.139	84.9664	-348.172	-348.172
400	80	-483.381	253.273	-230.109	-230.109
401	80.2	-475.111	486.566	11.4546	11.4546
402	80.4	-432.522	245.083	-187.438	-187.438
403	80.6	-500.548	-27.6005	-528.149	-528.149
404	80.8	-424.68	206.068	-218.612	-218.612
405	81	-475.077	322.469	-152.608	-152.608
406	81.2	-468.176	343.261	-124.915	-124.915
407	81.4	-480.174	-30.7288	-510.903	-510.903
408	81.6	-470.87	627.77	156.899	156.899
409	81.8	-478.65	101.948	-376.702	-376.702
410	82	-428.487	251.811	-176.676	-176.676
411	82.2	-513.501	574.797	61.2966	61.2966
412	82.4	-521.31	296.866	-224.444	-224.444
413	82.6	-419.555	132.285	-287.27	-287.27
414	82.8	-465.651	90.3325	-375.318	-375.318
415	83	-464.654	339.865	-124.789	-124.789
416	83.2	-438.944	315.2	-123.743	-123.743
417	83.4	-482.145	206.852	-275.292	-275.292
418	83.6	-475.275	480.059	4.7841	4.7841
419	83.8	-462.479	431.311	-31.1683	-31.1683
420	84	-512.359	543.102	30.743	30.743
421	84.2	-424.771	302.943	-121.828	-121.828
422	84.4	-527.162	454.503	-72.6594	-72.6594
423	84.6	-476.989	399.699	-77.2897	-77.2897
424	84.8	-473.133	47.663	-425.47	-425.47
425	85	-490.458	408.451	-82.0075	-82.0075
426	85.2	-578.828	474.885	-103.943	-103.943
427	85.4	-537.748	904.735	366.987	366.987
428	85.6	-590.644	228.971	-361.673	-361.673
429	85.8	-598.366	259.16	-339.206	-339.206
430	86	-505.831	413.428	-92.4028	-92.4028
431	86.2	-406.552	92.077	-314.475	-314.475
432	86.4	-476.801	517.936	41.134	41.134
433	86.6	-480.436	110.364	-370.072	-370.072
434	86.8	-506.292	144.023	-362.269	-362.269
435	87	-559.708	126.815	-432.893	-432.893
436	87.2	-532.906	253.069	-279.837	-279.837
437	87.4	-549.771	215.265	-334.506	-334.506
438	87.6	-515.236	123.864	-391.372	-391.372
439	87.8	-517.018	374.939	-142.079	-142.079
440	88	-597.827	500.238	-97.5892	-97.5892
441	88.2	-574.716	585.544	10.8282	10.8282
442	88.4	-517.963	259.076	-258.887	-258.887
443	88.6	-560.557	592.339	31.7817	31.7817
444	88.8	-502.655	445.154	-57.5008	-57.5008
445	89	-513.253	259.527	-253.726	-253.726
446	89.2	-553.038	719.448	166.411	166.411
447	89.4	-591.027	275.09	-315.937	-315.937
448	89.6	-546.696	660.301	113.605	113.605
449	89.8	-482.568	392.888	-89.6805	-89.6805
450	90	-466.529	16.4773	-450.051	-450.051
451	90.2	-529.201	351.915	-177.286	-177.286
452	90.4	-542.999	207.296	-335.703	-335.703
453	90.6	-486.401	377.597	-108.804	-108.804
454	90.8	-542.329	784.738	242.409	242.409
455	91	-532.741	425.319	-107.422	-107.422
456	91.2	-432.567	218.755	-213.813	-213.813
457	91.4	-520.333	975.941	455.608	455.608
458	91.6	-497.648	189.204	-308.444	-308.444
459	91.8	-532.828	176.022	-356.806	-356.806
460	92	-558.222	163.024	-395.198	-395.198
461	92.2	-582.028	2.0076	-580.021	-580.021
462	92.4	-546.03	267.874	-278.156	-278.156
463	92.6	-577.154	80.5673	-496.587	-496.587
464	92.8	-536.969	102.315	-434.654	-434.654
465	93	-580.639	191.613	-389.026	-389.026
466	93.2	-638.13	356.527	-281.604	-281.604
467	93.4	-557.855	60.0161	-497.839	-497.839
468	93.6	-586.44	267.597	-318.843	-318.843
469	93.8	-617.97	493.127	-124.843	-124.843
470	94	-653.641	464.344	-189.297	-189.297
471	94.2	-549.087	263.531	-285.556	-285.556
472	94.4	-554.954	465.182	-89.7722	-89.7722
473	94.6	-562.853	364.153	-198.7	-198.7
474	94.8	-618.877	226.725	-392.152	-392.152
475	95	-587.682	286.806	-300.876	-300.876
476	95.2	-618.526	708.041	89.5148	89.5148
477	95.4	-684.767	253.819	-430.948	-430.948
478	95.6	-622.347	422.923	-199.424	-199.424
479	95.8	-596.968	259.775	-337.193	-337.193
480	96	-503.418	247.929	-255.488	-255.488
481	96.2	-431.371	501.808	70.4371	70.4371
482	96.4	-456.51	394.471	-62.0381	-62.0381
483	96.6	-503.716	374.277	-129.438	-129.438
484	96.8	-512.231	161.156	-351.075	-351.075
485	97	-553.413	249.442	-303.971	-303.971
486	97.2	-593.76	368.461	-225.299	-225.299
487	97.4	-584.479	762.04	177.562	177.562
488	97.6	-490.066	190.287	-299.779	-299.779
489	97.8	-605.151	511.909	-93.2425	-93.2425
490	98	-575.907	539.981	-35.9256	-35.9256
491	98.2	-518.354	494.62	-23.734	-23.734
492	98.4	-582.527	403.851	-178.676	-178.676
493	98.6	-551.611	148.416	-403.196	-403.196
494	98.8	-571.176	108.888	-462.288	-462.288
495	99	-552.23	68.8781	-483.351	-483.351
496	99.2	-519.422	57.818	-461.604	-461.604
497	99.4	-498.036	26.7246	-471.312	-471.312
498	99.6	-478.74	117.132	-361.607	-361.607
499	99.8	-433.809	-4.6569	-438.466	-438.466
500	100	-490.123	190.457	-299.666	-299.666
501	100.2	-521.69	252.702	-268.988	-268.988
502	100.4	-489.548	208.619	-280.928	-280.928
503	100.6	-577.172	112.594	-464.578	-464.578
504	100.8	-504.886	273.348	-231.537	-231.537
505	101	-487.762	165.564	-322.198	-322.198
506	101.2	-490.528	354.264	-136.264	-136.264
507	101.4	-525.416	276.366	-249.051	-249.051
508	101.6	-446.36	236.759	-209.602	-209.602
509	101.8	-465.09	484.31	19.2202	19.2202
510	102	-535.643	430.257	-105.387	-105.387
511	102.2	-481.973	125.816	-356.157	-356.157
512	102.4	-511.682	134.491	-377.191	-377.191
513	102.6	-532.741	84.0524	-448.689	-448.689
514	102.8	-566.355	-83.6935	-650.048	-650.048
515	103	-481.219	285.63	-195.588	-195.588
516	103.2	-523.028	-8.3223	-531.35	-531.35
517	103.4	-597.376	412.548	-184.829	-184.829
518	103.6	-620.95	73.5681	-547.382	-547.382
519	103.8	-604.211	234.252	-369.959	-369.959
520	104	-634.541	653.468	18.9274	18.9274
521	104.2	-581.383	908.736	327.353	327.353
522	104.4	-555.761	829.217	273.456	273.456
523	104.6	-511.45	315.292	-196.158	-196.158
524	104.8	-550.489	717.93	167.441	167.441
525	105	-621.409	292.822	-328.587	-328.587
526	105.2	-556.835	145.753	-411.082	-411.082
527	105.4	-639.36	851.881	212.522	212.522
528	105.6	-632.582	593.37	-39.211	-39.211
529	105.8	-589.472	677.153	87.6809	87.6809
530	106	-543.814	178.917	-364.897	-364.897
531	106.2	-551.515	389.465	-162.05	-162.05
532	106.4	-707.133	505.487	-201.646	-201.646
533	106.6	-502.889	388.18	-114.709	-114.709
534	106.8	-583.899	572.112	-11.7871	-11.7871
535	107	-534.63	185.662	-348.968	-348.968
536	107.2	-549.567	344.211	-205.356	-205.356
537	107.4	-560.502	662.467	101.965	101.965
538	107.6	-514.205	288.762	-225.443	-225.443
539	107.8	-580.822	580.435	-0.3867	-0.3867
540	108	-562.8	412.603	-150.197	-150.197
541	108.2	-491.409	431.293	-60.1162	-60.1162
542	108.4	-553.968	308.934	-245.034	-245.034
543	108.6	-528.149	367.996	-160.153	-160.153
544	108.8	-547.722	554.632	6.9098	6.9098
545	109	-493.585	301.275	-192.309	-192.309
546	109.2	-578.036	682.617	104.58	104.58
547	109.4	-511.95	437.941	-74.0085	-74.0085
548	109.6	-515.16	284.059	-231.101	-231.101
549	109.8	-547.134	267.093	-280.041	-280.041
550	110	-513.931	376.776	-137.155	-137.155
551	110.2	-403.84	198.86	-204.98	-204.98
552	110.4	-422.392	508.085	85.6935	85.6935
553	110.6	-495.125	339.459	-155.667	-155.667
554	110.8	-456.591	330.208	-126.382	-126.382
555	111	-422.172	435.456	13.2835	13.2835
556	111.2	-397.932	307.879	-90.0529	-90.0529
557	111.4	-384.102	44.9257	-339.177	-339.177
558	111.6	-413.922	50.2193	-363.703	-363.703
559	111.8	-395.794	105.319	-290.475	-290.475
560	112	-356.248	108.957	-247.29	-247.29
561	112.2	-416.209	323.221	-92.9876	-92.9876
562	112.4	-413.966	257.518	-156.448	-156.448
563	112.6	-468.63	168.687	-299.943	-299.943
564	112.8	-453.833	115.232	-338.601	-338.601
565	113	-394.999	177.785	-217.214	-217.214
566	113.2	-434.137	335.267	-98.8703	-98.8703
567	113.4	-372.195	139.311	-232.884	-232.884
568	113.6	-399.041	396.312	-2.7291	-2.7291
569	113.8	-391.404	259.72	-131.684	-131.684
570	114	-375.538	24.3099	-351.228	-351.228
571	114.2	-388.748	421.624	32.876	32.876
572	114.4	-430.112	177.641	-252.471	-252.471
573	114.6	-416.464	-30.0342	-446.498	-446.498
574	114.8	-395.428	287.771	-107.657	-107.657
575	115	-409.774	214.523	-195.252	-195.252
576	115.2	-393.641	209.577	-184.064	-184.064
577	115.4	-379.112	118.338	-260.773	-260.773
578	115.6	-405.131	429.886	24.7552	24.7552
579	115.8	-437.134	636.611	199.477	199.477
580	116	-408.959	463.582	54.623	54.623
581	116.2	-411.206	528.725	117.519	117.519
582	116.4	-445.695	349.569	-96.1263	-96.1263
583	116.6	-452.002	359.682	-92.3201	-92.3201
584	116.8	-467.074	458.705	-8.3689	-8.3689
585	117	-358.606	161.513	-197.093	-197.093
586	117.2	-389.669	250.569	-139.1	-139.1
587	117.4	-452.548	226.606	-225.942	-225.942
588	117.6	-430.79	295.137	-135.653	-135.653
589	117.8	-423.727	279.603	-144.124	-144.124
590	118	-428.072	142.975	-285.097	-285.097
591	118.2	-467.97	236.343	-231.628	-231.628
592	118.4	-486.402	507.246	20.8437	20.8437
593	118.6	-559.594	272.44	-287.154	-287.154
594	118.8	-453.217	14.057	-439.159	-439.159
595	119	-467.973	456.59	-11.383	-11.383
596	119.2	-440.446	72.4895	-367.957	-367.957
597	119.4	-485.998	133.199	-352.799	-352.799
598	119.6	-363.895	151.463	-212.432	-212.432
599	119.8	-381.718	-86.1628	-467.881	-467.881
600	120	-390.719	258.411	-132.308	-132.308
601	120.2	-433.682	256.201	-177.481	-177.481
602	120.4	-327.954	-63.727	-391.681	-391.681
603	120.6	-383.878	143.363	-240.515	-240.515
604	120.8	-340.42	-33.4901	-373.91	-373.91
605	121	-270.482	-51.2023	-321.684	-321.684
606	121.2	-282.722	-99.2615	-381.983	-381.983
607	121.4	-357.536	-30.8585	-388.395	-388.395
608	121.6	-353.796	69.1965	-284.599	-284.599
609	121.8	-356.176	-125.574	-481.75	-481.75
610	122	-341.266	-172.96	-514.226	-514.226
611	122.2	-374.083	-4.405	-378.488	-378.488
612	122.4	-364.979	-153.937	-518.917	-518.917
613	122.6	-361.795	-213.951	-575.746	-575.746
614	122.8	-273.829	-157.175	-431.004	-431.004
615	123	-273.083	-64.1763	-337.259	-337.259
616	123.2	-327.611	-2.5124	-330.123	-330.123
617	123.4	-311.905	-44.8646	-356.77	-356.77
618	123.6	-327.354	-64.8208	-392.174	-392.174
619	123.8	-319.9	28.0458	-291.854	-291.854
620	124	-270.332	-97.115	-367.447	-367.447
621	124.2	-275.791	-101.256	-377.047	-377.047
622	124.4	-363.302	10.809	-352.493	-352.493
623	124.6	-408.096	-119.166	-527.262	-527.262
624	124.8	-355.516	-103.343	-458.859	-458.859
625	125	-365.804	-40.1053	-405.91	-405.91
626	125.2	-339.858	-72.9033	-412.762	-412.762
627	125.4	-312.06	-24.9786	-337.039	-337.039
628	125.6	-333.572	-172.223	-505.795	-505.795
629	125.8	-423.306	119.143	-304.163	-304.163
630	126	-359.785	95.3835	-264.402	-264.402
631	126.2	-448.997	-34.7905	-483.787	-483.787
632	126.4	-465.157	-65.9679	-531.125	-531.125
633	126.6	-426.157	306.441	-119.716	-119.716
634	126.8	-449.084	37.447	-411.637	-411.637
635	127	-453.191	202.048	-251.144	-251.144
636	127.2	-373.219	36.9321	-336.287	-336.287
637	127.4	-486.222	88.7132	-397.509	-397.509
638	127.6	-467.723	105.876	-361.846	-361.846
639	127.8	-391.754	-29.4215	-421.176	-421.176
640	128	-477.676	-2.1056	-479.781	-479.781
641	128.2	-405.872	218.749	-187.123	-187.123
642	128.4	-418.732	56.6237	-362.108	-362.108
643	128.6	-456.794	104.167	-352.627	-352.627
644	128.8	-404.117	65.1627	-338.954	-338.954
645	129	-413.918	185.091	-228.827	-228.827
646	129.2	-537.799	271.352	-266.446	-266.446
647	129.4	-506.016	97.3046	-408.711	-408.711
648	129.6	-484.72	110.102	-374.618	-374.618
649	129.8	-558.487	451.95	-106.537	-106.537
650	130	-474.369	202.906	-271.463	-271.463
651	130.2	-413.51	49.52	-363.99	-363.99
652	130.4	-478.774	-1.8718	-480.646	-480.646
653	130.6	-407.58	73.4559	-334.124	-334.124
654	130.8	-511.003	180.55	-330.452	-330.452
655	131	-444.48	324.486	-119.994	-119.994
656	131.2	-555.681	385.854	-169.827	-169.827
657	131.4	-494.489	308.646	-185.843	-185.843
658	131.6	-447.321	-58.557	-505.878	-505.878
659	131.8	-468.729	4.2247	-464.505	-464.505
660	132	-438.741	-59.312	-498.053	-498.053
661	132.2	-459.776	82.1474	-377.628	-377.628
662	132.4	-445.339	289.574	-155.765	-155.765
663	132.6	-384.114	-61.7543	-445.868	-445.868
664	132.8	-456.609	-33.0764	-489.686	-489.686
665	133	-402.405	43.5384	-358.866	-358.866
666	133.2	-392.473	-5.7395	-398.212	-398.212
667	133.4	-437.723	-99.8644	-537.588	-537.588
668	133.6	-441.241	-197.768	-639.01	-639.01
669	133.8	-399.81	-52.5225	-452.333	-452.333
670	134	-462	207.504	-254.496	-254.496
671	134.2	-583.059	-64.7656	-647.825	-647.825
672	134.4	-499.996	96.4642	-403.532	-403.532
673	134.6	-482.376	187.673	-294.703	-294.703
674	134.8	-504.012	140.041	-363.971	-363.971
675	135	-532.664	129.79	-402.874	-402.874
676	135.2	-515.521	231.711	-283.81	-283.81
677	135.4	-464.373	317.079	-147.295	-147.295
678	135.6	-447.528	451.688	4.1597	4.1597
679	135.8	-499.628	387.992	-111.636	-111.636
680	136	-521.749	234.797	-286.952	-286.952
681	136.2	-537.57	586.689	49.1191	49.1191
682	136.4	-596.923	373.863	-223.06	-223.06
683	136.6	-602.051	545.323	-56.7287	-56.7287
684	136.8	-624.093	352.544	-271.549	-271.549
685	137	-619.396	645.266	25.8702	25.8702
686	137.2	-596.073	444.617	-151.455	-151.455
687	137.4	-618.146	444.382	-173.764	-173.764
688	137.6	-533.319	520.067	-13.252	-13.252
689	137.8	-567.98	684.976	116.996	116.996
690	138	-494.037	280.49	-213.547	-213.547
691	138.2	-529.923	549.597	19.6741	19.6741
692	138.4	-454.761	224.651	-230.11	-230.11
693	138.6	-458.794	57.5862	-401.208	-401.208
694	138.8	-525.316	338.396	-186.92	-186.92
695	139	-493.441	54.9443	-438.497	-438.497
696	139.2	-522.261	94.1602	-428.101	-428.101
697	139.4	-465.029	179.607	-285.421	-285.421
698	139.6	-521.108	52.4838	-468.625	-468.625
699	139.8	-557.844	63.3332	-494.511	-494.511
700	140	-503.881	111.296	-392.585	-392.585
701	140.2	-544.489	155.775	-388.714	-388.714
702	140.4	-605.366	471.509	-133.858	-133.858
703	140.6	-576.074	102.941	-473.133	-473.133
704	140.8	-533.871	8.5059	-525.365	-525.365
705	141	-519.44	171.27	-348.171	-348.171
706	141.2	-649.597	-11.199	-660.796	-660.796
707	141.4	-614.045	175.597	-438.449	-438.449
708	141.6	-638.886	381.76	-257.126	-257.126
709	141.8	-675.205	119.187	-556.018	-556.018
710	142	-678.063	151.137	-526.925	-526.925
711	142.2	-641.938	327.815	-314.123	-314.123
712	142.4	-719.967	182.432	-537.535	-537.535
713	142.6	-649.413	309.464	-339.95	-339.95
714	142.8	-678.101	305.111	-372.989	-372.989
715	143	-706.283	180.011	-526.273	-526.273
716	143.2	-659.244	86.0582	-573.186	-573.186
717	143.4	-545.147	-167.504	-712.651	-712.651
718	143.6	-660.723	173.396	-487.327	-487.327
719	143.8	-616.722	-20.0278	-636.749	-636.749
720	144	-684.204	350.165	-334.039	-334.039
721	144.2	-727.388	86.8114	-640.577	-640.577
722	144.4	-758.295	171.956	-586.339	-586.339
723	144.6	-697.824	202.934	-494.89	-494.89
724	144.8	-774.78	6.2498	-768.53	-768.53
725	145	-810.809	191.915	-618.895	-618.895
726	145.2	-779.366	232.054	-547.312	-547.312
727	145.4	-787.993	277.874	-510.119	-510.119
728	145.6	-729.296	218.454	-510.841	-510.841
729	145.8	-766.089	162.639	-603.45	-603.45
730	146	-646.59	390.641	-255.948	-255.948
731	146.2	-616.522	57.2792	-559.243	-559.243
732	146.4	-637.582	100.008	-537.574	-537.574
733	146.6	-643.3	128.757	-514.543	-514.543
734	146.8	-615.178	207.097	-408.081	-408.081
735	147	-536.248	193.378	-342.87	-342.87
736	147.2	-625.951	451.473	-174.478	-174.478
737	147.4	-525.235	310.471	-214.764	-214.764
738	147.6	-644.874	483.245	-161.628	-161.628
739	147.8	-590.759	224.582	-366.177	-366.177
740	148	-606.084	327.108	-278.975	-278.975
741	148.2	-553.368	146.794	-406.574	-406.574
742	148.4	-594.741	282.352	-312.389	-312.389
743	148.6	-571.453	52.4079	-519.045	-519.045
744	148.8	-565.824	100.482	-465.342	-465.342
745	149	-495.753	41.1713	-454.581	-454.581
746	149.2	-446.478	-107.071	-553.549	-553.549
747	149.4	-562.071	152.624	-409.446	-409.446
748	149.6	-412.39	15.6209	-396.77	-396.77
749	149.8	-401.245	71.1695	-330.075	-330.075
750	150	-387.426	350.904	-36.5227	-36.5227
751	150.2	-462.223	227.557	-234.666	-234.666
752	150.4	-501.991	102.763	-399.228	-399.228
753	150.6	-524.957	161.548	-363.409	-363.409
754	150.8	-478.172	-93.4107	-571.583	-571.583
755	151	-452.492	-19.5879	-472.08	-472.08
756	151.2	-537.809	-24.9755	-562.785	-562.785
757	151.4	-563.502	248.486	-315.016	-315.016
758	151.6	-521.482	436.224	-85.2586	-85.2586
759	151.8	-470.783	-19.9459	-490.729	-490.729
760	152	-493.349	105.65	-387.698	-387.698
761	152.2	-449.031	-99.8789	-548.91	-548.91
762	152.4	-556.342	103.086	-453.256	-453.256
763	152.6	-604.601	289.774	-314.827	-314.827
764	152.8	-686.5	239.181	-447.319	-447.319
765	153	-619.774	64.5497	-555.224	-555.224
766	153.2	-760.697	290.649	-470.047	-470.047
767	153.4	-657.896	170.606	-487.29	-487.29
768	153.6	-583.302	174.063	-409.239	-409.239
769	153.8	-555.552	296.538	-259.014	-259.014
770	154	-543.072	362.73	-180.342	-180.342
771	154.2	-505.18	69.1441	-436.036	-436.036
772	154.4	-535.656	219.457	-316.199	-316.199
773	154.6	-446.019	-103.581	-549.6	-549.6
774	154.8	-436.905	33.4245	-403.481	-403.481
775	155	-486.677	316.023	-170.654	-170.654
776	155.2	-447.622	15.5851	-432.037	-432.037
777	155.4	-414.558	34.1494	-380.409	-380.409
778	155.6	-526.082	28.0092	-498.072	-498.072
779	155.8	-470.345	-167.803	-638.148	-638.148
780	156	-468.589	-27.6065	-496.196	-496.196
781	156.2	-443.467	51.9566	-391.51	-391.51
782	156.4	-440.304	73.7913	-366.513	-366.513
783	156.6	-416.65	103.305	-313.345	-313.345
784	156.8	-458.759	46.346	-412.413	-412.413
785	157	-455.635	39.8689	-415.766	-415.766
786	157.2	-476.704	-68.3505	-545.054	-545.054
787	157.4	-432.407	-56.8089	-489.216	-489.216
788	157.6	-504.697	66.5603	-438.137	-438.137
789	157.8	-419.464	-122.34	-541.804	-541.804
790	158	-429.975	174.68	-255.295	-255.295
791	158.2	-403.233	204.079	-199.154	-199.154
792	158.4	-440.9	-97.2732	-538.173	-538.173
793	158.6	-444.019	328.266	-115.753	-115.753
794	158.8	-385.825	-47.0537	-432.879	-432.879
795	159	-333.247	53.4869	-279.761	-279.761
796	159.2	-399.345	142.447	-256.898	-256.898
797	159.4	-461.983	526.116	64.1324	64.1324
798	159.6	-436.324	40.9649	-395.359	-395.359
799	159.8	-488.304	-2.4685	-490.773	-490.773
800	160	-609.525	445.869	-163.655	-163.655
801	160.2	-516.169	300.043	-216.127	-216.127
802	160.4	-603.163	369.94	-233.223	-233.223
803	160.6	-523.618	160.771	-362.847	-362.847
804	160.8	-659.753	739.475	79.7221	79.7221
805	161	-655.106	444.36	-210.745	-210.745
806	161.2	-613.827	390.373	-223.453	-223.453
807	161.4	-674.413	514.638	-159.775	-159.775
808	161.6	-594.656	472.399	-122.256	-122.256
809	161.8	-498.819	320.329	-178.49	-178.49
810	162	-502.031	379.604	-122.427	-122.427
811	162.2	-471.029	94.6811	-376.348	-376.348
812	162.4	-532.372	28.137	-504.235	-504.235
813	162.6	-631.012	258.375	-372.637	-372.637
814	162.8	-614.507	405.501	-209.006	-209.006
815	163	-518.201	-48.1574	-566.358	-566.358
816	163.2	-552.924	-26.0927	-579.017	-579.017
817	163.4	-556.587	-16.2536	-572.841	-572.841
818	163.6	-501.218	179.223	-321.996	-321.996
819	163.8	-511.725	25.8034	-485.921	-485.921
820	164	-505.303	41.585	-463.718	-463.718
821	164.2	-449.041	173.892	-275.149	-275.149
822	164.4	-457.96	90.3759	-367.584	-367.584
823	164.6	-456.007	-101.087	-557.095	-557.095
824	164.8	-531.759	-62.1971	-593.957	-593.957
825	165	-544.94	44.645	-500.295	-500.295
826	165.2	-431.494	-11.7137	-443.208	-443.208
827	165.4	-466.75	117.413	-349.337	-349.337
828	165.6	-575.772	584.853	9.0812	9.0812
829	165.8	-545.558	143.761	-401.797	-401.797
830	166	-585.747	129.229	-456.519	-456.519
831	166.2	-528.807	85.4636	-443.343	-443.343
832	166.4	-601.732	22.7323	-579	-579
833	166.6	-504.743	145.625	-359.118	-359.118
834	166.8	-459.252	59.1455	-400.107	-400.107
835	167	-486.868	137.251	-349.618	-349.618
836	167.2	-402.075	108.052	-294.023	-294.023
837	167.4	-368.049	70.7413	-297.308	-297.308
838	167.6	-385.134	143.395	-241.739	-241.739
839	167.8	-422.166	25.7639	-396.402	-396.402
840	168	-471.277	130.168	-341.109	-341.109
841	168.2	-463.008	81.9053	-381.103	-381.103
842	168.4	-481.315	157.791	-323.524	-323.524
843	168.6	-543.041	312.337	-230.705	-230.705
844	168.8	-466.803	363.143	-103.659	-103.659
845	169	-519.354	71.5809	-447.773	-447.773
846	169.2	-467.608	228.823	-238.785	-238.785
847	169.4	-502.217	299.244	-202.974	-202.974
848	169.6	-392.498	32.626	-359.872	-359.872
849	169.8	-383.33	179.918	-203.412	-203.412
850	170	-406.096	111.565	-294.531	-294.531
851	170.2	-415.599	244.404	-171.195	-171.195
852	170.4	-417.149	347.723	-69.4259	-69.4259
853	170.6	-505.238	395.036	-110.202	-110.202
854	170.8	-531.457	240.256	-291.202	-291.202
855	171	-558.002	488.688	-69.3141	-69.3141
856	171.2	-507.224	-17.0514	-524.275	-524.275
857	171.4	-604.821	392.21	-212.611	-212.611
858	171.6	-544.889	289.759	-255.129	-255.129
859	171.8	-568.678	194.838	-373.84	-373.84
860	172	-573.162	276.361	-296.801	-296.801
861	172.2	-555.453	121.425	-434.029	-434.029
862	172.4	-512.119	165.158	-346.961	-346.961
863	172.6	-487.091	153.545	-333.546	-333.546
864	172.8	-505.048	489.973	-15.0744	-15.0744
865	173	-513.002	438.216	-74.7859	-74.7859
866	173.2	-549.924	82.028	-467.896	-467.896
867	173.4	-453.512	470.761	17.2487	17.2487
868	173.6	-511.793	174.21	-337.583	-337.583
869	173.8	-522.025	97.6091	-424.416	-424.416
870	174	-417.665	268.623	-149.042	-149.042
871	174.2	-409.087	87.4001	-321.687	-321.687
872	174.4	-444.617	75.2411	-369.376	-369.376
873	174.6	-372.931	-74.9646	-447.896	-447.896
874	174.8	-491.815	288.907	-202.908	-202.908
875	175	-479.77	294.932	-184.838	-184.838
876	175.2	-516.486	229.43	-287.055	-287.055
877	175.4	-488.268	501.748	13.4802	13.4802
878	175.6	-543.088	248.09	-294.999	-294.999
879	175.8	-426.018	119.738	-306.28	-306.28
880	176	-597.087	836.068	238.981	238.981
881	176.2	-501.182	113.463	-387.718	-387.718
882	176.4	-550.682	234.24	-316.442	-316.442
883	176.6	-631.222	405.871	-225.351	-225.351
884	176.8	-522.331	590.004	67.6729	67.6729
885	177	-527.015	661.652	134.636	134.636
886	177.2	-554.698	121.544	-433.154	-433.154
887	177.4	-496.53	293.199	-203.331	-203.331
888	177.6	-525.81	186.96	-338.85	-338.85
889	177.8	-533.986	383.616	-150.37	-150.37
890	178	-495.892	235.773	-260.119	-260.119
891	178.2	-565.214	453.5	-111.714	-111.714
892	178.4	-575.148	519.842	-55.3064	-55.3064
893	178.6	-522.667	259.85	-262.817	-262.817
894	178.8	-468.231	302.764	-165.467	-165.467
895	179	-480.839	156.685	-324.154	-324.154
896	179.2	-488.913	105.268	-383.645	-383.645
897	179.4	-466.386	17.076	-449.31	-449.31
898	179.6	-504.712	57.2362	-447.475	-447.475
899	179.8	-535.815	-39.2849	-575.1	-575.1
900	180	-522.83	-12.1037	-534.934	-534.934
901	180.2	-474.517	-112.827	-587.344	-587.344
902	180.4	-525.279	415.261	-110.019	-110.019
903	180.6	-500.812	162.311	-338.501	-338.501
904	180.8	-440.574	-41.9546	-482.529	-482.529
905	181	-491.906	-91.7008	-583.607	-583.607
906	181.2	-438.95	-212.596	-651.546	-651.546
907	181.4	-522.332	17.3307	-505.001	-505.001
908	181.6	-513.745	216.926	-296.818	-296.818
909	181.8	-392.025	-132.008	-524.032	-524.032
910	182	-446.536	-45.0925	-491.628	-491.628
911	182.2	-370.278	-16.4761	-386.754	-386.754
912	182.4	-436.505	-142.853	-579.358	-579.358
913	182.6	-451.527	63.2208	-388.306	-388.306
914	182.8	-473.584	137.731	-335.853	-335.853
915	183	-507.018	-154.585	-661.603	-661.603
916	183.2	-445.425	10.4154	-435.01	-435.01
917	183.4	-418.762	210.011	-208.751	-208.751
918	183.6	-503.845	236.091	-267.754	-267.754
919	183.8	-455.53	22.6358	-432.895	-432.895
920	184	-449.31	178.586	-270.725	-270.725
921	184.2	-449.052	287.085	-161.967	-161.967
922	184.4	-455.824	198.845	-256.979	-256.979
923	184.6	-463.199	86.1276	-377.071	-377.071
924	184.8	-372.051	126.866	-245.185	-245.185
925	185	-378.524	243.386	-135.138	-135.138
926	185.2	-484.308	74.1405	-410.168	-410.168
927	185.4	-465.867	250.032	-215.835	-215.835
928	185.6	-462.969	664.829	201.86	201.86
929	185.8	-369.885	103.49	-266.394	-266.394
930	186	-362.898	-149.404	-512.303	-512.303
931	186.2	-354.95	-134.905	-489.855	-489.855
932	186.4	-424.87	-67.6639	-492.534	-492.534
933	186.6	-486.066	409.79	-76.2758	-76.2758
934	186.8	-505.771	-39.4965	-545.268	-545.268
935	187	-476.944	10.6916	-466.253	-466.253
936	187.2	-460.893	135.312	-325.581	-325.581
937	187.4	-437.489	29.08	-408.409	-408.409
938	187.6	-493.38	202.762	-290.618	-290.618
939	187.8	-480.252	168.845	-311.407	-311.407
940	188	-593.587	144.614	-448.974	-448.974
941	188.2	-416.843	148.54	-268.303	-268.303
942	188.4	-536.258	-15.5247	-551.783	-551.783
943	188.6	-498.707	-45.615	-544.322	-544.322
944	188.8	-583.137	92.7796	-490.358	-490.358
945	189	-580.978	206.569	-374.409	-374.409
946	189.2	-538.467	81.9343	-456.533	-456.533
947	189.4	-530.12	113.603	-416.517	-416.517
948	189.6	-512.008	237.055	-274.953	-274.953
949	189.8	-564.845	212.601	-352.244	-352.244
950	190	-518.935	61.9585	-456.977	-456.977
951	190.2	-549.68	275.613	-274.067	-274.067
952	190.4	-620.852	103.624	-517.227	-517.227
953	190.6	-449.417	211.077	-238.34	-238.34
954	190.8	-554.832	238.292	-316.539	-316.539
955	191	-511.576	215.012	-296.564	-296.564
956	191.2	-527.255	48.5669	-478.688	-478.688
957	191.4	-538.017	170.181	-367.836	-367.836
958	191.6	-511.926	190.311	-321.615	-321.615
959	191.8	-538.502	99.0639	-439.438	-439.438
960	192	-524.269	494.014	-30.2558	-30.2558
961	192.2	-586.111	111.049	-475.062	-475.062
962	192.4	-615.414	233.613	-381.801	-381.801
963	192.6	-555.803	240.781	-315.022	-315.022
964	192.8	-500.959	200.551	-300.408	-300.408
965	193	-484.095	278.413	-205.682	-205.682
966	193.2	-550.087	-9.9521	-560.039	-560.039
967	193.4	-523.261	46.9946	-476.267	-476.267
968	193.6	-533.694	130.636	-403.058	-403.058
969	193.8	-492.319	192.407	-299.912	-299.912
970	194	-521.873	379.402	-142.471	-142.471
971	194.2	-502.924	-117.411	-620.335	-620.335
972	194.4	-563.113	159.816	-403.297	-403.297
973	194.6	-471.063	125.346	-345.717	-345.717
974	194.8	-594.468	191.37	-403.098	-403.098
975	195	-511.88	144.424	-367.456	-367.456
976	195.2	-623.609	243.087	-380.522	-380.522
977	195.4	-487.592	350.173	-137.418	-137.418
978	195.6	-468.312	383.429	-84.8827	-84.8827
979	195.8	-554.409	509.009	-45.3993	-45.3993
980	196	-516.087	316.048	-200.039	-200.039
981	196.2	-550.683	309.505	-241.177	-241.177
982	196.4	-479.138	290.293	-188.845	-188.845
983	196.6	-520.503	376.864	-143.639	-143.639
984	196.8	-469.194	191.855	-277.339	-277.339
985	197	-500.674	221.046	-279.628	-279.628
986	197.2	-489.314	30.6294	-458.685	-458.685
987	197.4	-534.136	310.16	-223.976	-223.976
988	197.6	-511.613	351.838	-159.774	-159.774
989	197.8	-502.503	27.6723	-474.831	-474.831
990	198	-447.915	192.416	-255.499	-255.499
991	198.2	-485.907	-64.6813	-550.588	-550.588
992	198.4	-472.587	165.417	-307.17	-307.17
993	198.6	-391.971	132.842	-259.129	-259.129
994	198.8	-519.517	320.043	-199.473	-199.473
995	199	-501.659	337.226	-164.433	-164.433
996	199.2	-433.777	11.1673	-422.61	-422.61
997	199.4	-451.77	116.382	-335.388	-335.388
998	199.6	-489.758	351.556	-138.202	-138.202
999	199.8	-417.063	319.589	-97.4738	-97.4738
1000	200	-455.516	82.0011	-373.515	-373.515
1001	200.2	-481.161	-54.9328	-536.093	-536.093
1002	200.4	-449.835	58.1776	-391.657	-391.657
1003	200.6	-497.546	110.356	-387.19	-387.19
1004	200.8	-482.093	371.24	-110.853	-110.853
1005	201	-482.394	261.325	-221.069	-221.069
1006	201.2	-420.483	-88.4116	-508.894	-508.894
1007	201.4	-486.045	61.2871	-424.758	-424.758
1008	201.6	-462.538	143.737	-318.801	-318.801
1009	201.8	-453.957	200.586	-253.371	-253.371
1010	202	-397.435	28.3037	-369.132	-369.132
1011	202.2	-407.329	-92.6188	-499.947	-499.947
1012	202.4	-410.698	-190.379	-601.077	-601.077
1013	202.6	-410.553	73.282	-337.271	-337.271
1014	202.8	-436.486	-48.0887	-484.575	-484.575
1015	203	-413.185	131.167	-282.018	-282.018
1016	203.2	-435.255	7.3037	-427.951	-427.951
1017	203.4	-427.158	-29.6064	-456.764	-456.764
1018	203.6	-358.206	-86.7941	-445	-445
1019	203.8	-335.96	-136.695	-472.655	-472.655
1020	204	-439.786	-31.9726	-471.759	-471.759
1021	204.2	-329.364	-175.524	-504.888	-504.888
1022	204.4	-392.08	-0.4943	-392.574	-392.574
1023	204.6	-418.622	82.9635	-335.658	-335.658
1024	204.8	-320.037	-109.011	-429.049	-429.049
1025	205	-440.652	85.063	-355.589	-355.589
1026	205.2	-449.654	154.781	-294.874	-294.874
1027	205.4	-426.008	64.9887	-361.019	-361.019
1028	205.6	-433.291	-91.4679	-524.759	-524.759
1029	205.8	-402.402	-56.1911	-458.594	-458.594
1030	206	-408.519	245.983	-162.536	-162.536
1031	206.2	-471.148	182.055	-289.092	-289.092
1032	206.4	-487.307	17.0125	-470.294	-470.294
1033	206.6	-457.515	52.1563	-405.359	-405.359
1034	206.8	-505.088	278.414	-226.674	-226.674
1035	207	-495.521	369.994	-125.527	-125.527
1036	207.2	-505.054	404.553	-100.501	-100.501
1037	207.4	-506.38	153.399	-352.981	-352.981
1038	207.6	-476.044	191.184	-284.86	-284.86
1039	207.8	-478.101	327.004	-151.097	-151.097
1040	208	-441.342	133.849	-307.494	-307.494
1041	208.2	-440.586	-85.7767	-526.362	-526.362
1042	208.4	-379.999	-2.8437	-382.843	-382.843
1043	208.6	-412.555	145.628	-266.927	-266.927
1044	208.8	-418.559	-66.1985	-484.757	-484.757
1045	209	-454.393	-28.385	-482.778	-482.778
1046	209.2	-422.015	228.491	-193.523	-193.523
1047	209.4	-479.363	219.642	-259.721	-259.721
1048	209.6	-431.002	-112.706	-543.708	-543.708
1049	209.8	-413.215	158.482	-254.733	-254.733
1050	210	-409.62	158.154	-251.466	-251.466
1051	210.2	-475.357	338.551	-136.807	-136.807
1052	210.4	-460.659	70.3896	-390.27	-390.27
1053	210.6	-420.481	-47.9668	-468.447	-468.447
1054	210.8	-370.82	117.97	-252.85	-252.85
1055	211	-396.533	30.0056	-366.527	-366.527
1056	211.2	-416.634	81.9327	-334.701	-334.701
1057	211.4	-475.562	-191.943	-667.504	-667.504
1058	211.6	-420.103	-96.4596	-516.563	-516.563
1059	211.8	-353.405	27.4688	-325.937	-325.937
1060	212	-405.777	-94.126	-499.903	-499.903
1061	212.2	-408.987	-136.811	-545.799	-545.799
1062	212.4	-450.353	109.002	-341.351	-341.351
1063	212.6	-412.776	-80.6358	-493.412	-493.412
1064	212.8	-444.802	211.1	-233.702	-233.702
1065	213	-478.09	182.539	-295.551	-295.551
1066	213.2	-354.119	326.077	-28.0414	-28.0414
1067	213.4	-268.549	-194.274	-462.824	-462.824
1068	213.6	-373.413	68.9396	-304.473	-304.473
1069	213.8	-356.476	185.318	-171.158	-171.158
1070	214	-335.371	43.3127	-292.058	-292.058
1071	214.2	-372.221	-92.5563	-464.777	-464.777
1072	214.4	-340.731	-10.6657	-351.397	-351.397
1073	214.6	-381.023	-65.7618	-446.784	-446.784
1074	214.8	-399.223	-96.0618	-495.284	-495.284
1075	215	-426.582	-3.8631	-430.445	-430.445
1076	215.2	-467.636	-44.194	-511.83	-511.83
1077	215.4	-408.438	-82.8579	-491.296	-491.296
1078	215.6	-416.535	-29.4698	-446.005	-446.005
1079	215.8	-410.412	-120.92	-531.332	-531.332
1080	216	-465.945	154.976	-310.969	-310.969
1081	216.2	-436.375	185.567	-250.809	-250.809
1082	216.4	-384.88	124.934	-259.946	-259.946
1083	216.6	-408.973	321.909	-87.0641	-87.0641
1084	216.8	-380.341	35.735	-344.606	-344.606
1085	217	-419.428	-61.6302	-481.058	-481.058
1086	217.2	-437.567	-12.5594	-450.127	-450.127
1087	217.4	-456.313	34.3683	-421.945	-421.945
1088	217.6	-442.349	136.732	-305.617	-305.617
1089	217.8	-499.561	345.143	-154.418	-154.418
1090	218	-444.532	84.7431	-359.789	-359.789
1091	218.2	-434.555	-20.7601	-455.315	-455.315
1092	218.4	-429.941	-51.4049	-481.346	-481.346
1093	218.6	-417.726	-81.1825	-498.909	-498.909
1094	218.8	-427.219	86.1677	-341.052	-341.052
1095	219	-394.861	138.426	-256.435	-256.435
1096	219.2	-388.243	6.3964	-381.847	-381.847
1097	219.4	-468.266	174.659	-293.608	-293.608
1098	219.6	-473.71	-61.2699	-534.98	-534.98
1099	219.8	-532.178	-86.4682	-618.646	-618.646
1100	220	-490.664	45.4585	-445.206	-445.206
1101	220.2	-387.559	192.65	-194.909	-194.909
1102	220.4	-433.187	135.968	-297.219	-297.219
1103	220.6	-476.406	12.1173	-464.289	-464.289
1104	220.8	-527.34	726.492	199.152	199.152
1105	221	-532.513	311.979	-220.534	-220.534
1106	221.2	-568.861	486.689	-82.1723	-82.1723
1107	221.4	-549.133	259.523	-289.609	-289.609
1108	221.6	-492.404	194.806	-297.598	-297.598
1109	221.8	-488.882	21.8388	-467.043	-467.043
1110	222	-497.885	395.003	-102.882	-102.882
1111	222.2	-420.476	57.46	-363.016	-363.016
1112	222.4	-530.882	90.0764	-440.806	-440.806
1113	222.6	-425.725	142.457	-283.268	-283.268
1114	222.8	-411.981	223.95	-188.031	-188.031
1115	223	-411.562	350.121	-61.4415	-61.4415
1116	223.2	-321.15	177.191	-143.959	-143.959
1117	223.4	-308.491	538.832	230.341	230.341
1118	223.6	-303.509	217.161	-86.3483	-86.3483
1119	223.8	-334.055	160.721	-173.333	-173.333
1120	224	-320.718	-51.7266	-372.444	-372.444
1121	224.2	-269.549	-87.2566	-356.806	-356.806
1122	224.4	-275.207	-81.3221	-356.529	-356.529
1123	224.6	-199.11	13.1489	-185.961	-185.961
1124	224.8	-338.326	-96.4626	-434.788	-434.788
1125	225	-378.581	149.189	-229.392	-229.392
1126	225.2	-365.781	168.893	-196.888	-196.888
1127	225.4	-392.776	29.7781	-362.998	-362.998
1128	225.6	-382.736	78.9619	-303.774	-303.774
1129	225.8	-424.234	50.6072	-373.627	-373.627
1130	226	-466.553	525.898	59.3452	59.3452
1131	226.2	-466.493	212.928	-253.565	-253.565
1132	226.4	-458.739	238.686	-220.053	-220.053
1133	226.6	-421.178	354.734	-66.4441	-66.4441
1134	226.8	-494.774	212.826	-281.949	-281.949
1135	227	-449.101	-6.0454	-455.146	-455.146
1136	227.2	-445.926	229.587	-216.34	-216.34
1137	227.4	-486.733	123.935	-362.798	-362.798
1138	227.6	-551.458	90.413	-461.045	-461.045
1139	227.8	-547.266	53.4342	-493.832	-493.832
1140	228	-560.682	323.895	-236.787	-236.787
1141	228.2	-542.759	194.176	-348.583	-348.583
1142	228.4	-511.467	294.413	-217.054	-217.054
1143	228.6	-460.581	465.632	5.0504	5.0504
1144	228.8	-321.426	70.2254	-251.201	-251.201
1145	229	-395.396	-4.3653	-399.761	-399.761
1146	229.2	-403.466	111.534	-291.932	-291.932
1147	229.4	-466.551	202.988	-263.562	-263.562
1148	229.6	-318.037	33.8843	-284.153	-284.153
1149	229.8	-387.088	50.9895	-336.099	-336.099
1150	230	-381.185	-30.5292	-411.714	-411.714
1151	230.2	-360.608	96.6906	-263.918	-263.918
1152	230.4	-387.482	16.0684	-371.414	-371.414
1153	230.6	-289.654	65.3237	-224.331	-224.331
1154	230.8	-381.505	225.181	-156.324	-156.324
1155	231	-332.185	-39.6697	-371.855	-371.855
1156	231.2	-316.724	74.2995	-242.425	-242.425
1157	231.4	-319.455	-22.3894	-341.845	-341.845
1158	231.6	-317.076	74.1859	-242.89	-242.89
1159	231.8	-376.079	231.599	-144.48	-144.48
1160	232	-299.078	-26.115	-325.193	-325.193
1161	232.2	-401.21	123.345	-277.865	-277.865
1162	232.4	-389.921	491.481	101.56	101.56
1163	232.6	-366.694	62.263	-304.431	-304.431
1164	232.8	-288.197	25.7302	-262.467	-262.467
1165	233	-320.832	89.4802	-231.352	-231.352
1166	233.2	-385.404	119.129	-266.275	-266.275
1167	233.4	-364.164	48.6039	-315.561	-315.561
1168	233.6	-277.901	73.1189	-204.782	-204.782
1169	233.8	-332.701	220.414	-112.287	-112.287
1170	234	-366.897	-89.87	-456.767	-456.767
1171	234.2	-346.594	-45.6147	-392.209	-392.209
1172	234.4	-303.771	-31.0709	-334.841	-334.841
1173	234.6	-266.537	-98.3243	-364.861	-364.861
1174	234.8	-213.018	-151.798	-364.815	-364.815
1175	235	-209.007	-178.036	-387.043	-387.043
1176	235.2	-359.7	93.0094	-266.691	-266.691
1177	235.4	-249.149	-129.08	-378.23	-378.23
1178	235.6	-295.727	189.864	-105.863	-105.863
1179	235.8	-417.2	9.8088	-407.392	-407.392
1180	236	-330.214	-59.3485	-389.563	-389.563
1181	236.2	-301.281	-75.033	-376.314	-376.314
1182	236.4	-363.471	-143.586	-507.056	-507.056
1183	236.6	-293.916	-43.1648	-337.081	-337.081
1184	236.8	-257.913	22.2656	-235.647	-235.647
1185	237	-368.149	102.305	-265.844	-265.844
1186	237.2	-336.801	264.926	-71.8754	-71.8754
1187	237.4	-362.062	308.24	-53.8227	-53.8227
1188	237.6	-392.08	313.873	-78.2068	-78.2068
1189	237.8	-345.253	141.342	-203.91	-203.91
1190	238	-363.599	26.6923	-336.906	-336.906
1191	238.2	-307.915	32.0474	-275.868	-275.868
1192	238.4	-380.057	217.795	-162.262	-162.262
1193	238.6	-407.71	228.206	-179.504	-179.504
1194	238.8	-349.238	125.183	-224.055	-224.055
1195	239	-350.619	-100.027	-450.646	-450.646
1196	239.2	-428.408	332.264	-96.1442	-96.1442
1197	239.4	-395.521	-80.9121	-476.433	-476.433
1198	239.6	-455.468	149.617	-305.851	-305.851
1199	239.8	-402.291	55.5775	-346.714	-346.714
1200	240	-426.157	-21.3635	-447.52	-447.52
1201	240.2	-459.894	-23.0577	-482.952	-482.952
1202	240.4	-369.679	-54.3725	-424.052	-424.052
1203	240.6	-472.375	55.5616	-416.813	-416.813
