Frame	Time	Elec	VdW	Nonbond	Total
0	0	-427.997	71.7359	-356.261	-356.261
1	0.2	-505.381	55.5232	-449.857	-449.857
2	0.4	-483.198	69.0295	-414.169	-414.169
3	0.6	-487.748	298.978	-188.77	-188.77
4	0.8	-369.405	149.764	-219.64	-219.64
5	1	-392.011	248.862	-143.149	-143.149
6	1.2	-468.167	189.456	-278.711	-278.711
7	1.4	-423.818	386.185	-37.6324	-37.6324
8	1.6	-480.345	266.278	-214.067	-214.067
9	1.8	-493.692	-2.6052	-496.297	-496.297
10	2	-477.852	18.2554	-459.597	-459.597
11	2.2	-403.322	318.756	-84.5659	-84.5659
12	2.4	-479.751	98.812	-380.939	-380.939
13	2.6	-535.062	302.378	-232.684	-232.684
14	2.8	-589.475	260.276	-329.198	-329.198
15	3	-513.288	181.119	-332.169	-332.169
16	3.2	-607.432	242.566	-364.866	-364.866
17	3.4	-541.532	-39.8332	-581.366	-581.366
18	3.6	-502.336	260.006	-242.33	-242.33
19	3.8	-529.625	535.491	5.8658	5.8658
20	4	-537.433	683.065	145.632	145.632
21	4.2	-490.455	274.169	-216.285	-216.285
22	4.4	-344.167	167.75	-176.417	-176.417
23	4.6	-479.988	97.7741	-382.214	-382.214
24	4.8	-417.058	179.725	-237.333	-237.333
25	5	-535.26	152.423	-382.838	-382.838
26	5.2	-468.219	340.161	-128.058	-128.058
27	5.4	-516.453	281.459	-234.994	-234.994
28	5.6	-515.17	361.52	-153.65	-153.65
29	5.8	-541.984	119.343	-422.642	-422.642
30	6	-483.515	-16.8511	-500.366	-500.366
31	6.2	-474.596	290.973	-183.623	-183.623
32	6.4	-349.825	396.927	47.1017	47.1017
33	6.6	-519.519	242.184	-277.335	-277.335
34	6.8	-434.109	298.51	-135.599	-135.599
35	7	-460.024	73.4784	-386.546	-386.546
36	7.2	-521.378	216.085	-305.293	-305.293
37	7.4	-488.291	282.545	-205.747	-205.747
38	7.6	-524.613	275.116	-249.496	-249.496
39	7.8	-466.607	389.055	-77.5518	-77.5518
40	8	-503.206	363.109	-140.097	-140.097
41	8.2	-425.807	80.3105	-345.497	-345.497
42	8.4	-379.218	71.3355	-307.882	-307.882
43	8.6	-534.963	375.617	-159.346	-159.346
44	8.8	-465.565	276.06	-189.505	-189.505
45	9	-482.429	-6.2337	-488.662	-488.662
46	9.2	-488.794	133.133	-355.661	-355.661
47	9.4	-372.792	-61.557	-434.349	-434.349
48	9.6	-511.966	201.205	-310.76	-310.76
49	9.8	-400.145	399.62	-0.5256	-0.5256
50	10	-432.317	76.6806	-355.637	-355.637
51	10.2	-517.651	159.775	-357.876	-357.876
52	10.4	-450.516	32.1909	-418.325	-418.325
53	10.6	-541.802	78.144	-463.658	-463.658
54	10.8	-485.099	339.375	-145.724	-145.724
55	11	-583.169	195.315	-387.855	-387.855
56	11.2	-529.102	242.232	-286.87	-286.87
57	11.4	-550.814	159.081	-391.733	-391.733
58	11.6	-580.89	630.673	49.7825	49.7825
59	11.8	-646.349	209.657	-436.692	-436.692
60	12	-576.646	372.553	-204.093	-204.093
61	12.2	-583.592	372.574	-211.018	-211.018
62	12.4	-517.424	52.2155	-465.208	-465.208
63	12.6	-631.211	226.569	-404.642	-404.642
64	12.8	-592.577	229.936	-362.641	-362.641
65	13	-553.124	139.99	-413.134	-413.134
66	13.2	-615.625	481.842	-133.783	-133.783
67	13.4	-650.059	139.988	-510.071	-510.071
68	13.6	-665.723	207.65	-458.073	-458.073
69	13.8	-625.561	195.89	-429.671	-429.671
70	14	-513.065	120.685	-392.38	-392.38
71	14.2	-376.467	181.183	-195.284	-195.284
72	14.4	-590.746	259.373	-331.374	-331.374
73	14.6	-554.699	155.908	-398.791	-398.791
74	14.8	-561.058	236.483	-324.576	-324.576
75	15	-516.135	260.655	-255.481	-255.481
76	15.2	-563.369	47.7208	-515.648	-515.648
77	15.4	-650.354	615.119	-35.2353	-35.2353
78	15.6	-553.029	214.895	-338.134	-338.134
79	15.8	-512.837	285.827	-227.01	-227.01
80	16	-570.067	548.441	-21.6261	-21.6261
81	16.2	-509.811	350.845	-158.966	-158.966
82	16.4	-522.482	573.586	51.1038	51.1038
83	16.6	-517.9	198.058	-319.842	-319.842
84	16.8	-535.754	449.993	-85.7603	-85.7603
85	17	-529.598	328.261	-201.337	-201.337
86	17.2	-528.418	10.5762	-517.842	-517.842
87	17.4	-471.477	122.234	-349.243	-349.243
88	17.6	-490.331	301.39	-188.941	-188.941
89	17.8	-466.782	28.5014	-438.28	-438.28
90	18	-513.74	91.4415	-422.299	-422.299
91	18.2	-455.795	220.847	-234.948	-234.948
92	18.4	-557.558	244.16	-313.398	-313.398
93	18.6	-429.013	122.665	-306.347	-306.347
94	18.8	-471.149	36.7221	-434.427	-434.427
95	19	-537.745	237.888	-299.856	-299.856
96	19.2	-423.671	295.438	-128.232	-128.232
97	19.4	-394.129	278.496	-115.633	-115.633
98	19.6	-413.364	202.017	-211.347	-211.347
99	19.8	-376.058	-112.487	-488.545	-488.545
100	20	-422.266	129.827	-292.439	-292.439
101	20.2	-459.649	641.676	182.027	182.027
102	20.4	-424.938	375.426	-49.5128	-49.5128
103	20.6	-332.207	100.433	-231.774	-231.774
104	20.8	-423.419	421.691	-1.7277	-1.7277
105	21	-356.795	264.047	-92.7481	-92.7481
106	21.2	-340.102	-47.6165	-387.718	-387.718
107	21.4	-290.597	94.3001	-196.297	-196.297
108	21.6	-362.018	305.1	-56.9179	-56.9179
109	21.8	-397.983	115.078	-282.906	-282.906
110	22	-442.011	293.953	-148.058	-148.058
111	22.2	-416.43	197.576	-218.854	-218.854
112	22.4	-422.478	349.138	-73.3398	-73.3398
113	22.6	-413.384	168.135	-245.249	-245.249
114	22.8	-365.442	10.1952	-355.246	-355.246
115	23	-402.955	85.693	-317.262	-317.262
116	23.2	-408.918	232.77	-176.148	-176.148
117	23.4	-443.53	168.884	-274.646	-274.646
118	23.6	-469.7	635.785	166.086	166.086
119	23.8	-362.373	190.638	-171.734	-171.734
120	24	-385.392	154.512	-230.88	-230.88
121	24.2	-412.763	342.929	-69.8345	-69.8345
122	24.4	-357.826	144.218	-213.609	-213.609
123	24.6	-424.403	295.211	-129.192	-129.192
124	24.8	-476.11	636.864	160.754	160.754
125	25	-423.979	102.675	-321.304	-321.304
126	25.2	-461.39	37.1785	-424.211	-424.211
127	25.4	-412.198	261.38	-150.817	-150.817
128	25.6	-428.239	451.471	23.2315	23.2315
129	25.8	-509.983	174.167	-335.816	-335.816
130	26	-512.164	190.559	-321.605	-321.605
131	26.2	-508.857	-6.7761	-515.633	-515.633
132	26.4	-511.479	82.3974	-429.082	-429.082
133	26.6	-490.245	110.774	-379.47	-379.47
134	26.8	-539.684	241.055	-298.629	-298.629
135	27	-450.378	-30.0862	-480.464	-480.464
136	27.2	-427.773	62.1338	-365.639	-365.639
137	27.4	-431.991	81.1099	-350.881	-350.881
138	27.6	-464.118	138.429	-325.689	-325.689
139	27.8	-461.774	279.13	-182.644	-182.644
140	28	-381.347	-76.7544	-458.102	-458.102
141	28.2	-535.833	400.261	-135.572	-135.572
142	28.4	-461.595	126.8	-334.796	-334.796
143	28.6	-456.254	382.876	-73.3784	-73.3784
144	28.8	-457.778	277.562	-180.216	-180.216
145	29	-431.52	184.026	-247.494	-247.494
146	29.2	-469.771	357.697	-112.074	-112.074
147	29.4	-441.341	337.084	-104.257	-104.257
148	29.6	-454.539	282.632	-171.907	-171.907
149	29.8	-414.109	83.7657	-330.344	-330.344
150	30	-440.646	84.3837	-356.262	-356.262
151	30.2	-586.65	61.1086	-525.542	-525.542
152	30.4	-569.613	37.1138	-532.499	-532.499
153	30.6	-595.457	296.04	-299.416	-299.416
154	30.8	-639.173	193.597	-445.576	-445.576
155	31	-634.105	145.79	-488.315	-488.315
156	31.2	-601.336	122.586	-478.751	-478.751
157	31.4	-632.858	169.821	-463.037	-463.037
158	31.6	-577.112	253.334	-323.778	-323.778
159	31.8	-597.41	292.081	-305.328	-305.328
160	32	-687.768	175.655	-512.114	-512.114
161	32.2	-613.086	175.089	-437.998	-437.998
162	32.4	-558.158	141.314	-416.843	-416.843
163	32.6	-563.404	223.157	-340.246	-340.246
164	32.8	-579.241	574.681	-4.5598	-4.5598
165	33	-527.458	-59.0475	-586.506	-586.506
166	33.2	-639.4	23.9554	-615.444	-615.444
167	33.4	-550.453	137.776	-412.677	-412.677
168	33.6	-550.775	147.114	-403.661	-403.661
169	33.8	-570.016	67.5694	-502.447	-502.447
170	34	-641.563	189.844	-451.719	-451.719
171	34.2	-539.9	494.793	-45.1063	-45.1063
172	34.4	-511.383	58.1227	-453.261	-453.261
173	34.6	-546.185	119.019	-427.166	-427.166
174	34.8	-585.17	309.323	-275.846	-275.846
175	35	-425.313	22.7085	-402.604	-402.604
176	35.2	-459.48	156.9	-302.581	-302.581
177	35.4	-552.244	610.903	58.6595	58.6595
178	35.6	-556.864	217.649	-339.215	-339.215
179	35.8	-586.34	20.84	-565.5	-565.5
180	36	-520.978	167.02	-353.958	-353.958
181	36.2	-520.649	-35.4452	-556.094	-556.094
182	36.4	-553.743	51.2873	-502.456	-502.456
183	36.6	-459.921	194.81	-265.111	-265.111
184	36.8	-488.186	178.234	-309.952	-309.952
185	37	-490.741	609.519	118.778	118.778
186	37.2	-472.001	221.831	-250.17	-250.17
187	37.4	-514.111	-4.9659	-519.077	-519.077
188	37.6	-545.757	98.6981	-447.059	-447.059
189	37.8	-580.374	394.351	-186.024	-186.024
190	38	-579.967	356.004	-223.963	-223.963
191	38.2	-510.099	288.358	-221.741	-221.741
192	38.4	-524.631	455.61	-69.0205	-69.0205
193	38.6	-519.09	328.106	-190.984	-190.984
194	38.8	-635.468	285.347	-350.121	-350.121
195	39	-539.166	50.9821	-488.184	-488.184
196	39.2	-423.226	137.416	-285.81	-285.81
197	39.4	-432.848	78.156	-354.692	-354.692
198	39.6	-519.604	-34.8856	-554.489	-554.489
199	39.8	-446.671	158.913	-287.758	-287.758
200	40	-503.723	271.524	-232.199	-232.199
201	40.2	-476.078	58.5701	-417.508	-417.508
202	40.4	-456.487	358.099	-98.3878	-98.3878
203	40.6	-418.292	225.622	-192.67	-192.67
204	40.8	-473.889	250.45	-223.438	-223.438
205	41	-483.001	140.645	-342.356	-342.356
206	41.2	-510.107	227.15	-282.957	-282.957
207	41.4	-525.027	257.568	-267.459	-267.459
208	41.6	-454.562	193.16	-261.403	-261.403
209	41.8	-478.442	263.138	-215.304	-215.304
210	42	-462.054	156.007	-306.047	-306.047
211	42.2	-518.787	118.828	-399.958	-399.958
212	42.4	-590.061	446.658	-143.403	-143.403
213	42.6	-596.5	254.188	-342.312	-342.312
214	42.8	-646.443	246.469	-399.974	-399.974
215	43	-585.579	518.148	-67.4307	-67.4307
216	43.2	-655.834	570.742	-85.0919	-85.0919
217	43.4	-536.821	109.94	-426.88	-426.88
218	43.6	-643.238	176.766	-466.472	-466.472
219	43.8	-722.26	226.556	-495.704	-495.704
220	44	-672.11	299.879	-372.231	-372.231
221	44.2	-599.693	364.922	-234.771	-234.771
222	44.4	-626.592	228.76	-397.832	-397.832
223	44.6	-568.951	96.3624	-472.589	-472.589
224	44.8	-593.543	557.74	-35.8031	-35.8031
225	45	-499.051	173.929	-325.122	-325.122
226	45.2	-535.592	155.386	-380.205	-380.205
227	45.4	-601.716	266.25	-335.466	-335.466
228	45.6	-554.069	-7.3671	-561.437	-561.437
229	45.8	-643.119	447.76	-195.359	-195.359
230	46	-755.456	267.656	-487.8	-487.8
231	46.2	-674.514	165.298	-509.216	-509.216
232	46.4	-767.094	390.532	-376.562	-376.562
233	46.6	-693.237	534.727	-158.51	-158.51
234	46.8	-677.773	635.099	-42.6742	-42.6742
235	47	-641.317	288.099	-353.218	-353.218
236	47.2	-647.542	84.8771	-562.665	-562.665
237	47.4	-638.239	172.051	-466.188	-466.188
238	47.6	-591.669	224.178	-367.491	-367.491
239	47.8	-676.051	529.498	-146.553	-146.553
240	48	-656.49	477.723	-178.767	-178.767
241	48.2	-660.268	236.747	-423.52	-423.52
242	48.4	-617.317	310.108	-307.208	-307.208
243	48.6	-724.92	239.221	-485.7	-485.7
244	48.8	-713.403	374.457	-338.946	-338.946
245	49	-750.133	104.597	-645.536	-645.536
246	49.2	-735.705	412.596	-323.108	-323.108
247	49.4	-739.535	367.347	-372.188	-372.188
248	49.6	-703.735	328.821	-374.914	-374.914
249	49.8	-703.206	382.622	-320.585	-320.585
250	50	-758.624	99.1886	-659.435	-659.435
251	50.2	-567.132	214.373	-352.758	-352.758
252	50.4	-623.068	485.369	-137.698	-137.698
253	50.6	-636.168	241.247	-394.921	-394.921
254	50.8	-536.827	517.114	-19.7132	-19.7132
255	51	-588.581	330.291	-258.29	-258.29
256	51.2	-601.396	185.482	-415.914	-415.914
257	51.4	-591.74	96.2455	-495.494	-495.494
258	51.6	-663.915	21.884	-642.031	-642.031
259	51.8	-624.384	329.601	-294.783	-294.783
260	52	-612.95	206.009	-406.941	-406.941
261	52.2	-746.259	347.957	-398.302	-398.302
262	52.4	-736.071	9.2576	-726.813	-726.813
263	52.6	-705.424	154.594	-550.83	-550.83
264	52.8	-603.815	135.372	-468.443	-468.443
265	53	-729.053	-32.8016	-761.855	-761.855
266	53.2	-597.784	134.535	-463.249	-463.249
267	53.4	-584.893	-33.916	-618.809	-618.809
268	53.6	-685.503	-53.2376	-738.74	-738.74
269	53.8	-585.161	-87.9991	-673.16	-673.16
270	54	-661.215	-89.7082	-750.923	-750.923
271	54.2	-702.685	91.2113	-611.474	-611.474
272	54.4	-603.908	88.1493	-515.759	-515.759
273	54.6	-579.668	189.272	-390.396	-390.396
274	54.8	-610.683	109.286	-501.396	-501.396
275	55	-592.306	-50.2532	-642.559	-642.559
276	55.2	-657.231	52.4912	-604.74	-604.74
277	55.4	-619.454	-152.174	-771.628	-771.628
278	55.6	-649.641	-111.769	-761.41	-761.41
279	55.8	-659.204	139.312	-519.892	-519.892
280	56	-564.019	67.9376	-496.082	-496.082
281	56.2	-588.388	124.998	-463.39	-463.39
282	56.4	-589.387	131.71	-457.677	-457.677
283	56.6	-625.33	161.634	-463.696	-463.696
284	56.8	-527.507	91.1846	-436.323	-436.323
285	57	-525.365	-30.2483	-555.613	-555.613
286	57.2	-653.283	-34.3883	-687.672	-687.672
287	57.4	-669.663	230.832	-438.832	-438.832
288	57.6	-656.228	203.575	-452.654	-452.654
289	57.8	-653.332	193.193	-460.14	-460.14
290	58	-644.348	398.737	-245.611	-245.611
291	58.2	-602.164	93.5617	-508.603	-508.603
292	58.4	-594.476	24.3261	-570.15	-570.15
293	58.6	-676.575	392.549	-284.027	-284.027
294	58.8	-697.883	59.2858	-638.598	-638.598
295	59	-668.902	-4.6667	-673.569	-673.569
296	59.2	-813.067	165.607	-647.46	-647.46
297	59.4	-767.269	194.456	-572.814	-572.814
298	59.6	-686.098	337.97	-348.129	-348.129
299	59.8	-681.584	234.168	-447.416	-447.416
300	60	-746.952	384.211	-362.742	-362.742
301	60.2	-829.278	242.677	-586.601	-586.601
302	60.4	-658.499	966.504	308.005	308.005
303	60.6	-636.65	438.373	-198.277	-198.277
304	60.8	-680.028	532.645	-147.382	-147.382
305	61	-599.263	331.033	-268.23	-268.23
306	61.2	-627.202	147.815	-479.387	-479.387
307	61.4	-537.846	210.992	-326.854	-326.854
308	61.6	-592.692	129.366	-463.326	-463.326
309	61.8	-544.678	-51.6332	-596.312	-596.312
310	62	-578.206	228.079	-350.128	-350.128
311	62.2	-440.428	102.264	-338.164	-338.164
312	62.4	-361.637	-23.2492	-384.886	-384.886
313	62.6	-400.83	87.8225	-313.008	-313.008
314	62.8	-475.225	99.4159	-375.809	-375.809
315	63	-481.161	128.969	-352.191	-352.191
316	63.2	-527.52	107.832	-419.688	-419.688
317	63.4	-399.652	-10.6295	-410.281	-410.281
318	63.6	-533.457	64.274	-469.183	-469.183
319	63.8	-466.738	272.913	-193.825	-193.825
320	64	-512.818	102.173	-410.645	-410.645
321	64.2	-562.731	124.099	-438.632	-438.632
322	64.4	-595.321	163.64	-431.681	-431.681
323	64.6	-556.719	397.719	-159	-159
324	64.8	-521.565	344.18	-177.385	-177.385
325	65	-563.582	380.654	-182.929	-182.929
326	65.2	-564.582	268.064	-296.517	-296.517
327	65.4	-514.792	466.58	-48.2115	-48.2115
328	65.6	-529.925	195.485	-334.44	-334.44
329	65.8	-596.976	138.086	-458.89	-458.89
330	66	-712.689	262.281	-450.409	-450.409
331	66.2	-574.516	681.139	106.623	106.623
332	66.4	-507.081	288.894	-218.187	-218.187
333	66.6	-549.758	222.306	-327.452	-327.452
334	66.8	-550.676	533.566	-17.11	-17.11
335	67	-625.891	257.154	-368.737	-368.737
336	67.2	-535.197	-83.7409	-618.938	-618.938
337	67.4	-638.567	506.041	-132.526	-132.526
338	67.6	-604.492	245.21	-359.281	-359.281
339	67.8	-586.87	577.88	-8.99	-8.99
340	68	-609.355	310.384	-298.971	-298.971
341	68.2	-634.521	411.349	-223.172	-223.172
342	68.4	-622.16	378.749	-243.411	-243.411
343	68.6	-678.039	455.496	-222.544	-222.544
344	68.8	-543.506	397.43	-146.076	-146.076
345	69	-583.909	202.274	-381.635	-381.635
346	69.2	-611.766	449.162	-162.605	-162.605
347	69.4	-538.591	347.849	-190.742	-190.742
348	69.6	-518.075	268.794	-249.282	-249.282
349	69.8	-509.737	454.269	-55.468	-55.468
350	70	-540.291	662.176	121.885	121.885
351	70.2	-633.426	256.461	-376.965	-376.965
352	70.4	-600.629	412.378	-188.252	-188.252
353	70.6	-515.466	174.648	-340.818	-340.818
354	70.8	-533.113	157.773	-375.34	-375.34
355	71	-576.263	475.741	-100.521	-100.521
356	71.2	-547.398	410.415	-136.984	-136.984
357	71.4	-529.36	250.111	-279.248	-279.248
358	71.6	-485.663	102.37	-383.292	-383.292
359	71.8	-490.127	290.514	-199.612	-199.612
360	72	-450.808	-53.4735	-504.282	-504.282
361	72.2	-525.378	193.369	-332.009	-332.009
362	72.4	-599.286	493.696	-105.59	-105.59
363	72.6	-425.101	129.246	-295.854	-295.854
364	72.8	-455.317	131.549	-323.768	-323.768
365	73	-521.404	249.84	-271.564	-271.564
366	73.2	-573.195	410.272	-162.923	-162.923
367	73.4	-598.675	374.669	-224.006	-224.006
368	73.6	-570.425	241.489	-328.936	-328.936
369	73.8	-609.223	87.4654	-521.758	-521.758
370	74	-662.443	198.956	-463.486	-463.486
371	74.2	-559.208	178.523	-380.685	-380.685
372	74.4	-668.413	68.8816	-599.532	-599.532
373	74.6	-582.133	14.7686	-567.364	-567.364
374	74.8	-525.103	441.833	-83.2701	-83.2701
375	75	-493.953	233.524	-260.429	-260.429
376	75.2	-653.466	57.5171	-595.949	-595.949
377	75.4	-655.571	285.665	-369.906	-369.906
378	75.6	-598.908	544.279	-54.6287	-54.6287
379	75.8	-595.641	87.5864	-508.054	-508.054
380	76	-546.996	171.224	-375.773	-375.773
381	76.2	-606.057	92.8736	-513.184	-513.184
382	76.4	-561.937	217.667	-344.27	-344.27
383	76.6	-469.165	-67.2558	-536.42	-536.42
384	76.8	-509.073	-31.9996	-541.072	-541.072
385	77	-470.637	16.7176	-453.919	-453.919
386	77.2	-625.957	128.151	-497.806	-497.806
387	77.4	-621.602	532.767	-88.8346	-88.8346
388	77.6	-669.475	51.5896	-617.885	-617.885
389	77.8	-616.55	145.382	-471.168	-471.168
390	78	-684.67	570.773	-113.897	-113.897
391	78.2	-636.719	202.41	-434.309	-434.309
392	78.4	-626.307	257.664	-368.642	-368.642
393	78.6	-752.662	427.336	-325.326	-325.326
394	78.8	-609.322	157.441	-451.881	-451.881
395	79	-675.86	613.647	-62.2135	-62.2135
396	79.2	-714.093	638.111	-75.9821	-75.9821
397	79.4	-732.532	28.7695	-703.763	-703.763
398	79.6	-813.323	438.346	-374.976	-374.976
399	79.8	-723.905	432.941	-290.964	-290.964
400	80	-787.589	193.918	-593.67	-593.67
401	80.2	-755.036	554.565	-200.471	-200.471
402	80.4	-718.492	192.272	-526.22	-526.22
403	80.6	-682.764	551.889	-130.875	-130.875
404	80.8	-655.177	484.296	-170.881	-170.881
405	81	-697.768	437.756	-260.013	-260.013
406	81.2	-810.247	376.746	-433.501	-433.501
407	81.4	-678.65	219.092	-459.558	-459.558
408	81.6	-636.657	350.971	-285.685	-285.685
409	81.8	-667.761	347.738	-320.024	-320.024
410	82	-618.969	378.34	-240.63	-240.63
411	82.2	-608.176	311.861	-296.315	-296.315
412	82.4	-555.902	51.0496	-504.852	-504.852
413	82.6	-512.78	288.451	-224.33	-224.33
414	82.8	-490.86	179.657	-311.202	-311.202
415	83	-478.356	26.5056	-451.851	-451.851
416	83.2	-424.222	-13.0891	-437.311	-437.311
417	83.4	-466.596	199.329	-267.267	-267.267
418	83.6	-534.72	268.058	-266.662	-266.662
419	83.8	-594.758	264.179	-330.578	-330.578
420	84	-575.878	466.898	-108.98	-108.98
421	84.2	-606.814	523.207	-83.6072	-83.6072
422	84.4	-550.787	67.3301	-483.457	-483.457
423	84.6	-633.634	51.0645	-582.569	-582.569
424	84.8	-567.449	136.545	-430.903	-430.903
425	85	-552.402	249.2	-303.202	-303.202
426	85.2	-495.933	393.702	-102.231	-102.231
427	85.4	-588.33	403.018	-185.312	-185.312
428	85.6	-453.286	147.473	-305.814	-305.814
429	85.8	-457.303	322.393	-134.909	-134.909
430	86	-381.279	154.976	-226.302	-226.302
431	86.2	-435.693	104.43	-331.263	-331.263
432	86.4	-492.215	-9.5379	-501.753	-501.753
433	86.6	-519.959	114.769	-405.19	-405.19
434	86.8	-475.334	-53.3263	-528.66	-528.66
435	87	-530.18	-1.8113	-531.992	-531.992
436	87.2	-518.326	305.622	-212.704	-212.704
437	87.4	-440.332	-5.5242	-445.856	-445.856
438	87.6	-445.54	149.878	-295.662	-295.662
439	87.8	-385.422	312.472	-72.9507	-72.9507
440	88	-565.547	168.641	-396.907	-396.907
441	88.2	-375.875	157.946	-217.929	-217.929
442	88.4	-436.151	122.317	-313.834	-313.834
443	88.6	-392.445	575.727	183.282	183.282
444	88.8	-418.761	456.481	37.7205	37.7205
445	89	-456.264	158.146	-298.118	-298.118
446	89.2	-418.074	74.4233	-343.651	-343.651
447	89.4	-443.904	156.441	-287.463	-287.463
448	89.6	-462.809	340.516	-122.293	-122.293
449	89.8	-428.207	241.554	-186.653	-186.653
450	90	-352.195	133.927	-218.268	-218.268
451	90.2	-385.714	297.568	-88.1463	-88.1463
452	90.4	-477.879	113.488	-364.39	-364.39
453	90.6	-410.028	179.375	-230.653	-230.653
454	90.8	-464.197	55.6083	-408.588	-408.588
455	91	-507.881	157.564	-350.317	-350.317
456	91.2	-424.233	203.713	-220.52	-220.52
457	91.4	-417.222	111.258	-305.964	-305.964
458	91.6	-428.153	49.8578	-378.295	-378.295
459	91.8	-407.285	399.517	-7.7679	-7.7679
460	92	-436.06	272.553	-163.507	-163.507
461	92.2	-456.548	-29.989	-486.537	-486.537
462	92.4	-460.57	339.679	-120.891	-120.891
463	92.6	-456.273	267.241	-189.032	-189.032
464	92.8	-453.167	276.767	-176.399	-176.399
465	93	-465.955	311.811	-154.143	-154.143
466	93.2	-539.452	2.7106	-536.742	-536.742
467	93.4	-514.517	427.648	-86.869	-86.869
468	93.6	-473.59	186.828	-286.762	-286.762
469	93.8	-457.626	0.1976	-457.429	-457.429
470	94	-525.151	267.737	-257.414	-257.414
471	94.2	-574.5	674.287	99.7862	99.7862
472	94.4	-526.864	50.5766	-476.287	-476.287
473	94.6	-554.367	292.464	-261.903	-261.903
474	94.8	-554.03	469.359	-84.6712	-84.6712
475	95	-537.242	229.422	-307.82	-307.82
476	95.2	-558.454	181.043	-377.411	-377.411
477	95.4	-438.497	157.354	-281.143	-281.143
478	95.6	-508.973	161.225	-347.748	-347.748
479	95.8	-513.315	115.425	-397.89	-397.89
480	96	-570.715	435.78	-134.935	-134.935
481	96.2	-664.62	47.5751	-617.045	-617.045
482	96.4	-694.037	460.372	-233.664	-233.664
483	96.6	-628.643	303.546	-325.098	-325.098
484	96.8	-580.874	254.888	-325.986	-325.986
485	97	-611.858	201.766	-410.092	-410.092
486	97.2	-565.919	270.577	-295.342	-295.342
487	97.4	-488.668	113.069	-375.599	-375.599
488	97.6	-422.941	321.815	-101.127	-101.127
489	97.8	-474.522	362.2	-112.322	-112.322
490	98	-526.308	253.215	-273.093	-273.093
491	98.2	-517.786	311.581	-206.205	-206.205
492	98.4	-571.271	542.791	-28.4805	-28.4805
493	98.6	-483.254	184.685	-298.569	-298.569
494	98.8	-472.629	199.638	-272.991	-272.991
495	99	-375.648	73.3664	-302.282	-302.282
496	99.2	-467.633	213.32	-254.313	-254.313
497	99.4	-456.076	63.5493	-392.526	-392.526
498	99.6	-483.678	262.206	-221.472	-221.472
499	99.8	-439.92	-28.4468	-468.367	-468.367
500	100	-421.336	61.2076	-360.128	-360.128
501	100.2	-485.082	252.767	-232.314	-232.314
502	100.4	-375.196	59.558	-315.638	-315.638
503	100.6	-454.441	48.1856	-406.256	-406.256
504	100.8	-481.982	99.6802	-382.302	-382.302
505	101	-438.562	201.26	-237.302	-237.302
506	101.2	-463.557	171.373	-292.184	-292.184
507	101.4	-580.174	277.508	-302.666	-302.666
508	101.6	-559.785	468.434	-91.3511	-91.3511
509	101.8	-460.131	61.0491	-399.082	-399.082
510	102	-420.921	210.063	-210.858	-210.858
511	102.2	-367.128	228.06	-139.068	-139.068
512	102.4	-533.331	247.856	-285.476	-285.476
513	102.6	-528.538	492.65	-35.8882	-35.8882
514	102.8	-434.292	172.444	-261.848	-261.848
515	103	-479.139	445.888	-33.2509	-33.2509
516	103.2	-400.165	90.1665	-309.998	-309.998
517	103.4	-413.929	284.517	-129.412	-129.412
518	103.6	-465.99	135.934	-330.056	-330.056
519	103.8	-575.02	137.374	-437.646	-437.646
520	104	-557.35	235.506	-321.843	-321.843
521	104.2	-534.005	172.896	-361.109	-361.109
522	104.4	-551.273	38.2385	-513.035	-513.035
523	104.6	-589.596	95.2534	-494.343	-494.343
524	104.8	-505.196	201.802	-303.393	-303.393
525	105	-548.187	130.93	-417.257	-417.257
526	105.2	-508.183	80.5973	-427.586	-427.586
527	105.4	-530.029	-99.2877	-629.317	-629.317
528	105.6	-490.92	182.376	-308.544	-308.544
529	105.8	-461.107	152.864	-308.242	-308.242
530	106	-507.006	38.6268	-468.38	-468.38
531	106.2	-476.01	252.869	-223.141	-223.141
532	106.4	-639.821	203.652	-436.169	-436.169
533	106.6	-669.958	151.153	-518.805	-518.805
534	106.8	-564.92	215.443	-349.477	-349.477
535	107	-571.158	302.298	-268.86	-268.86
536	107.2	-576.769	310.333	-266.437	-266.437
537	107.4	-615.26	303.934	-311.326	-311.326
538	107.6	-523.737	-72.2057	-595.943	-595.943
539	107.8	-539.086	153.877	-385.208	-385.208
540	108	-483.327	201.815	-281.512	-281.512
541	108.2	-525.135	206.27	-318.865	-318.865
542	108.4	-556.062	113.012	-443.049	-443.049
543	108.6	-511.353	262.18	-249.172	-249.172
544	108.8	-552.44	140.146	-412.294	-412.294
545	109	-498.707	113.285	-385.423	-385.423
546	109.2	-532.039	45.5741	-486.465	-486.465
547	109.4	-508.935	-16.5827	-525.518	-525.518
548	109.6	-531.033	133.142	-397.892	-397.892
549	109.8	-460.656	26.3354	-434.32	-434.32
550	110	-458.857	70.1508	-388.707	-388.707
551	110.2	-482.565	82.0388	-400.526	-400.526
552	110.4	-491.383	146.255	-345.128	-345.128
553	110.6	-520.298	73.8436	-446.455	-446.455
554	110.8	-563.522	156.482	-407.04	-407.04
555	111	-521.884	180.391	-341.493	-341.493
556	111.2	-470.617	10.7524	-459.865	-459.865
557	111.4	-390.712	116.662	-274.05	-274.05
558	111.6	-476.14	257.813	-218.327	-218.327
559	111.8	-488.099	332.021	-156.079	-156.079
560	112	-415.69	104.385	-311.304	-311.304
561	112.2	-414.514	157.039	-257.476	-257.476
562	112.4	-419.816	168.417	-251.399	-251.399
563	112.6	-451.6	64.9456	-386.654	-386.654
564	112.8	-417.739	490.085	72.3457	72.3457
565	113	-451.184	245.851	-205.333	-205.333
566	113.2	-468.729	326.677	-142.051	-142.051
567	113.4	-420.465	50.9955	-369.47	-369.47
568	113.6	-495.008	148.672	-346.336	-346.336
569	113.8	-454.668	34.1466	-420.521	-420.521
570	114	-475.767	29.0235	-446.744	-446.744
571	114.2	-521.49	61.9786	-459.511	-459.511
572	114.4	-481.933	220.929	-261.004	-261.004
573	114.6	-430.003	325.622	-104.381	-104.381
574	114.8	-467.706	124.691	-343.015	-343.015
575	115	-477.178	151.997	-325.182	-325.182
576	115.2	-504.38	257.548	-246.832	-246.832
577	115.4	-510.815	267.397	-243.418	-243.418
578	115.6	-562.005	179.672	-382.333	-382.333
579	115.8	-506.848	111.166	-395.682	-395.682
580	116	-501.132	166.98	-334.152	-334.152
581	116.2	-490.469	80.8894	-409.58	-409.58
582	116.4	-536.792	443.627	-93.1647	-93.1647
583	116.6	-445.54	206.763	-238.777	-238.777
584	116.8	-410.626	164.148	-246.478	-246.478
585	117	-435.599	82.9821	-352.617	-352.617
586	117.2	-510.104	335.648	-174.455	-174.455
587	117.4	-542.985	116.146	-426.839	-426.839
588	117.6	-507.35	296.146	-211.203	-211.203
589	117.8	-469.865	193.02	-276.845	-276.845
590	118	-433.289	140.914	-292.375	-292.375
591	118.2	-485.925	113.212	-372.712	-372.712
592	118.4	-437.755	363.464	-74.2907	-74.2907
593	118.6	-489.763	371.98	-117.784	-117.784
594	118.8	-503.112	149.033	-354.079	-354.079
595	119	-517.115	162.869	-354.245	-354.245
596	119.2	-497.884	247.536	-250.347	-250.347
597	119.4	-448.925	45.6693	-403.255	-403.255
598	119.6	-574.641	394.087	-180.555	-180.555
599	119.8	-515.308	-13.7573	-529.065	-529.065
600	120	-525.519	132.72	-392.798	-392.798
601	120.2	-532.06	175.198	-356.862	-356.862
602	120.4	-519.563	21.1614	-498.402	-498.402
603	120.6	-515.801	56.7648	-459.036	-459.036
604	120.8	-433.387	45.4365	-387.951	-387.951
605	121	-496.645	20.0344	-476.611	-476.611
606	121.2	-523.207	143.258	-379.949	-379.949
607	121.4	-441.214	137.025	-304.189	-304.189
608	121.6	-445.452	372.91	-72.5416	-72.5416
609	121.8	-561.374	217.545	-343.83	-343.83
610	122	-517.369	51.9933	-465.376	-465.376
611	122.2	-532.552	162.312	-370.241	-370.241
612	122.4	-491.479	116.385	-375.094	-375.094
613	122.6	-503.071	229	-274.071	-274.071
614	122.8	-383.376	129.528	-253.848	-253.848
615	123	-348.906	282.33	-66.5754	-66.5754
616	123.2	-535.881	781.37	245.489	245.489
617	123.4	-544.627	406.751	-137.876	-137.876
618	123.6	-545.061	403.149	-141.912	-141.912
619	123.8	-598.042	177.688	-420.354	-420.354
620	124	-585.846	195.808	-390.038	-390.038
621	124.2	-580.625	413.101	-167.524	-167.524
622	124.4	-596.709	587.331	-9.3788	-9.3788
623	124.6	-491.823	159.077	-332.746	-332.746
624	124.8	-566.531	342.479	-224.053	-224.053
625	125	-482.149	288.011	-194.138	-194.138
626	125.2	-527.121	474.342	-52.7787	-52.7787
627	125.4	-552.73	116.935	-435.795	-435.795
628	125.6	-491.93	431.442	-60.4874	-60.4874
629	125.8	-525.292	408.428	-116.865	-116.865
630	126	-472.914	343.234	-129.68	-129.68
631	126.2	-534.451	323.534	-210.918	-210.918
632	126.4	-516.097	576.557	60.4594	60.4594
633	126.6	-510.039	596.168	86.1294	86.1294
634	126.8	-490.539	521.281	30.7417	30.7417
635	127	-479.745	212.828	-266.918	-266.918
636	127.2	-586.876	337.05	-249.825	-249.825
637	127.4	-554.288	482.8	-71.4885	-71.4885
638	127.6	-488.439	227.949	-260.49	-260.49
639	127.8	-567.378	454.937	-112.441	-112.441
640	128	-541.894	355.104	-186.791	-186.791
641	128.2	-600.767	331.401	-269.366	-269.366
642	128.4	-525.4	143.685	-381.714	-381.714
643	128.6	-619.901	557.036	-62.8648	-62.8648
644	128.8	-535.006	620.223	85.2168	85.2168
645	129	-536.755	349.288	-187.468	-187.468
646	129.2	-510.844	803.412	292.567	292.567
647	129.4	-486.16	171.278	-314.881	-314.881
648	129.6	-455.199	191.511	-263.688	-263.688
649	129.8	-486.967	155.28	-331.687	-331.687
650	130	-415.768	324.286	-91.4826	-91.4826
651	130.2	-335.762	172.82	-162.941	-162.941
652	130.4	-391.915	562.875	170.96	170.96
653	130.6	-365.365	228.222	-137.142	-137.142
654	130.8	-390.539	500.473	109.934	109.934
655	131	-382.443	382.99	0.5462	0.5462
656	131.2	-431.684	272.566	-159.118	-159.118
657	131.4	-404.849	391.754	-13.0944	-13.0944
658	131.6	-434.959	253.463	-181.495	-181.495
659	131.8	-414.354	443.471	29.1171	29.1171
660	132	-540.303	220.396	-319.906	-319.906
661	132.2	-465.687	438.148	-27.5391	-27.5391
662	132.4	-413.047	122.867	-290.181	-290.181
663	132.6	-401.965	125.84	-276.125	-276.125
664	132.8	-458.017	125.751	-332.266	-332.266
665	133	-488.545	255.927	-232.618	-232.618
666	133.2	-390.705	135.569	-255.136	-255.136
667	133.4	-417.12	242.356	-174.764	-174.764
668	133.6	-469.627	52.3535	-417.274	-417.274
669	133.8	-486.819	137.595	-349.224	-349.224
670	134	-586.829	242.72	-344.109	-344.109
671	134.2	-493.731	372.002	-121.729	-121.729
672	134.4	-449.92	393.964	-55.956	-55.956
673	134.6	-457.1	348.514	-108.586	-108.586
674	134.8	-493.969	391.139	-102.83	-102.83
675	135	-485.355	600.607	115.252	115.252
676	135.2	-501.075	229.276	-271.799	-271.799
677	135.4	-520.369	367.946	-152.423	-152.423
678	135.6	-573.938	291.469	-282.47	-282.47
679	135.8	-486.528	365.829	-120.699	-120.699
680	136	-494.851	546.1	51.2488	51.2488
681	136.2	-454.185	257.828	-196.357	-196.357
682	136.4	-387.231	417.308	30.0766	30.0766
683	136.6	-480.125	239.226	-240.899	-240.899
684	136.8	-438.093	511.51	73.4176	73.4176
685	137	-493.533	741.878	248.345	248.345
686	137.2	-435.349	343.941	-91.4075	-91.4075
687	137.4	-356.253	299.832	-56.4204	-56.4204
688	137.6	-339.774	38.3815	-301.393	-301.393
689	137.8	-372.413	114.122	-258.291	-258.291
690	138	-488.083	248.47	-239.613	-239.613
691	138.2	-427.423	247.433	-179.99	-179.99
692	138.4	-401.155	137.142	-264.013	-264.013
693	138.6	-382.875	286.568	-96.3076	-96.3076
694	138.8	-412.682	341.816	-70.866	-70.866
695	139	-411.62	160.538	-251.082	-251.082
696	139.2	-391.315	603.661	212.346	212.346
697	139.4	-408.313	173.825	-234.488	-234.488
698	139.6	-509.461	403.369	-106.092	-106.092
699	139.8	-462.078	38.3411	-423.737	-423.737
700	140	-411.931	179.046	-232.885	-232.885
701	140.2	-508.323	345.352	-162.972	-162.972
702	140.4	-456.022	379.797	-76.2252	-76.2252
703	140.6	-493.629	225.946	-267.683	-267.683
704	140.8	-486.718	297.103	-189.615	-189.615
705	141	-422.626	186.018	-236.608	-236.608
706	141.2	-471.251	153.411	-317.84	-317.84
707	141.4	-517.744	550.105	32.3614	32.3614
708	141.6	-447.442	261.204	-186.238	-186.238
709	141.8	-509.526	453.098	-56.4281	-56.4281
710	142	-517.125	208.048	-309.077	-309.077
711	142.2	-519.563	89.5475	-430.015	-430.015
712	142.4	-590.195	371.599	-218.596	-218.596
713	142.6	-598.653	347.729	-250.924	-250.924
714	142.8	-545.546	440.991	-104.555	-104.555
715	143	-631.683	215.028	-416.655	-416.655
716	143.2	-594.651	382.213	-212.438	-212.438
717	143.4	-548.654	441.228	-107.427	-107.427
718	143.6	-474.983	346.182	-128.801	-128.801
719	143.8	-501.542	211.788	-289.754	-289.754
720	144	-628.149	377.415	-250.734	-250.734
721	144.2	-533.174	286.483	-246.691	-246.691
722	144.4	-455.178	222.104	-233.074	-233.074
723	144.6	-503.468	239.658	-263.81	-263.81
724	144.8	-397.428	107.31	-290.119	-290.119
725	145	-472.159	201.734	-270.425	-270.425
726	145.2	-497.406	258.489	-238.917	-238.917
727	145.4	-504.774	337.06	-167.714	-167.714
728	145.6	-475.425	299.4	-176.025	-176.025
729	145.8	-429.502	274.631	-154.871	-154.871
730	146	-425.075	232.431	-192.644	-192.644
731	146.2	-521.317	290.48	-230.837	-230.837
732	146.4	-479.578	213.377	-266.202	-266.202
733	146.6	-514.047	583.966	69.9191	69.9191
734	146.8	-493.276	80.7321	-412.544	-412.544
735	147	-533.86	159.565	-374.294	-374.294
736	147.2	-537.564	133.442	-404.123	-404.123
737	147.4	-510.067	434.305	-75.762	-75.762
738	147.6	-427.727	205.086	-222.641	-222.641
739	147.8	-620.048	192.101	-427.947	-427.947
740	148	-553.084	326.997	-226.087	-226.087
741	148.2	-573.867	188.982	-384.885	-384.885
742	148.4	-585.831	363.27	-222.561	-222.561
743	148.6	-476.685	345.673	-131.012	-131.012
744	148.8	-499.553	367.533	-132.02	-132.02
745	149	-529.956	359.082	-170.875	-170.875
746	149.2	-560.978	213.979	-346.999	-346.999
747	149.4	-405.953	175.755	-230.198	-230.198
748	149.6	-409.736	174.838	-234.898	-234.898
749	149.8	-372.402	163.092	-209.309	-209.309
750	150	-512.312	405.475	-106.838	-106.838
751	150.2	-623.591	377.356	-246.235	-246.235
752	150.4	-470.002	251.308	-218.694	-218.694
753	150.6	-552.693	180.516	-372.177	-372.177
754	150.8	-609.746	187.781	-421.966	-421.966
755	151	-633.8	213.014	-420.786	-420.786
756	151.2	-460.89	60.2514	-400.639	-400.639
757	151.4	-582.36	244.821	-337.54	-337.54
758	151.6	-534.587	273.392	-261.195	-261.195
759	151.8	-513.523	172.322	-341.2	-341.2
760	152	-533.939	218.595	-315.344	-315.344
761	152.2	-612.894	206.573	-406.321	-406.321
762	152.4	-603.759	211.569	-392.19	-392.19
763	152.6	-580.223	167.471	-412.752	-412.752
764	152.8	-613.418	509.825	-103.593	-103.593
765	153	-537.835	12.0025	-525.833	-525.833
766	153.2	-563.141	120.51	-442.631	-442.631
767	153.4	-587.481	85.1801	-502.301	-502.301
768	153.6	-597.558	100.954	-496.604	-496.604
769	153.8	-554.623	52.4645	-502.159	-502.159
770	154	-603.848	69.8835	-533.964	-533.964
771	154.2	-600.999	263.273	-337.725	-337.725
772	154.4	-500.449	131.432	-369.017	-369.017
773	154.6	-572.985	26.839	-546.146	-546.146
774	154.8	-610.356	115.804	-494.552	-494.552
775	155	-526.491	-8.0886	-534.58	-534.58
776	155.2	-532.686	73.6969	-458.989	-458.989
777	155.4	-559.594	68.8399	-490.754	-490.754
778	155.6	-411.843	-57.6739	-469.517	-469.517
779	155.8	-459.486	188.473	-271.013	-271.013
780	156	-466.457	-44.2202	-510.677	-510.677
781	156.2	-521.048	-57.3435	-578.392	-578.392
782	156.4	-522.23	198.956	-323.274	-323.274
783	156.6	-517.894	103.474	-414.419	-414.419
784	156.8	-474.323	257.041	-217.282	-217.282
785	157	-545.838	111.734	-434.104	-434.104
786	157.2	-541.968	69.6475	-472.32	-472.32
787	157.4	-466.05	90.3228	-375.728	-375.728
788	157.6	-523.146	160.851	-362.295	-362.295
789	157.8	-510.154	273.401	-236.753	-236.753
790	158	-459.655	329.439	-130.216	-130.216
791	158.2	-457.263	362.087	-95.1764	-95.1764
792	158.4	-536.858	91.982	-444.876	-444.876
793	158.6	-392.358	70.7421	-321.616	-321.616
794	158.8	-444.497	-8.2257	-452.723	-452.723
795	159	-549.586	139.155	-410.432	-410.432
796	159.2	-580.292	147.772	-432.519	-432.519
797	159.4	-530.615	424.846	-105.769	-105.769
798	159.6	-485.466	90.3595	-395.106	-395.106
799	159.8	-496.414	614.826	118.412	118.412
800	160	-420.849	223.938	-196.911	-196.911
801	160.2	-390.208	43.6413	-346.566	-346.566
802	160.4	-496.724	193.623	-303.101	-303.101
803	160.6	-458.846	107.481	-351.365	-351.365
804	160.8	-432.518	257.322	-175.197	-175.197
805	161	-568.564	72.8691	-495.694	-495.694
806	161.2	-524.354	262.513	-261.841	-261.841
807	161.4	-516.749	203.574	-313.175	-313.175
808	161.6	-399.685	331.197	-68.4871	-68.4871
809	161.8	-329.603	45.3695	-284.234	-284.234
810	162	-402.625	74.4597	-328.165	-328.165
811	162.2	-516.352	306.438	-209.915	-209.915
812	162.4	-485.234	349.496	-135.738	-135.738
813	162.6	-507.701	-21.2403	-528.941	-528.941
814	162.8	-568.15	78.6018	-489.548	-489.548
815	163	-570.595	68.2742	-502.321	-502.321
816	163.2	-599.353	183.886	-415.467	-415.467
817	163.4	-570.386	472.755	-97.6307	-97.6307
818	163.6	-467.234	42.7893	-424.445	-424.445
819	163.8	-552.232	144.266	-407.966	-407.966
820	164	-436.753	85.3873	-351.365	-351.365
821	164.2	-538.047	50.575	-487.472	-487.472
822	164.4	-519.648	175.646	-344.003	-344.003
823	164.6	-397.626	233.929	-163.697	-163.697
824	164.8	-406.758	142.064	-264.694	-264.694
825	165	-378.017	318.644	-59.3727	-59.3727
826	165.2	-370.897	53.9185	-316.979	-316.979
827	165.4	-382.581	201.861	-180.719	-180.719
828	165.6	-443.244	183.177	-260.067	-260.067
829	165.8	-519.227	140.25	-378.977	-378.977
830	166	-380.216	4.5572	-375.659	-375.659
831	166.2	-331.345	16.8534	-314.492	-314.492
832	166.4	-351.92	128.97	-222.95	-222.95
833	166.6	-357.398	95.4931	-261.905	-261.905
834	166.8	-363.56	151.117	-212.443	-212.443
835	167	-313.746	297.029	-16.7174	-16.7174
836	167.2	-376.969	78.3044	-298.665	-298.665
837	167.4	-457.269	284.015	-173.253	-173.253
838	167.6	-428.884	205.65	-223.233	-223.233
839	167.8	-461.053	451.047	-10.0064	-10.0064
840	168	-420.658	371.066	-49.592	-49.592
841	168.2	-427.533	165.209	-262.324	-262.324
842	168.4	-367.971	73.525	-294.446	-294.446
843	168.6	-338.368	121.084	-217.285	-217.285
844	168.8	-458.905	162.944	-295.961	-295.961
845	169	-381.708	397.122	15.4139	15.4139
846	169.2	-400.988	232.84	-168.148	-168.148
847	169.4	-427.072	161.485	-265.587	-265.587
848	169.6	-383.55	195.213	-188.337	-188.337
849	169.8	-473.128	103.887	-369.241	-369.241
850	170	-516.436	-12.31	-528.746	-528.746
851	170.2	-554.711	308.9	-245.811	-245.811
852	170.4	-415.726	92.4475	-323.278	-323.278
853	170.6	-473.352	128.124	-345.228	-345.228
854	170.8	-520.705	42.9032	-477.802	-477.802
855	171	-446.223	27.188	-419.035	-419.035
856	171.2	-550.518	29.8614	-520.656	-520.656
857	171.4	-462.082	-46.0671	-508.149	-508.149
858	171.6	-540.72	-38.8281	-579.548	-579.548
859	171.8	-614.698	0.5548	-614.143	-614.143
860	172	-584.715	72.3254	-512.39	-512.39
861	172.2	-462.824	-0.0016	-462.825	-462.825
862	172.4	-600.114	362.041	-238.073	-238.073
863	172.6	-547.943	60.1427	-487.8	-487.8
864	172.8	-403.134	83.5686	-319.565	-319.565
865	173	-422.056	-32.4065	-454.463	-454.463
866	173.2	-478.565	124.104	-354.461	-354.461
867	173.4	-484.588	96.2459	-388.342	-388.342
868	173.6	-406.081	55.1741	-350.906	-350.906
869	173.8	-353.089	381.283	28.1935	28.1935
870	174	-443.239	249.795	-193.443	-193.443
871	174.2	-365.643	64.0836	-301.559	-301.559
872	174.4	-459.99	195.828	-264.161	-264.161
873	174.6	-398.984	184.739	-214.245	-214.245
874	174.8	-408.664	1.8947	-406.769	-406.769
875	175	-465.88	108.186	-357.695	-357.695
876	175.2	-436.147	143.731	-292.416	-292.416
877	175.4	-420.125	245.044	-175.081	-175.081
878	175.6	-343.962	33.8624	-310.1	-310.1
879	175.8	-373.79	133.396	-240.395	-240.395
880	176	-414.99	255.398	-159.592	-159.592
881	176.2	-384.262	141.534	-242.728	-242.728
882	176.4	-553.627	214.654	-338.973	-338.973
883	176.6	-448.499	93.0742	-355.425	-355.425
884	176.8	-328.229	15.7585	-312.471	-312.471
885	177	-407.239	133.59	-273.648	-273.648
886	177.2	-377.813	111.276	-266.537	-266.537
887	177.4	-457.932	119.495	-338.437	-338.437
888	177.6	-457.517	317.828	-139.688	-139.688
889	177.8	-418.14	29.2119	-388.928	-388.928
890	178	-449.519	-46.511	-496.03	-496.03
891	178.2	-411.291	64.1587	-347.132	-347.132
892	178.4	-425.593	37.4319	-388.161	-388.161
893	178.6	-394.043	39.4164	-354.626	-354.626
894	178.8	-376.407	182.822	-193.586	-193.586
895	179	-446.234	195.533	-250.701	-250.701
896	179.2	-382.355	214.002	-168.353	-168.353
897	179.4	-271.585	104.669	-166.916	-166.916
898	179.6	-381.009	410.423	29.414	29.414
899	179.8	-407.787	165.992	-241.795	-241.795
900	180	-495.891	120.737	-375.154	-375.154
901	180.2	-560.787	304.175	-256.612	-256.612
902	180.4	-587.912	50.1832	-537.728	-537.728
903	180.6	-653.775	247.776	-405.999	-405.999
904	180.8	-502.221	274.427	-227.794	-227.794
905	181	-662.637	180.547	-482.091	-482.091
906	181.2	-640.089	274.657	-365.432	-365.432
907	181.4	-652.837	72.8317	-580.005	-580.005
908	181.6	-695.312	256.219	-439.093	-439.093
909	181.8	-621.073	226.538	-394.534	-394.534
910	182	-631.92	207.993	-423.927	-423.927
911	182.2	-636.948	212.192	-424.756	-424.756
912	182.4	-613.902	-23.1928	-637.095	-637.095
913	182.6	-557.508	129.455	-428.053	-428.053
914	182.8	-509.816	-71.2018	-581.018	-581.018
915	183	-513.5	190.691	-322.809	-322.809
916	183.2	-443.544	58.8056	-384.738	-384.738
917	183.4	-530.236	80.0899	-450.146	-450.146
918	183.6	-537.51	-2.4842	-539.994	-539.994
919	183.8	-591.262	94.8011	-496.461	-496.461
920	184	-523.361	236.99	-286.371	-286.371
921	184.2	-559.176	108.746	-450.43	-450.43
922	184.4	-512.684	72.6084	-440.076	-440.076
923	184.6	-523.382	351.406	-171.977	-171.977
924	184.8	-443.473	178.408	-265.065	-265.065
925	185	-454.392	431.295	-23.0974	-23.0974
926	185.2	-452.791	102.563	-350.229	-350.229
927	185.4	-520.911	130.41	-390.501	-390.501
928	185.6	-535.485	363.754	-171.731	-171.731
929	185.8	-583.11	352.353	-230.757	-230.757
930	186	-474.715	191.593	-283.122	-283.122
931	186.2	-471.395	763.111	291.717	291.717
932	186.4	-493.317	139.457	-353.86	-353.86
933	186.6	-549.954	163.876	-386.077	-386.077
934	186.8	-487.827	325.464	-162.363	-162.363
935	187	-458.962	183.447	-275.514	-275.514
936	187.2	-496.336	277.983	-218.354	-218.354
937	187.4	-561.27	409.435	-151.835	-151.835
938	187.6	-580.683	433.182	-147.501	-147.501
939	187.8	-511.074	397.358	-113.716	-113.716
940	188	-593.018	416.343	-176.675	-176.675
941	188.2	-648.53	67.139	-581.391	-581.391
942	188.4	-613.394	374.682	-238.712	-238.712
943	188.6	-506.851	254.594	-252.257	-252.257
944	188.8	-571.194	307.824	-263.37	-263.37
945	189	-495.623	257.284	-238.339	-238.339
946	189.2	-540.393	269.979	-270.414	-270.414
947	189.4	-479.88	64.3229	-415.557	-415.557
948	189.6	-543.194	441.269	-101.925	-101.925
949	189.8	-537.567	209.105	-328.461	-328.461
950	190	-451.811	227.938	-223.874	-223.874
951	190.2	-493.498	202.396	-291.102	-291.102
952	190.4	-517.166	143.904	-373.262	-373.262
953	190.6	-487.306	210.141	-277.165	-277.165
954	190.8	-495.503	206.105	-289.398	-289.398
955	191	-481.487	212.196	-269.291	-269.291
956	191.2	-426.079	364.308	-61.7709	-61.7709
957	191.4	-491.883	177.807	-314.076	-314.076
958	191.6	-477.132	228.19	-248.942	-248.942
959	191.8	-460.754	57.8398	-402.914	-402.914
960	192	-469.307	260.367	-208.94	-208.94
961	192.2	-481.981	137.119	-344.862	-344.862
962	192.4	-572.219	72.5032	-499.716	-499.716
963	192.6	-506.005	1.5768	-504.428	-504.428
964	192.8	-402.811	-51.677	-454.488	-454.488
965	193	-376.91	208.673	-168.237	-168.237
966	193.2	-397.92	29.7834	-368.137	-368.137
967	193.4	-445.593	167.614	-277.979	-277.979
968	193.6	-394.588	151.809	-242.779	-242.779
969	193.8	-439.185	109.898	-329.287	-329.287
970	194	-328.154	210.991	-117.163	-117.163
971	194.2	-330.466	237.233	-93.2329	-93.2329
972	194.4	-369.382	72.3701	-297.012	-297.012
973	194.6	-392.373	10.3412	-382.032	-382.032
974	194.8	-388.589	206.352	-182.237	-182.237
975	195	-388.191	149.923	-238.268	-238.268
976	195.2	-355.856	-58.0262	-413.883	-413.883
977	195.4	-264.119	1.5198	-262.599	-262.599
978	195.6	-391.02	48.6386	-342.382	-342.382
979	195.8	-321.972	315.564	-6.4074	-6.4074
980	196	-389.764	45.6215	-344.143	-344.143
981	196.2	-460.219	76.391	-383.828	-383.828
982	196.4	-453.532	-59.0546	-512.587	-512.587
983	196.6	-497.2	112.904	-384.296	-384.296
984	196.8	-489.226	188.256	-300.969	-300.969
985	197	-539.863	206.702	-333.161	-333.161
986	197.2	-448.594	179.411	-269.182	-269.182
987	197.4	-477.89	237.407	-240.483	-240.483
988	197.6	-525.666	482.979	-42.6868	-42.6868
989	197.8	-397.829	129.351	-268.478	-268.478
990	198	-374.69	335.384	-39.3066	-39.3066
991	198.2	-353.857	150.412	-203.445	-203.445
992	198.4	-419.967	111.664	-308.302	-308.302
993	198.6	-363.618	167.862	-195.756	-195.756
994	198.8	-447.608	254.431	-193.178	-193.178
995	199	-447.956	151.381	-296.575	-296.575
996	199.2	-317.965	186.791	-131.174	-131.174
997	199.4	-378.135	34.6167	-343.518	-343.518
998	199.6	-430.873	82.0982	-348.775	-348.775
999	199.8	-462.2	107.218	-354.982	-354.982
1000	200	-502.206	6.0165	-496.189	-496.189
1001	200.2	-490.824	222.721	-268.102	-268.102
1002	200.4	-441.397	158.991	-282.406	-282.406
1003	200.6	-465.911	-41.5126	-507.424	-507.424
1004	200.8	-423.967	424.896	0.9295	0.9295
1005	201	-398.136	57.4981	-340.638	-340.638
1006	201.2	-437.657	392.411	-45.2457	-45.2457
1007	201.4	-385.68	-51.0343	-436.714	-436.714
1008	201.6	-316.628	-28.274	-344.902	-344.902
1009	201.8	-394.381	59.6627	-334.719	-334.719
1010	202	-455.467	141.049	-314.418	-314.418
1011	202.2	-433.323	-100.119	-533.442	-533.442
1012	202.4	-470.741	112.702	-358.039	-358.039
1013	202.6	-355.193	139.549	-215.644	-215.644
1014	202.8	-293.715	69.9108	-223.804	-223.804
1015	203	-422.361	35.3041	-387.057	-387.057
1016	203.2	-371.026	-85.7972	-456.823	-456.823
1017	203.4	-442.449	161.2	-281.25	-281.25
1018	203.6	-381.87	194.405	-187.465	-187.465
1019	203.8	-368.069	1.9064	-366.162	-366.162
1020	204	-471.464	-56.3562	-527.82	-527.82
1021	204.2	-466.931	107.663	-359.268	-359.268
1022	204.4	-437.601	218.489	-219.113	-219.113
1023	204.6	-460.449	68.8047	-391.645	-391.645
1024	204.8	-393.901	62.1136	-331.787	-331.787
1025	205	-420.245	84.1302	-336.115	-336.115
1026	205.2	-397.829	159.162	-238.667	-238.667
1027	205.4	-467.729	119.33	-348.399	-348.399
1028	205.6	-429.754	142.398	-287.356	-287.356
1029	205.8	-470.227	-8.2917	-478.519	-478.519
1030	206	-377.654	-48.1383	-425.792	-425.792
1031	206.2	-350.862	93.2265	-257.635	-257.635
1032	206.4	-372.404	283.61	-88.7936	-88.7936
1033	206.6	-459.699	67.456	-392.243	-392.243
1034	206.8	-369.007	-49.1185	-418.126	-418.126
1035	207	-534.546	198.634	-335.912	-335.912
1036	207.2	-470.622	151.449	-319.173	-319.173
1037	207.4	-446.559	361.443	-85.1157	-85.1157
1038	207.6	-429.232	-56.1693	-485.402	-485.402
1039	207.8	-416.759	-40.4732	-457.232	-457.232
1040	208	-423.723	28.1233	-395.6	-395.6
1041	208.2	-410.565	46.3301	-364.235	-364.235
1042	208.4	-359.451	138.379	-221.071	-221.071
1043	208.6	-401.383	-9.3627	-410.746	-410.746
1044	208.8	-487.913	83.0766	-404.836	-404.836
1045	209	-451.404	37.8057	-413.598	-413.598
1046	209.2	-388.161	255.033	-133.128	-133.128
1047	209.4	-449.619	70.8393	-378.78	-378.78
1048	209.6	-398.274	124.938	-273.337	-273.337
1049	209.8	-543.004	83.8971	-459.107	-459.107
1050	210	-497.7	-100.085	-597.784	-597.784
1051	210.2	-430.877	40.35	-390.527	-390.527
1052	210.4	-339.431	92.8265	-246.604	-246.604
1053	210.6	-505.004	-26.5433	-531.548	-531.548
1054	210.8	-426.486	171.019	-255.467	-255.467
1055	211	-421.558	58.8924	-362.666	-362.666
1056	211.2	-468.121	-7.1947	-475.315	-475.315
1057	211.4	-461.961	96.0344	-365.927	-365.927
1058	211.6	-459.344	37.1941	-422.15	-422.15
1059	211.8	-496.056	-93.9629	-590.019	-590.019
1060	212	-439.288	80.3911	-358.896	-358.896
1061	212.2	-371.756	68.5944	-303.162	-303.162
1062	212.4	-409.036	-87.7357	-496.771	-496.771
1063	212.6	-415.987	-65.2592	-481.246	-481.246
1064	212.8	-469.915	35.757	-434.158	-434.158
1065	213	-472.155	74.9879	-397.168	-397.168
1066	213.2	-347.739	-44.6722	-392.411	-392.411
1067	213.4	-384.146	-78.0926	-462.239	-462.239
1068	213.6	-388.514	-35.9681	-424.482	-424.482
1069	213.8	-404.616	257.943	-146.673	-146.673
1070	214	-437.048	1.2047	-435.843	-435.843
1071	214.2	-381.078	178.04	-203.038	-203.038
1072	214.4	-388.417	334.217	-54.1998	-54.1998
1073	214.6	-383.194	106.129	-277.065	-277.065
1074	214.8	-425.616	40.6788	-384.937	-384.937
1075	215	-382.036	-79.9984	-462.034	-462.034
1076	215.2	-376.669	39.907	-336.762	-336.762
1077	215.4	-480.048	15.818	-464.23	-464.23
1078	215.6	-417.577	164.847	-252.73	-252.73
1079	215.8	-358.382	-35.7722	-394.154	-394.154
1080	216	-285.749	-35.5519	-321.301	-321.301
1081	216.2	-294.248	-54.1591	-348.408	-348.408
1082	216.4	-383.352	234.887	-148.466	-148.466
1083	216.6	-364.787	88.918	-275.869	-275.869
1084	216.8	-473.202	118.649	-354.553	-354.553
1085	217	-473.275	475.453	2.1776	2.1776
1086	217.2	-467.269	350.925	-116.344	-116.344
1087	217.4	-469.694	211.454	-258.24	-258.24
1088	217.6	-398.7	13.8086	-384.891	-384.891
1089	217.8	-442.985	41.8532	-401.132	-401.132
1090	218	-460.453	40.7608	-419.693	-419.693
1091	218.2	-360.184	53.4546	-306.73	-306.73
1092	218.4	-488.453	149.353	-339.101	-339.101
1093	218.6	-418.618	114.175	-304.444	-304.444
1094	218.8	-421.026	144.789	-276.236	-276.236
1095	219	-433.61	112.385	-321.225	-321.225
1096	219.2	-365.28	-34.5632	-399.843	-399.843
1097	219.4	-364.587	30.3418	-334.245	-334.245
1098	219.6	-430.903	170.193	-260.71	-260.71
1099	219.8	-448.81	-10.9478	-459.758	-459.758
1100	220	-443.212	-35.6247	-478.836	-478.836
1101	220.2	-413.178	168.484	-244.694	-244.694
1102	220.4	-348.215	160.065	-188.15	-188.15
1103	220.6	-444.423	87.9767	-356.447	-356.447
1104	220.8	-470.316	307.157	-163.159	-163.159
1105	221	-453.293	102.181	-351.112	-351.112
1106	221.2	-384.835	365.728	-19.1078	-19.1078
1107	221.4	-354.439	150.17	-204.27	-204.27
1108	221.6	-311.238	12.0336	-299.204	-299.204
1109	221.8	-429.91	-12.1767	-442.086	-442.086
1110	222	-466.832	100.072	-366.76	-366.76
1111	222.2	-395.242	-37.0825	-432.325	-432.325
1112	222.4	-396.506	144.646	-251.86	-251.86
1113	222.6	-418.772	32.396	-386.376	-386.376
1114	222.8	-383.796	8.0607	-375.735	-375.735
1115	223	-402.824	2.1275	-400.696	-400.696
1116	223.2	-395.596	-30.5014	-426.097	-426.097
1117	223.4	-362.061	76.4268	-285.634	-285.634
1118	223.6	-516.837	149.789	-367.047	-367.047
1119	223.8	-433.637	61.363	-372.274	-372.274
1120	224	-477.242	43.0004	-434.242	-434.242
1121	224.2	-452.943	46.0379	-406.905	-406.905
1122	224.4	-557.878	377.378	-180.5	-180.5
1123	224.6	-510.094	6.6152	-503.479	-503.479
1124	224.8	-488.32	184.261	-304.059	-304.059
1125	225	-426.274	30.124	-396.15	-396.15
1126	225.2	-489.011	151.872	-337.139	-337.139
1127	225.4	-385.297	230.673	-154.624	-154.624
1128	225.6	-455.531	189.129	-266.402	-266.402
1129	225.8	-470.662	444.585	-26.0768	-26.0768
1130	226	-547.769	204.589	-343.181	-343.181
1131	226.2	-527.693	144.833	-382.86	-382.86
1132	226.4	-518.613	176.295	-342.317	-342.317
1133	226.6	-539.484	435.018	-104.466	-104.466
1134	226.8	-507.876	228.11	-279.766	-279.766
1135	227	-406.938	120.65	-286.289	-286.289
1136	227.2	-437.81	88.7371	-349.073	-349.073
1137	227.4	-435.028	207.61	-227.418	-227.418
1138	227.6	-441.422	79.6396	-361.782	-361.782
1139	227.8	-387.749	-3.2086	-390.958	-390.958
1140	228	-415.183	119.65	-295.532	-295.532
1141	228.2	-349.014	-9.0389	-358.053	-358.053
1142	228.4	-469.72	-97.4043	-567.124	-567.124
1143	228.6	-373.85	49.9894	-323.861	-323.861
1144	228.8	-391.703	-70.4415	-462.145	-462.145
1145	229	-399.603	136.842	-262.761	-262.761
1146	229.2	-387.258	150.427	-236.831	-236.831
1147	229.4	-407.595	92.0518	-315.543	-315.543
1148	229.6	-518.269	94.7002	-423.568	-423.568
1149	229.8	-535.986	261.561	-274.424	-274.424
1150	230	-493.3	179.89	-313.41	-313.41
1151	230.2	-593.901	615.399	21.4976	21.4976
1152	230.4	-595.599	391.314	-204.285	-204.285
1153	230.6	-497.773	19.4613	-478.312	-478.312
1154	230.8	-513.979	101.033	-412.946	-412.946
1155	231	-481.221	70.1904	-411.031	-411.031
1156	231.2	-476.274	208.843	-267.431	-267.431
1157	231.4	-504.73	263.136	-241.594	-241.594
1158	231.6	-427.04	19.9971	-407.043	-407.043
1159	231.8	-452.033	103.784	-348.249	-348.249
1160	232	-392.142	588.508	196.366	196.366
1161	232.2	-467.516	331.336	-136.181	-136.181
1162	232.4	-416.493	200.949	-215.544	-215.544
1163	232.6	-517.022	277.055	-239.968	-239.968
1164	232.8	-425.309	195.86	-229.45	-229.45
1165	233	-438.305	441.782	3.4769	3.4769
1166	233.2	-399.892	243.83	-156.062	-156.062
1167	233.4	-393.776	65.7302	-328.045	-328.045
1168	233.6	-507.611	183.504	-324.106	-324.106
1169	233.8	-426.949	176.798	-250.151	-250.151
1170	234	-402.546	-17.5858	-420.131	-420.131
1171	234.2	-468.695	312.089	-156.606	-156.606
1172	234.4	-417.099	124.871	-292.228	-292.228
1173	234.6	-451.246	156.525	-294.721	-294.721
1174	234.8	-520.717	259.302	-261.414	-261.414
1175	235	-411.784	109.887	-301.897	-301.897
1176	235.2	-398.412	403.646	5.2342	5.2342
1177	235.4	-509.045	355.739	-153.306	-153.306
1178	235.6	-575.808	300.662	-275.146	-275.146
1179	235.8	-523.297	59.8096	-463.487	-463.487
1180	236	-571.718	357.617	-214.101	-214.101
1181	236.2	-499.463	125.526	-373.938	-373.938
1182	236.4	-492.117	186.841	-305.276	-305.276
1183	236.6	-425.072	64.5178	-360.554	-360.554
1184	236.8	-413.707	336.68	-77.0266	-77.0266
1185	237	-413.572	341.128	-72.444	-72.444
1186	237.2	-357.683	47.2272	-310.456	-310.456
1187	237.4	-498.09	246.17	-251.92	-251.92
1188	237.6	-518.725	152.659	-366.066	-366.066
1189	237.8	-480.422	100.581	-379.841	-379.841
1190	238	-466.164	95.5565	-370.608	-370.608
1191	238.2	-474.076	444.891	-29.185	-29.185
1192	238.4	-471.243	134.221	-337.022	-337.022
1193	238.6	-497.688	95.3407	-402.347	-402.347
1194	238.8	-566.144	119.298	-446.847	-446.847
1195	239	-521.497	7.7702	-513.727	-513.727
1196	239.2	-514.887	160.166	-354.721	-354.721
1197	239.4	-490.921	188.319	-302.603	-302.603
1198	239.6	-568.63	128.778	-439.852	-439.852
1199	239.8	-533.321	233.281	-300.04	-300.04
1200	240	-541.356	201.293	-340.064	-340.064
1201	240.2	-574.612	47.3708	-527.242	-527.242
1202	240.4	-543.829	153.995	-389.834	-389.834
1203	240.6	-521.946	113.334	-408.612	-408.612
