Frame	Time	Elec	VdW	Nonbond
0	0	-194.748	-190.803	-385.552
1	0.2	-208.167	-192.252	-400.419
2	0.4	-350.457	-179.664	-530.121
3	0.6	-294.83	-183.669	-478.498
4	0.8	-241.501	-190.093	-431.594
5	1	-279.286	-166.336	-445.622
6	1.2	-376.026	-172.926	-548.952
7	1.4	-518.064	-188.544	-706.608
8	1.6	-472.818	-210.448	-683.266
9	1.8	-414.105	-192.164	-606.269
10	2	-501.617	-185.695	-687.312
11	2.2	-489.565	-192.228	-681.794
12	2.4	-465.408	-190.435	-655.842
13	2.6	-515.98	-180.486	-696.465
14	2.8	-499.37	-204.574	-703.945
15	3	-443.021	-180.046	-623.067
16	3.2	-468.298	-202.594	-670.892
17	3.4	-517.447	-186.351	-703.798
18	3.6	-492.84	-200.137	-692.977
19	3.8	-556.685	-196.293	-752.978
20	4	-510.487	-201.587	-712.074
21	4.2	-524.885	-196.955	-721.84
22	4.4	-564.642	-180.31	-744.951
23	4.6	-635.951	-189.145	-825.096
24	4.8	-561.418	-192.228	-753.646
25	5	-562.833	-211.115	-773.949
26	5.2	-559.873	-195.59	-755.463
27	5.4	-529.774	-204.145	-733.919
28	5.6	-453.641	-189.535	-643.177
29	5.8	-578.038	-184.218	-762.256
30	6	-593.467	-200.268	-793.735
31	6.2	-648.308	-191.941	-840.25
32	6.4	-587.664	-182.473	-770.137
33	6.6	-515.148	-171.258	-686.407
34	6.8	-554.967	-189.141	-744.108
35	7	-597.347	-185.749	-783.096
36	7.2	-553.785	-202.294	-756.079
37	7.4	-516.412	-199.732	-716.145
38	7.6	-567.271	-180.943	-748.214
39	7.8	-533.669	-187.271	-720.94
40	8	-475.839	-184.605	-660.443
41	8.2	-534.699	-193.4	-728.099
42	8.4	-596.952	-198.199	-795.151
43	8.6	-551.705	-181.691	-733.396
44	8.8	-501.81	-200.038	-701.848
45	9	-549.394	-207.444	-756.837
46	9.2	-597.832	-196.077	-793.909
47	9.4	-544.839	-174.436	-719.275
48	9.6	-588.951	-171.24	-760.191
49	9.8	-497.712	-200.322	-698.034
50	10	-530.053	-172.916	-702.969
51	10.2	-510.86	-184.133	-694.993
52	10.4	-556.504	-185.712	-742.216
53	10.6	-522.708	-196.012	-718.72
54	10.8	-545.919	-179.444	-725.363
55	11	-537.216	-181.145	-718.36
56	11.2	-531.426	-193.047	-724.473
57	11.4	-560.957	-173.493	-734.449
58	11.6	-528.034	-166.978	-695.012
59	11.8	-482.642	-194.195	-676.836
60	12	-433.013	-196.54	-629.553
61	12.2	-447.031	-191.479	-638.51
62	12.4	-442	-195.406	-637.405
63	12.6	-470.106	-203.923	-674.029
64	12.8	-474.205	-195.211	-669.416
65	13	-488.007	-188.069	-676.075
66	13.2	-559.167	-203.991	-763.158
67	13.4	-576.275	-204.029	-780.304
68	13.6	-533.807	-197.105	-730.912
69	13.8	-521.801	-199.093	-720.894
70	14	-522.054	-204.212	-726.266
71	14.2	-497.674	-204.763	-702.437
72	14.4	-529.493	-213.491	-742.984
73	14.6	-512.087	-203.797	-715.884
74	14.8	-549.294	-198.371	-747.665
75	15	-560.276	-201.767	-762.042
76	15.2	-513.405	-209.051	-722.456
77	15.4	-432.859	-198.221	-631.08
78	15.6	-485.463	-180.431	-665.894
79	15.8	-435.256	-205.736	-640.992
80	16	-407.71	-207.035	-614.745
81	16.2	-422.649	-202.758	-625.406
82	16.4	-571.331	-210.761	-782.092
83	16.6	-494.388	-209.22	-703.607
84	16.8	-546.862	-218.532	-765.394
85	17	-576.307	-193.718	-770.025
86	17.2	-611.129	-202.177	-813.305
87	17.4	-570.707	-211.971	-782.678
88	17.6	-520.424	-210.564	-730.988
89	17.8	-544.097	-203.725	-747.822
90	18	-463.797	-204.418	-668.216
91	18.2	-509.294	-201.397	-710.691
92	18.4	-480.281	-225.574	-705.855
93	18.6	-555.006	-207.204	-762.209
94	18.8	-625.507	-212.17	-837.677
95	19	-615.354	-221.842	-837.196
96	19.2	-478.161	-224.591	-702.752
97	19.4	-525.56	-211.297	-736.858
98	19.6	-512.599	-217.704	-730.302
99	19.8	-513.033	-218.888	-731.921
100	20	-470.267	-217.209	-687.477
101	20.2	-457.743	-226.538	-684.281
102	20.4	-479.231	-212.828	-692.059
103	20.6	-455.132	-219.953	-675.085
104	20.8	-460.881	-223.88	-684.761
105	21	-546.013	-202.239	-748.252
106	21.2	-505.481	-221.892	-727.372
107	21.4	-499.705	-231.315	-731.02
108	21.6	-532.679	-214.582	-747.261
109	21.8	-528.826	-223.656	-752.482
110	22	-595.679	-221.241	-816.92
111	22.2	-563.35	-210.074	-773.424
112	22.4	-563.563	-228.126	-791.689
113	22.6	-630.959	-208.846	-839.804
114	22.8	-639.635	-226.69	-866.325
115	23	-680.072	-241.448	-921.52
116	23.2	-637.059	-224.846	-861.905
117	23.4	-527.186	-231.208	-758.393
118	23.6	-632.897	-217.234	-850.131
119	23.8	-504.25	-206.081	-710.331
120	24	-551.96	-226.58	-778.539
121	24.2	-581.04	-224.373	-805.412
122	24.4	-573.957	-205.112	-779.069
123	24.6	-700.736	-220.958	-921.693
124	24.8	-615.796	-235.405	-851.201
125	25	-658.082	-213.061	-871.143
126	25.2	-583.505	-221.479	-804.984
127	25.4	-585.607	-201.567	-787.174
128	25.6	-617.06	-207.653	-824.713
129	25.8	-504.608	-203.286	-707.894
130	26	-447.432	-215.773	-663.205
131	26.2	-557.912	-209.518	-767.43
132	26.4	-508.524	-204.465	-712.989
133	26.6	-544.678	-207.064	-751.743
134	26.8	-502.837	-220.143	-722.979
135	27	-530.587	-194.957	-725.544
136	27.2	-511.022	-194.635	-705.658
137	27.4	-546.378	-192.256	-738.634
138	27.6	-496.818	-212.81	-709.628
139	27.8	-597.535	-198.654	-796.189
140	28	-474.127	-183.73	-657.857
141	28.2	-399.377	-220.707	-620.084
142	28.4	-576.024	-175.408	-751.432
143	28.6	-447.116	-201.956	-649.071
144	28.8	-411.13	-192.787	-603.916
145	29	-480.348	-197.314	-677.662
146	29.2	-456.41	-187.799	-644.21
147	29.4	-496.54	-199.641	-696.181
148	29.6	-577.193	-203.663	-780.855
149	29.8	-633.679	-202.566	-836.245
150	30	-618.657	-194.815	-813.471
151	30.2	-592.713	-214.07	-806.783
152	30.4	-560.212	-207.527	-767.74
153	30.6	-553.651	-196.76	-750.411
154	30.8	-539.089	-211.605	-750.695
155	31	-508.574	-204.301	-712.875
156	31.2	-551.093	-201.072	-752.165
157	31.4	-466.333	-215.173	-681.506
158	31.6	-439.866	-212.601	-652.467
159	31.8	-524.323	-209.951	-734.274
160	32	-483.312	-210.284	-693.595
161	32.2	-530.059	-211.492	-741.551
162	32.4	-402.936	-203.125	-606.061
163	32.6	-419.45	-203.492	-622.942
164	32.8	-478.113	-227.039	-705.151
165	33	-474.124	-192.604	-666.727
166	33.2	-564.288	-240.135	-804.422
167	33.4	-463.289	-219.801	-683.089
168	33.6	-437.735	-209.375	-647.11
169	33.8	-472.336	-225.352	-697.688
170	34	-475.506	-227.767	-703.273
171	34.2	-397.589	-214.099	-611.688
172	34.4	-417.064	-204.454	-621.519
173	34.6	-363.55	-204.131	-567.68
174	34.8	-451.617	-204.885	-656.502
175	35	-384.988	-210.84	-595.828
176	35.2	-571.111	-204.54	-775.651
177	35.4	-526.582	-197.867	-724.449
178	35.6	-512.517	-208.72	-721.237
179	35.8	-516.29	-206.258	-722.548
180	36	-507.812	-202.626	-710.438
181	36.2	-564.226	-184.653	-748.88
182	36.4	-498.635	-205.303	-703.938
183	36.6	-484.022	-197.596	-681.618
184	36.8	-473.293	-196.621	-669.914
185	37	-462.627	-213.833	-676.46
186	37.2	-513.975	-205.148	-719.123
187	37.4	-434.681	-202.568	-637.25
188	37.6	-466.504	-204.646	-671.149
189	37.8	-522.224	-189.607	-711.832
190	38	-384.933	-206.027	-590.959
191	38.2	-508.748	-206.127	-714.875
192	38.4	-487.428	-207.499	-694.927
193	38.6	-409.519	-202.605	-612.125
194	38.8	-464.511	-197.765	-662.276
195	39	-391.951	-189.337	-581.288
196	39.2	-389.049	-202.277	-591.326
197	39.4	-441.471	-187.459	-628.93
198	39.6	-401.242	-208.118	-609.359
199	39.8	-430.178	-207.777	-637.955
200	40	-400.623	-196.843	-597.466
201	40.2	-355.596	-188.782	-544.378
202	40.4	-371.601	-196.436	-568.037
203	40.6	-437.542	-203.028	-640.57
204	40.8	-380.236	-209.716	-589.951
205	41	-366.691	-201.229	-567.92
206	41.2	-388.498	-214.504	-603.002
207	41.4	-405.009	-182.206	-587.214
208	41.6	-378.56	-195.515	-574.075
209	41.8	-379.01	-194.097	-573.108
210	42	-400.206	-203.451	-603.657
211	42.2	-408.644	-187.125	-595.768
212	42.4	-389.726	-209.44	-599.165
213	42.6	-312.273	-186.146	-498.42
214	42.8	-294.713	-186.78	-481.493
215	43	-357.751	-192.908	-550.658
216	43.2	-341.225	-204.933	-546.159
217	43.4	-328.549	-200.382	-528.931
218	43.6	-289.844	-203.212	-493.057
219	43.8	-383.114	-202.104	-585.218
220	44	-365.77	-203.651	-569.421
221	44.2	-299.024	-206.849	-505.874
222	44.4	-296.87	-203.342	-500.212
223	44.6	-375.988	-190.126	-566.114
224	44.8	-328.892	-209.52	-538.412
225	45	-352.673	-180.283	-532.956
226	45.2	-377.428	-183.791	-561.219
227	45.4	-319.306	-198.593	-517.899
228	45.6	-372.504	-200.863	-573.366
229	45.8	-303.186	-192.279	-495.465
230	46	-246.818	-198.972	-445.79
231	46.2	-292.531	-191.533	-484.064
232	46.4	-363.11	-194.846	-557.956
233	46.6	-304.043	-206.907	-510.95
234	46.8	-397.519	-204.414	-601.933
235	47	-315.481	-216.673	-532.154
236	47.2	-399.431	-216.162	-615.593
237	47.4	-309.697	-205.058	-514.755
238	47.6	-433.498	-204.983	-638.481
239	47.8	-338.234	-203.38	-541.614
240	48	-343.895	-212.082	-555.977
241	48.2	-355.309	-212.353	-567.662
242	48.4	-404.27	-201.245	-605.515
243	48.6	-398.697	-205.274	-603.971
244	48.8	-357.666	-211.747	-569.413
245	49	-491.73	-207.32	-699.05
246	49.2	-443.027	-213.975	-657.003
247	49.4	-412.055	-187.982	-600.037
248	49.6	-477.446	-206.427	-683.873
249	49.8	-508.248	-196.861	-705.109
250	50	-429.972	-200.262	-630.234
251	50.2	-353.396	-206.884	-560.28
252	50.4	-418.423	-195.161	-613.584
253	50.6	-402.946	-186.692	-589.638
254	50.8	-414.528	-204.914	-619.442
255	51	-509.969	-200.933	-710.901
256	51.2	-433.092	-219.62	-652.712
257	51.4	-386.841	-199.424	-586.265
258	51.6	-376.852	-192.501	-569.353
259	51.8	-361.176	-194.628	-555.803
260	52	-379.315	-186.398	-565.713
261	52.2	-414.73	-196.586	-611.315
262	52.4	-389.285	-198.641	-587.926
263	52.6	-387.921	-195.752	-583.673
264	52.8	-402.817	-195.293	-598.11
265	53	-390.447	-176.382	-566.829
266	53.2	-256.51	-206.777	-463.287
267	53.4	-236.941	-200.485	-437.426
268	53.6	-290.225	-196.01	-486.235
269	53.8	-340.468	-205.142	-545.61
270	54	-345.052	-210.112	-555.164
271	54.2	-421.844	-190.416	-612.26
272	54.4	-369.822	-220.337	-590.16
273	54.6	-376.626	-206.426	-583.051
274	54.8	-393.99	-220.771	-614.761
275	55	-421.584	-213.239	-634.823
276	55.2	-390.722	-212.831	-603.553
277	55.4	-465.882	-206.362	-672.244
278	55.6	-458.439	-209.639	-668.078
279	55.8	-504.892	-209.479	-714.371
280	56	-449.112	-225.621	-674.733
281	56.2	-338.438	-218.589	-557.026
282	56.4	-421.709	-206.334	-628.043
283	56.6	-446.53	-205.167	-651.698
284	56.8	-407.295	-207.265	-614.56
285	57	-408.145	-199.495	-607.64
286	57.2	-470.659	-215.194	-685.853
287	57.4	-421.405	-217.416	-638.82
288	57.6	-442	-209.461	-651.461
289	57.8	-441.569	-210.138	-651.707
290	58	-397.548	-238.028	-635.577
291	58.2	-379.245	-230.879	-610.123
292	58.4	-308.716	-215.324	-524.04
293	58.6	-391.373	-210.798	-602.171
294	58.8	-446.517	-223.38	-669.898
295	59	-400.138	-215.145	-615.283
296	59.2	-418.557	-234.903	-653.46
297	59.4	-512.816	-233.794	-746.611
298	59.6	-419.325	-239.924	-659.248
299	59.8	-480.915	-229.209	-710.124
300	60	-496.918	-212.968	-709.886
301	60.2	-447.38	-221.683	-669.063
302	60.4	-558.683	-206.684	-765.367
303	60.6	-398.305	-216.871	-615.176
304	60.8	-404.113	-219.255	-623.368
305	61	-505.196	-219.435	-724.631
306	61.2	-485.829	-220.733	-706.562
307	61.4	-490.501	-215.774	-706.275
308	61.6	-426.62	-233.653	-660.273
309	61.8	-406.988	-214.639	-621.627
310	62	-473.102	-221.534	-694.636
311	62.2	-440.341	-218.786	-659.127
312	62.4	-471.195	-198.862	-670.057
313	62.6	-508.641	-195.249	-703.89
314	62.8	-428.188	-233.617	-661.806
315	63	-511.951	-212.779	-724.73
316	63.2	-407.681	-201.921	-609.602
317	63.4	-438.091	-218.554	-656.644
318	63.6	-449.933	-203.319	-653.252
319	63.8	-485.831	-217.592	-703.423
320	64	-510.294	-211.394	-721.689
321	64.2	-475.84	-206.414	-682.254
322	64.4	-478.198	-203.71	-681.908
323	64.6	-493.657	-207.122	-700.779
324	64.8	-394.269	-209.242	-603.51
325	65	-470.688	-207.301	-677.989
326	65.2	-503.87	-211.703	-715.574
327	65.4	-498.239	-179.975	-678.214
328	65.6	-346.603	-204.973	-551.575
329	65.8	-386.578	-203.876	-590.454
330	66	-289.806	-211.804	-501.61
331	66.2	-437.819	-209.562	-647.382
332	66.4	-459.875	-217.164	-677.038
333	66.6	-451.892	-217.345	-669.237
334	66.8	-394.185	-216.384	-610.569
335	67	-451.789	-216.65	-668.439
336	67.2	-472.421	-196.111	-668.532
337	67.4	-338.402	-217.032	-555.434
338	67.6	-490.005	-223.902	-713.907
339	67.8	-492.214	-221.839	-714.053
340	68	-437.654	-211.444	-649.098
341	68.2	-451.835	-220.167	-672.002
342	68.4	-516.939	-234.057	-750.996
343	68.6	-550.412	-223.714	-774.125
344	68.8	-594.688	-226.446	-821.134
345	69	-454.048	-246.188	-700.236
346	69.2	-461.058	-223.988	-685.046
347	69.4	-452.295	-221.937	-674.233
348	69.6	-455.347	-217.078	-672.425
349	69.8	-433.955	-219.433	-653.388
350	70	-540.404	-234.464	-774.867
351	70.2	-511.058	-244.885	-755.942
352	70.4	-559.807	-223.359	-783.166
353	70.6	-561.95	-237.769	-799.719
354	70.8	-465.286	-224.723	-690.009
355	71	-516.319	-234.689	-751.008
356	71.2	-572.411	-216.327	-788.738
357	71.4	-595.093	-218.44	-813.533
358	71.6	-546.334	-228.997	-775.331
359	71.8	-532.217	-208.531	-740.749
360	72	-552.022	-213.619	-765.641
361	72.2	-562.448	-217.073	-779.52
362	72.4	-487.182	-217.196	-704.378
363	72.6	-517.394	-221.85	-739.244
364	72.8	-419.885	-222.325	-642.21
365	73	-413.277	-203.482	-616.76
366	73.2	-346.28	-215.334	-561.614
367	73.4	-409.145	-220.772	-629.918
368	73.6	-429.701	-227.261	-656.961
369	73.8	-433.114	-219.275	-652.389
370	74	-437.988	-228.078	-666.066
371	74.2	-320.457	-232.046	-552.503
372	74.4	-408.576	-233.913	-642.489
373	74.6	-477.082	-231.019	-708.101
374	74.8	-416.785	-239.831	-656.616
375	75	-473.924	-234.06	-707.984
376	75.2	-366.942	-225.132	-592.074
377	75.4	-354.291	-235.237	-589.528
378	75.6	-377.849	-226.433	-604.282
379	75.8	-269.668	-222.924	-492.593
380	76	-182.979	-237.086	-420.065
381	76.2	-281.471	-246.38	-527.851
382	76.4	-279.863	-232.793	-512.656
383	76.6	-349.636	-236.791	-586.427
384	76.8	-361.296	-235.034	-596.33
385	77	-397.153	-244.096	-641.25
386	77.2	-366.021	-229.326	-595.346
387	77.4	-504.232	-232.871	-737.103
388	77.6	-525.146	-216.475	-741.621
389	77.8	-504.827	-220.7	-725.527
390	78	-455.422	-229.63	-685.052
391	78.2	-472.703	-226.845	-699.549
392	78.4	-458.464	-231.752	-690.216
393	78.6	-406.102	-229.642	-635.744
394	78.8	-375.316	-218.423	-593.739
395	79	-355.845	-233.066	-588.911
396	79.2	-410.841	-238.304	-649.145
397	79.4	-443.94	-229.999	-673.938
398	79.6	-391.158	-237	-628.158
399	79.8	-368.384	-239.812	-608.196
400	80	-466.845	-209.57	-676.415
401	80.2	-522.599	-205.604	-728.203
402	80.4	-568.735	-242.142	-810.877
403	80.6	-547.375	-226.453	-773.829
404	80.8	-524.439	-235.629	-760.069
405	81	-485.255	-240.115	-725.37
406	81.2	-529.502	-236.747	-766.249
407	81.4	-451.012	-245.406	-696.418
408	81.6	-553.505	-207.845	-761.35
409	81.8	-438.087	-216.926	-655.014
410	82	-412.345	-234.802	-647.147
411	82.2	-423.079	-215.59	-638.669
412	82.4	-448.945	-224.004	-672.949
413	82.6	-436.636	-220.024	-656.661
414	82.8	-469.685	-217.549	-687.234
415	83	-509.3	-230.267	-739.567
416	83.2	-462.198	-232.259	-694.457
417	83.4	-433.535	-243.295	-676.83
418	83.6	-536.652	-230.447	-767.1
419	83.8	-517.91	-237.398	-755.308
420	84	-457.99	-229.813	-687.803
421	84.2	-555.182	-229.358	-784.539
422	84.4	-601.811	-240.671	-842.482
423	84.6	-546.949	-239.712	-786.661
424	84.8	-493.634	-222.487	-716.121
425	85	-468.334	-202.306	-670.64
426	85.2	-417.112	-210.22	-627.332
427	85.4	-468.966	-224.273	-693.239
428	85.6	-428.788	-216.873	-645.662
429	85.8	-421.398	-204.985	-626.383
430	86	-446.943	-229.841	-676.784
431	86.2	-326.745	-229.555	-556.3
432	86.4	-461.303	-212.18	-673.484
433	86.6	-501.387	-212.677	-714.063
434	86.8	-487.748	-220.185	-707.932
435	87	-409.519	-249.963	-659.482
436	87.2	-401.495	-234.964	-636.458
437	87.4	-390.624	-213.236	-603.86
438	87.6	-380.286	-216.803	-597.09
439	87.8	-317.735	-211.258	-528.993
440	88	-303.526	-213.51	-517.036
441	88.2	-347.732	-219.378	-567.11
442	88.4	-340.536	-227.983	-568.52
443	88.6	-333.364	-220.756	-554.12
444	88.8	-392.872	-220.277	-613.148
445	89	-425.986	-219.268	-645.254
446	89.2	-439.287	-239.921	-679.208
447	89.4	-488.355	-235.616	-723.971
448	89.6	-412.187	-219.498	-631.685
449	89.8	-309.89	-233.812	-543.701
450	90	-295.152	-240.559	-535.711
451	90.2	-310.043	-231.32	-541.362
452	90.4	-250.857	-212.062	-462.918
453	90.6	-285.104	-220.487	-505.591
454	90.8	-273.044	-212.522	-485.565
455	91	-284.718	-227.543	-512.262
456	91.2	-397.987	-227.791	-625.778
457	91.4	-435.348	-236.161	-671.51
458	91.6	-413.062	-223.201	-636.263
459	91.8	-488.604	-238.801	-727.405
460	92	-458.844	-237.715	-696.559
461	92.2	-463.954	-231.358	-695.312
462	92.4	-478.482	-239.624	-718.106
463	92.6	-424.588	-236.584	-661.173
464	92.8	-460.92	-243.997	-704.916
465	93	-469.292	-249.038	-718.33
466	93.2	-515.123	-243.945	-759.068
467	93.4	-538.626	-242.635	-781.262
468	93.6	-541.554	-264.381	-805.935
469	93.8	-604.301	-269	-873.301
470	94	-574.954	-246.745	-821.699
471	94.2	-434.057	-239.326	-673.383
472	94.4	-477.469	-250.297	-727.765
473	94.6	-475.572	-237.778	-713.35
474	94.8	-469.077	-211.401	-680.478
475	95	-506.881	-220.653	-727.534
476	95.2	-501.193	-244.946	-746.139
477	95.4	-481.72	-248.904	-730.625
478	95.6	-490.273	-271.263	-761.535
479	95.8	-441.264	-254.451	-695.715
480	96	-469.625	-251.518	-721.142
481	96.2	-442.368	-234.306	-676.675
482	96.4	-479.639	-231.212	-710.851
483	96.6	-486.37	-213.099	-699.468
484	96.8	-490.691	-239.63	-730.321
485	97	-511.541	-228.478	-740.018
486	97.2	-384.89	-244.366	-629.255
487	97.4	-447.912	-257.952	-705.864
488	97.6	-530.38	-231.697	-762.077
489	97.8	-455.516	-237.163	-692.679
490	98	-425.166	-230.769	-655.936
491	98.2	-437.84	-235.142	-672.982
492	98.4	-413.603	-227.684	-641.287
493	98.6	-454.55	-234.709	-689.258
494	98.8	-391.068	-222.741	-613.809
495	99	-364.399	-232.633	-597.032
496	99.2	-401.717	-242.775	-644.492
497	99.4	-449.084	-203.03	-652.115
498	99.6	-531.435	-214.616	-746.05
499	99.8	-441.863	-238.231	-680.094
500	100	-402.661	-234.442	-637.103
501	100.2	-469.101	-210.821	-679.922
502	100.4	-398.572	-221.572	-620.144
503	100.6	-458.441	-227.129	-685.57
504	100.8	-440.811	-226.042	-666.854
505	101	-509.859	-229.469	-739.328
506	101.2	-537.139	-224.82	-761.96
507	101.4	-618.603	-238.561	-857.164
508	101.6	-582.792	-219.424	-802.216
509	101.8	-521.271	-211.19	-732.462
510	102	-458.875	-234.049	-692.924
511	102.2	-483.881	-216.318	-700.199
512	102.4	-471.832	-212.199	-684.03
513	102.6	-477.84	-236.421	-714.261
514	102.8	-428.717	-229.322	-658.039
515	103	-449.567	-218.332	-667.899
516	103.2	-491.918	-216.997	-708.914
517	103.4	-494.196	-201.219	-695.415
518	103.6	-535.192	-216.432	-751.624
519	103.8	-549.673	-207.128	-756.8
520	104	-509.911	-222.903	-732.813
521	104.2	-540.464	-216.496	-756.961
522	104.4	-535.864	-229.13	-764.994
523	104.6	-517.508	-223.857	-741.365
524	104.8	-476.986	-211.257	-688.244
525	105	-518.68	-221.581	-740.26
526	105.2	-493.981	-225.809	-719.79
527	105.4	-462.593	-233.802	-696.394
528	105.6	-497.035	-240.565	-737.599
529	105.8	-469.218	-228.643	-697.862
530	106	-501.034	-229.119	-730.154
531	106.2	-433.401	-221.647	-655.047
532	106.4	-450.629	-223.93	-674.559
533	106.6	-413.172	-226.527	-639.699
534	106.8	-414.847	-212.145	-626.992
535	107	-372.418	-218.722	-591.14
536	107.2	-391.832	-209.118	-600.949
537	107.4	-405.229	-206.916	-612.145
538	107.6	-428.475	-209.131	-637.607
539	107.8	-364.553	-221.602	-586.155
540	108	-347.673	-213.804	-561.477
541	108.2	-354.344	-232.397	-586.741
542	108.4	-362.792	-222.671	-585.463
543	108.6	-385.75	-202.499	-588.249
544	108.8	-258.956	-226.383	-485.339
545	109	-314.093	-226.51	-540.603
546	109.2	-407.673	-213.124	-620.797
547	109.4	-407.469	-220.153	-627.622
548	109.6	-413.273	-207.844	-621.117
549	109.8	-452.783	-223.173	-675.956
550	110	-378.498	-186.992	-565.49
551	110.2	-330.312	-222.47	-552.782
552	110.4	-297.641	-225.167	-522.808
553	110.6	-352.804	-222.753	-575.557
554	110.8	-382.094	-228.15	-610.244
555	111	-311.528	-229.984	-541.512
556	111.2	-341.421	-222.309	-563.73
557	111.4	-373.319	-225.413	-598.732
558	111.6	-380.723	-225.565	-606.287
559	111.8	-327.13	-218.663	-545.793
560	112	-350.474	-212.751	-563.225
561	112.2	-307.426	-220.824	-528.25
562	112.4	-389.097	-208.058	-597.155
563	112.6	-412.131	-227.871	-640.002
564	112.8	-337.13	-215.075	-552.205
565	113	-460.173	-221.852	-682.025
566	113.2	-444.508	-208.811	-653.319
567	113.4	-438.801	-223.869	-662.67
568	113.6	-439.368	-230.868	-670.236
569	113.8	-461.603	-214.701	-676.304
570	114	-510.649	-208.701	-719.35
571	114.2	-462.285	-222.988	-685.273
572	114.4	-453.449	-225.785	-679.234
573	114.6	-502.075	-233.289	-735.364
574	114.8	-572.811	-231.807	-804.618
575	115	-551.843	-234.864	-786.707
576	115.2	-513.505	-248.3	-761.806
577	115.4	-495.721	-230.111	-725.832
578	115.6	-417.447	-238.589	-656.036
579	115.8	-446.184	-227.717	-673.901
580	116	-449.707	-237.754	-687.461
581	116.2	-432.545	-238.905	-671.451
582	116.4	-440.774	-228.077	-668.851
583	116.6	-386.726	-240.575	-627.301
584	116.8	-332.89	-219.212	-552.102
585	117	-355.23	-234.181	-589.411
586	117.2	-416.503	-221.811	-638.313
587	117.4	-338.049	-232.988	-571.037
588	117.6	-444.002	-222.58	-666.582
589	117.8	-448.854	-233.366	-682.22
590	118	-410.072	-244.39	-654.462
591	118.2	-404.261	-229.194	-633.455
592	118.4	-375.514	-237.636	-613.15
593	118.6	-390.087	-227.286	-617.373
594	118.8	-458.251	-241.726	-699.977
595	119	-484.468	-252.171	-736.639
596	119.2	-498.88	-251.044	-749.925
597	119.4	-453.719	-238.86	-692.579
598	119.6	-291.739	-244.379	-536.118
599	119.8	-321.253	-237.178	-558.431
600	120	-340.173	-263.598	-603.771
601	120.2	-354.763	-237.739	-592.503
602	120.4	-480.585	-228.754	-709.339
603	120.6	-326.437	-235.194	-561.63
604	120.8	-296.969	-214.878	-511.847
605	121	-223.788	-206.007	-429.795
606	121.2	-200.693	-233.895	-434.588
607	121.4	-359.943	-223.305	-583.248
608	121.6	-537.872	-236.222	-774.094
609	121.8	-449.749	-227.481	-677.23
610	122	-382.342	-218.235	-600.577
611	122.2	-338.872	-217.142	-556.014
612	122.4	-355.762	-246.1	-601.862
613	122.6	-403.604	-232.22	-635.824
614	122.8	-427.082	-237.28	-664.363
615	123	-496.214	-241.345	-737.559
616	123.2	-422.856	-242.066	-664.922
617	123.4	-498.101	-249.103	-747.204
618	123.6	-554.194	-245.182	-799.376
619	123.8	-564.937	-240.494	-805.431
620	124	-639.177	-231.741	-870.918
621	124.2	-580.967	-231.556	-812.523
622	124.4	-563.905	-248.307	-812.211
623	124.6	-479.376	-243.728	-723.104
624	124.8	-523.044	-240.957	-764.001
625	125	-537.846	-254.677	-792.523
626	125.2	-454.405	-254.838	-709.243
627	125.4	-544.571	-228.897	-773.467
628	125.6	-476.806	-252.861	-729.667
629	125.8	-512.208	-255.66	-767.868
630	126	-496.207	-245.725	-741.932
631	126.2	-516.73	-244.234	-760.964
632	126.4	-445.14	-260.035	-705.175
633	126.6	-376.281	-263.022	-639.303
634	126.8	-454.661	-273.093	-727.754
635	127	-503.387	-262.583	-765.97
636	127.2	-502.997	-255.074	-758.071
637	127.4	-550.214	-261.148	-811.362
638	127.6	-601.344	-245.657	-847.001
639	127.8	-559.36	-241.342	-800.702
640	128	-578.147	-245.59	-823.737
641	128.2	-546.641	-252.821	-799.462
642	128.4	-620.099	-245.101	-865.199
643	128.6	-612.161	-244.235	-856.396
644	128.8	-535.263	-247.841	-783.104
645	129	-501.012	-238.912	-739.924
646	129.2	-493.145	-229.304	-722.449
647	129.4	-676.321	-248.179	-924.5
648	129.6	-598.833	-243.46	-842.293
649	129.8	-659.365	-229.959	-889.324
650	130	-677.445	-262.086	-939.531
651	130.2	-664.234	-231.262	-895.496
652	130.4	-583.658	-253.667	-837.325
653	130.6	-578.184	-254.34	-832.524
654	130.8	-592.894	-251.118	-844.012
655	131	-513.329	-264.819	-778.148
656	131.2	-478.082	-267.1	-745.182
657	131.4	-449.692	-275.768	-725.46
658	131.6	-361.187	-261.108	-622.295
659	131.8	-419.474	-291.331	-710.805
660	132	-417.255	-264.211	-681.466
661	132.2	-356.747	-266.221	-622.969
662	132.4	-351.705	-259.417	-611.122
663	132.6	-458.668	-265.641	-724.309
664	132.8	-503.435	-265.161	-768.596
665	133	-478.706	-265.203	-743.909
666	133.2	-493.334	-264.12	-757.455
667	133.4	-460.402	-296.517	-756.92
668	133.6	-443.354	-285.159	-728.514
669	133.8	-405.474	-266.863	-672.338
670	134	-275.88	-270.449	-546.329
671	134.2	-313.118	-276.811	-589.929
672	134.4	-354.847	-258.356	-613.203
673	134.6	-402.335	-277.143	-679.477
674	134.8	-445.2	-248.558	-693.758
675	135	-296.207	-255.19	-551.398
676	135.2	-369.839	-260.617	-630.456
677	135.4	-336.628	-241.281	-577.909
678	135.6	-437.992	-245.479	-683.471
679	135.8	-340.944	-238.04	-578.984
680	136	-323.857	-246.139	-569.996
681	136.2	-339.81	-246.724	-586.533
682	136.4	-479.484	-262.407	-741.89
683	136.6	-414.084	-266.864	-680.948
684	136.8	-487.683	-268.549	-756.232
685	137	-469.668	-257.639	-727.307
686	137.2	-440.787	-266.849	-707.637
687	137.4	-439.415	-272.03	-711.446
688	137.6	-509.751	-274.987	-784.738
689	137.8	-451.703	-281.301	-733.004
690	138	-417.352	-286.99	-704.342
691	138.2	-412.777	-266.478	-679.254
692	138.4	-516.678	-257.766	-774.444
693	138.6	-479.761	-271.772	-751.532
694	138.8	-597.988	-253.846	-851.834
695	139	-496.649	-247.681	-744.33
696	139.2	-540.558	-248.03	-788.588
697	139.4	-461.975	-249.647	-711.621
698	139.6	-587.632	-247.206	-834.838
699	139.8	-653.336	-256.007	-909.343
700	140	-559.826	-244.442	-804.268
701	140.2	-541.494	-246.594	-788.087
702	140.4	-513.53	-263.916	-777.447
703	140.6	-419.404	-260.357	-679.761
704	140.8	-594.964	-247.706	-842.67
705	141	-621.448	-238.602	-860.05
706	141.2	-518.088	-238.778	-756.866
707	141.4	-601.005	-224.877	-825.882
708	141.6	-574.608	-234.788	-809.396
709	141.8	-587.083	-226.967	-814.049
710	142	-608.236	-223.087	-831.323
711	142.2	-584.899	-228.916	-813.815
712	142.4	-427.4	-231.623	-659.023
713	142.6	-428.859	-220.009	-648.868
714	142.8	-374.168	-261.396	-635.564
715	143	-401.063	-227.952	-629.015
716	143.2	-439.839	-215.44	-655.279
717	143.4	-368.826	-236.896	-605.722
718	143.6	-332.994	-242.518	-575.511
719	143.8	-350.683	-240.478	-591.161
720	144	-275.222	-217.672	-492.894
721	144.2	-388.846	-213.031	-601.877
722	144.4	-313.782	-234.256	-548.039
723	144.6	-318.121	-238.825	-556.946
724	144.8	-283.948	-226.547	-510.495
725	145	-325.325	-220.333	-545.658
726	145.2	-329.585	-229.842	-559.427
727	145.4	-340.999	-214.384	-555.384
728	145.6	-367.863	-216.725	-584.588
729	145.8	-388.92	-207.328	-596.248
730	146	-381.382	-226.2	-607.582
731	146.2	-281.394	-236.537	-517.931
732	146.4	-339.687	-231.374	-571.061
733	146.6	-400.204	-223.291	-623.495
734	146.8	-426.909	-219.32	-646.228
735	147	-405.216	-215.263	-620.478
736	147.2	-433.005	-240.753	-673.758
737	147.4	-488.959	-215.931	-704.89
738	147.6	-436.045	-219.579	-655.624
739	147.8	-283.124	-232.844	-515.968
740	148	-364.432	-221.45	-585.882
741	148.2	-397.119	-228.264	-625.383
742	148.4	-400.827	-238.43	-639.257
743	148.6	-387.591	-230.161	-617.751
744	148.8	-461.586	-243.582	-705.168
745	149	-399.1	-240.469	-639.569
746	149.2	-455.451	-233.449	-688.9
747	149.4	-472.729	-214.27	-686.999
748	149.6	-473.482	-218.941	-692.423
749	149.8	-451.846	-238.401	-690.248
750	150	-409.49	-244.596	-654.087
751	150.2	-508.876	-222.695	-731.571
752	150.4	-458.321	-243.896	-702.217
753	150.6	-454.185	-227.476	-681.661
754	150.8	-415.447	-235.834	-651.282
755	151	-401.123	-216.802	-617.924
756	151.2	-449.723	-218.683	-668.406
