Frame         Time          Elec          VdW           Nonbond       Total         
0             0             -177.983      -30.4674      -208.45       -208.45       
1             1             -216.107      -30.3044      -246.411      -246.411      
2             2             -225.658      -22.7024      -248.361      -248.361      
3             3             -111.811      -24.0107      -135.822      -135.822      
4             4             -104.696      -12.6497      -117.346      -117.346      
5             5             -106.031      -24.4072      -130.439      -130.439      
6             6             -149.808      -27.1577      -176.965      -176.965      
7             7             -165.153      -34.7917      -199.945      -199.945      
8             8             -210.762      -39.7878      -250.55       -250.55       
9             9             -230.595      -40.4087      -271.003      -271.003      
10            10            -186.218      -32.9126      -219.131      -219.131      
11            11            -86.1839      -30.9075      -117.091      -117.091      
12            12            -146.467      -31.8854      -178.352      -178.352      
13            13            -136.684      -33.6472      -170.331      -170.331      
14            14            -176.384      -28.8441      -205.229      -205.229      
15            15            -113.895      -29.793       -143.688      -143.688      
16            16            -272.25       -33.1274      -305.378      -305.378      
17            17            -227.466      -37.0936      -264.559      -264.559      
18            18            -229.797      -41.345       -271.142      -271.142      
19            19            -298.723      -44.3731      -343.096      -343.096      
20            20            -330.322      -45.1571      -375.479      -375.479      
21            21            -316.679      -33.6856      -350.365      -350.365      
22            22            -297.626      -47.5037      -345.129      -345.129      
23            23            -319.96       -46.6819      -366.642      -366.642      
24            24            -224.975      -38.9257      -263.901      -263.901      
25            25            -324.316      -35.44        -359.756      -359.756      
26            26            -216.963      -37.6794      -254.643      -254.643      
27            27            -213.32       -39.6661      -252.986      -252.986      
28            28            -263.94       -22.7033      -286.643      -286.643      
29            29            -222.55       -35.9361      -258.486      -258.486      
30            30            -207.254      -36.2418      -243.496      -243.496      
31            31            -240.195      -30.2213      -270.416      -270.416      
32            32            -161.084      -32.2119      -193.296      -193.296      
33            33            -206.183      -26.8299      -233.013      -233.013      
34            34            -117.992      -17.3164      -135.308      -135.308      
35            35            -135.43       -18.4163      -153.847      -153.847      
36            36            -172.314      -18.8978      -191.212      -191.212      
37            37            -117.712      -21.9211      -139.633      -139.633      
38            38            -171.086      -24.8427      -195.929      -195.929      
39            39            -148.873      -29.9987      -178.871      -178.871      
40            40            -169.454      -23.404       -192.858      -192.858      
41            41            -134.899      -23.2131      -158.112      -158.112      
42            42            -97.6233      -16.5906      -114.214      -114.214      
43            43            -170.958      -20.0368      -190.995      -190.995      
44            44            -134.259      -29.7808      -164.04       -164.04       
45            45            -112.715      -23.3781      -136.093      -136.093      
46            46            -137.495      -22.6014      -160.097      -160.097      
47            47            -103.127      -18.2667      -121.394      -121.394      
48            48            -160.379      -20.8595      -181.238      -181.238      
49            49            -19.9078      -13.7141      -33.6219      -33.6219      
50            50            -67.0547      -12.6985      -79.7532      -79.7532      
51            51            -90.9686      -22.3175      -113.286      -113.286      
52            52            -92.4486      -18.9349      -111.384      -111.384      
53            53            -113.167      -21.3393      -134.506      -134.506      
54            54            -76.2575      -17.1495      -93.407       -93.407       
55            55            -159.522      -21.0059      -180.528      -180.528      
56            56            -135.71       -20.7696      -156.479      -156.479      
57            57            -116.782      -21.2326      -138.015      -138.015      
58            58            -167.787      -19.0561      -186.843      -186.843      
59            59            -152.054      -21.4721      -173.526      -173.526      
60            60            -130.842      -16.4434      -147.285      -147.285      
61            61            -144.768      -15.9817      -160.75       -160.75       
62            62            -98.9094      -18.893       -117.802      -117.802      
63            63            -151.746      -18.4329      -170.179      -170.179      
64            64            -126.706      -14.1268      -140.833      -140.833      
65            65            -124.388      -14.9196      -139.308      -139.308      
66            66            -150.131      -21.4516      -171.582      -171.582      
67            67            -193.697      -19.2711      -212.968      -212.968      
68            68            -211.51       -20.4249      -231.934      -231.934      
69            69            -168.04       -12.6951      -180.735      -180.735      
70            70            -61.2119      -11.2975      -72.5094      -72.5094      
71            71            -9.3281       -15.9628      -25.2909      -25.2909      
72            72            -124.962      -23.6106      -148.573      -148.573      
73            73            -110.769      -23.7611      -134.53       -134.53       
74            74            -83.9435      -19.1713      -103.115      -103.115      
75            75            -69.5921      -16.8322      -86.4243      -86.4243      
76            76            -109.9        -18.7949      -128.695      -128.695      
77            77            -98.2463      -18.6699      -116.916      -116.916      
78            78            -69.5614      -15.3767      -84.9381      -84.9381      
79            79            -36.5295      -9.2757       -45.8052      -45.8052      
80            80            -102.72       -10.5552      -113.275      -113.275      
81            81            -86.2873      -9.6614       -95.9487      -95.9487      
82            82            -39.7107      -7.1571       -46.8678      -46.8678      
83            83            -112.421      -13.7886      -126.21       -126.21       
84            84            -134.272      -17.7768      -152.049      -152.049      
85            85            -132.621      -11.5839      -144.205      -144.205      
86            86            -120.483      -10.5212      -131.004      -131.004      
87            87            -79.3814      -15.9008      -95.2822      -95.2822      
88            88            -120.001      -11.987       -131.988      -131.988      
89            89            -114.369      -17.9883      -132.357      -132.357      
90            90            -124.305      -15.0977      -139.403      -139.403      
91            91            -57.4011      -11.2678      -68.6689      -68.6689      
92            92            -119.122      -11.6512      -130.773      -130.773      
93            93            -90.4534      -18.0365      -108.49       -108.49       
94            94            -96.8851      -11.9058      -108.791      -108.791      
95            95            -102.85       -13.913       -116.763      -116.763      
96            96            -64.8331      -12.5698      -77.4029      -77.4029      
97            97            -78.0898      -19.2752      -97.365       -97.365       
98            98            -85.618       -10.4791      -96.0971      -96.0971      
99            99            -41.2111      -10.319       -51.5301      -51.5301      
100           100           -52.4913      -8.8744       -61.3657      -61.3657      
101           101           -64.9904      -13.0335      -78.0239      -78.0239      
102           102           -50.4539      -10.9196      -61.3735      -61.3735      
103           103           -42.2334      -11.9631      -54.1965      -54.1965      
104           104           -69.4959      -16.0411      -85.537       -85.537       
105           105           -44.2155      -10.434       -54.6495      -54.6495      
106           106           -68.532       -11.8912      -80.4232      -80.4232      
107           107           -35.0075      -19.5927      -54.6002      -54.6002      
108           108           -69.5786      -20.4958      -90.0744      -90.0744      
109           109           -31.888       -21.6418      -53.5298      -53.5298      
110           110           -43.3179      -19.2216      -62.5395      -62.5395      
111           111           -67.061       -21.3977      -88.4587      -88.4587      
112           112           -60.9631      -21.6056      -82.5687      -82.5687      
113           113           -80.8685      -18.6548      -99.5233      -99.5233      
114           114           -55.2353      -13.7549      -68.9902      -68.9902      
115           115           -43.4988      -11.7711      -55.2699      -55.2699      
116           116           -26.9456      -8.344        -35.2896      -35.2896      
117           117           -51.3398      -13.0713      -64.4111      -64.4111      
118           118           -17.9901      -15.101       -33.0911      -33.0911      
119           119           -1.151        -16.2621      -17.4131      -17.4131      
120           120           +16.997       -14.9766      +2.0204       +2.0204       
121           121           -29.2195      -16.1903      -45.4098      -45.4098      
122           122           +4.1808       -14.6046      -10.4238      -10.4238      
123           123           -46.4378      -22.2029      -68.6407      -68.6407      
124           124           -84.0395      -27.0562      -111.096      -111.096      
125           125           -79.0401      -26.2022      -105.242      -105.242      
126           126           -61.0181      -28.7782      -89.7963      -89.7963      
127           127           -19.5906      -30.5505      -50.1411      -50.1411      
128           128           -12.3572      -30.156       -42.5132      -42.5132      
129           129           -49.7947      -22.4988      -72.2935      -72.2935      
130           130           -135.806      -31.8887      -167.695      -167.695      
131           131           -137.429      -35.0361      -172.465      -172.465      
132           132           -109.523      -27.9857      -137.509      -137.509      
133           133           -152.189      -27.5672      -179.756      -179.756      
134           134           -121.711      -20.038       -141.749      -141.749      
135           135           -92.0464      -15.5144      -107.561      -107.561      
136           136           -48.2404      -20.8831      -69.1235      -69.1235      
137           137           -76.6828      -25.0475      -101.73       -101.73       
138           138           -74.8575      -19.0294      -93.8869      -93.8869      
139           139           -40.859       -17.0724      -57.9314      -57.9314      
140           140           -7.4631       -18.3963      -25.8594      -25.8594      
141           141           -89.6961      -14.7286      -104.425      -104.425      
142           142           -85.0946      -17.7765      -102.871      -102.871      
143           143           -73.7346      -21.0602      -94.7948      -94.7948      
144           144           -92.288       -16.1718      -108.46       -108.46       
145           145           -83.4988      -17.5128      -101.012      -101.012      
146           146           -48.4401      -17.1079      -65.548       -65.548       
147           147           -40.8414      -13.0988      -53.9402      -53.9402      
148           148           -84.8667      -12.4589      -97.3256      -97.3256      
149           149           -32.0009      -10.0707      -42.0716      -42.0716      
150           150           -42.4897      -11.8668      -54.3565      -54.3565      
151           151           -160.523      -19.5618      -180.084      -180.084      
152           152           -128.32       -19.5396      -147.86       -147.86       
153           153           -148.469      -23.7951      -172.265      -172.265      
154           154           -165.106      -23.9458      -189.052      -189.052      
155           155           -187.574      -32.422       -219.996      -219.996      
156           156           -165.07       -26.9299      -192          -192          
157           157           -196.162      -34.064       -230.226      -230.226      
158           158           -161.461      -23.86        -185.321      -185.321      
159           159           -103.668      -23.493       -127.161      -127.161      
160           160           -213.534      -23.5596      -237.094      -237.094      
161           161           -198.297      -30.371       -228.668      -228.668      
162           162           -112.422      -33.4661      -145.888      -145.888      
163           163           -131.256      -26.953       -158.209      -158.209      
164           164           -143.18       -21.9474      -165.128      -165.128      
165           165           -155.978      -27.4406      -183.419      -183.419      
166           166           -186.138      -35.2275      -221.365      -221.365      
167           167           -156.847      -29.4879      -186.335      -186.335      
168           168           -168.515      -33.4691      -201.984      -201.984      
169           169           -130.976      -29.9209      -160.897      -160.897      
170           170           -163.274      -40.123       -203.397      -203.397      
171           171           -110.121      -35.2482      -145.369      -145.369      
172           172           -99.3441      -30.8893      -130.233      -130.233      
173           173           -122.433      -32.6454      -155.078      -155.078      
174           174           -172.1        -31.6699      -203.769      -203.769      
175           175           -128.886      -35.6935      -164.579      -164.579      
176           176           -96.4954      -30.6119      -127.107      -127.107      
177           177           -89.2858      -30.8032      -120.089      -120.089      
178           178           -96.9494      -28.2609      -125.21       -125.21       
179           179           -146.401      -31.0793      -177.48       -177.48       
180           180           -78.7522      -34.0212      -112.773      -112.773      
181           181           -131.722      -30.7228      -162.445      -162.445      
182           182           -170.818      -29.1917      -200.01       -200.01       
183           183           -79.3803      -22.1728      -101.553      -101.553      
184           184           -59.675       -28.0521      -87.7271      -87.7271      
185           185           -69.9204      -25.8985      -95.8189      -95.8189      
186           186           -83.9688      -30.9934      -114.962      -114.962      
187           187           -106.054      -32.1707      -138.224      -138.224      
188           188           -123.059      -32.8063      -155.865      -155.865      
189           189           -167.772      -35.5362      -203.309      -203.309      
190           190           -180.128      -38.4639      -218.592      -218.592      
191           191           -148.607      -32.8512      -181.459      -181.459      
192           192           -134.199      -38.2585      -172.457      -172.457      
193           193           -128.258      -47.3053      -175.563      -175.563      
194           194           -226.926      -31.572       -258.498      -258.498      
195           195           -166.586      -32.4934      -199.08       -199.08       
196           196           -95.5366      -29.8451      -125.382      -125.382      
197           197           -105.213      -29.2514      -134.465      -134.465      
198           198           -102.02       -24.4367      -126.457      -126.457      
199           199           -76.5291      -31.0182      -107.547      -107.547      
200           200           -73.487       -27.3391      -100.826      -100.826      
201           201           -89.4556      -25.7058      -115.161      -115.161      
202           202           -90.0726      -29.5914      -119.664      -119.664      
203           203           -61.5728      -22.3341      -83.9069      -83.9069      
204           204           -70.0368      -26.9901      -97.0269      -97.0269      
205           205           -106.942      -24.3958      -131.337      -131.337      
206           206           -91.9683      -13.764       -105.732      -105.732      
207           207           -74.8126      -27.1755      -101.988      -101.988      
208           208           -83.6488      -24.6083      -108.257      -108.257      
209           209           -101.952      -25.7972      -127.749      -127.749      
210           210           -95.4815      -21.1474      -116.629      -116.629      
211           211           -169.158      -15.2555      -184.414      -184.414      
212           212           -176.76       -28.409       -205.169      -205.169      
213           213           -153.365      -46.0422      -199.407      -199.407      
214           214           -225.171      -42.8566      -268.028      -268.028      
215           215           -166.542      -27.405       -193.947      -193.947      
216           216           -236.928      -32.6642      -269.592      -269.592      
217           217           -151.438      -39.9715      -191.409      -191.409      
218           218           -252.798      -47.6258      -300.424      -300.424      
219           219           -301.344      -49.5851      -350.929      -350.929      
220           220           -274.867      -55.2617      -330.129      -330.129      
221           221           -246.133      -43.7686      -289.902      -289.902      
222           222           -250.225      -49.4175      -299.642      -299.642      
223           223           -198.535      -41.8277      -240.362      -240.362      
224           224           -192.724      -45.665       -238.389      -238.389      
225           225           -106.772      -37.6597      -144.432      -144.432      
226           226           -140.13       -55.3574      -195.487      -195.487      
227           227           -175.696      -50.0655      -225.761      -225.761      
228           228           -166.509      -56.0829      -222.591      -222.591      
229           229           -149.042      -36.8769      -185.919      -185.919      
230           230           -220.822      -54.1404      -274.962      -274.962      
231           231           -200.762      -52.494       -253.256      -253.256      
232           232           -255.912      -55.448       -311.36       -311.36       
233           233           -180.394      -51.4488      -231.843      -231.843      
234           234           -183.2        -41.7047      -224.905      -224.905      
235           235           -149.322      -39.5021      -188.824      -188.824      
236           236           -170.117      -40.1775      -210.295      -210.295      
237           237           -155.488      -37.351       -192.839      -192.839      
238           238           -126.271      -34.4535      -160.724      -160.724      
239           239           -116.191      -36.869       -153.06       -153.06       
240           240           -116.767      -29.5305      -146.297      -146.297      
241           241           -106.493      -37.2413      -143.735      -143.735      
242           242           -113.002      -35.2092      -148.211      -148.211      
243           243           -120.972      -34.9525      -155.925      -155.925      
244           244           -187.352      -37.2624      -224.615      -224.615      
245           245           -199.989      -48.2327      -248.222      -248.222      
246           246           -164.985      -28.517       -193.502      -193.502      
247           247           -144.292      -35.5514      -179.844      -179.844      
248           248           -166.673      -39.3797      -206.053      -206.053      
249           249           -218.308      -34.4482      -252.756      -252.756      
250           250           -246.086      -38.9401      -285.026      -285.026      
251           251           -148.005      -41.1         -189.105      -189.105      
252           252           -143.606      -35.3563      -178.963      -178.963      
253           253           -200.076      -32.3076      -232.384      -232.384      
254           254           -86.0798      -33.0187      -119.099      -119.099      
255           255           -145.138      -37.8601      -182.998      -182.998      
256           256           -107.531      -46.8116      -154.342      -154.342      
257           257           -153.08       -58.4363      -211.516      -211.516      
258           258           -216.496      -63.4653      -279.962      -279.962      
259           259           -147.085      -63.126       -210.211      -210.211      
260           260           -182.664      -59.0345      -241.699      -241.699      
261           261           -226.343      -61.978       -288.321      -288.321      
262           262           -228.019      -62.5142      -290.533      -290.533      
263           263           -232.626      -57.9895      -290.616      -290.616      
264           264           -194.826      -67.2265      -262.053      -262.053      
265           265           -271.973      -59.2233      -331.196      -331.196      
266           266           -186.322      -52.4737      -238.796      -238.796      
267           267           -196.365      -63.7431      -260.108      -260.108      
268           268           -271.236      -67.2832      -338.519      -338.519      
269           269           -217.477      -63.4118      -280.889      -280.889      
270           270           -248.381      -52.9608      -301.342      -301.342      
271           271           -235.024      -50.1606      -285.185      -285.185      
272           272           -181.167      -56.6474      -237.815      -237.815      
273           273           -170.031      -55.4189      -225.45       -225.45       
274           274           -195.415      -57.3157      -252.73       -252.73       
275           275           -204.247      -52.4866      -256.734      -256.734      
276           276           -251.815      -46.8338      -298.649      -298.649      
277           277           -254.776      -35.7716      -290.548      -290.548      
278           278           -232.722      -42.8418      -275.564      -275.564      
279           279           -243.905      -40.6446      -284.55       -284.55       
280           280           -178.401      -41.0077      -219.409      -219.409      
281           281           -195.946      -49.5185      -245.465      -245.465      
282           282           -222.064      -42.4744      -264.538      -264.538      
283           283           -249.488      -45.0878      -294.576      -294.576      
284           284           -183.96       -43.8026      -227.762      -227.762      
285           285           -199.837      -36.9432      -236.78       -236.78       
286           286           -231.556      -45.6271      -277.183      -277.183      
287           287           -226.876      -51.5333      -278.409      -278.409      
288           288           -264.594      -40.3443      -304.938      -304.938      
289           289           -275.657      -53.809       -329.466      -329.466      
290           290           -254.233      -54.3402      -308.573      -308.573      
291           291           -247.368      -58.8494      -306.218      -306.218      
292           292           -190.711      -54.7611      -245.472      -245.472      
293           293           -345.698      -45.3042      -391.002      -391.002      
294           294           -320.733      -65.3503      -386.084      -386.084      
295           295           -286.466      -60.848       -347.314      -347.314      
296           296           -398.858      -62.4279      -461.286      -461.286      
297           297           -382.065      -64.7806      -446.846      -446.846      
298           298           -298.199      -55.3546      -353.554      -353.554      
299           299           -283.754      -51.8461      -335.6        -335.6        
300           300           -265.082      -61.4729      -326.555      -326.555      
301           301           -307.666      -53.1819      -360.848      -360.848      
302           302           -296.806      -53.9088      -350.715      -350.715      
303           303           -329.132      -48.3589      -377.491      -377.491      
304           304           -339.165      -43.3484      -382.513      -382.513      
305           305           -282.03       -42.1615      -324.192      -324.192      
306           306           -317.074      -44.7583      -361.833      -361.833      
307           307           -307.765      -39.4428      -347.207      -347.207      
308           308           -278.149      -42.5523      -320.701      -320.701      
309           309           -318.919      -52.4825      -371.401      -371.401      
310           310           -295.603      -56.9982      -352.601      -352.601      
311           311           -308.365      -42.7763      -351.141      -351.141      
312           312           -296.338      -47.968       -344.306      -344.306      
313           313           -279.563      -42.337       -321.9        -321.9        
314           314           -253.104      -50.4478      -303.552      -303.552      
315           315           -250.492      -43.4954      -293.987      -293.987      
316           316           -280.498      -48.1052      -328.604      -328.604      
317           317           -263.538      -52.8413      -316.379      -316.379      
318           318           -268.194      -51.3759      -319.57       -319.57       
319           319           -302.234      -44.9125      -347.147      -347.147      
320           320           -242.387      -37.3912      -279.779      -279.779      
321           321           -347.262      -51.0172      -398.279      -398.279      
322           322           -394.433      -61.9661      -456.399      -456.399      
323           323           -338.035      -56.3019      -394.337      -394.337      
324           324           -231.618      -59.9009      -291.519      -291.519      
325           325           -261.897      -63.4562      -325.353      -325.353      
326           326           -349.759      -64.1765      -413.935      -413.935      
327           327           -333.607      -58.1099      -391.717      -391.717      
328           328           -271.655      -56.9931      -328.649      -328.649      
329           329           -361.506      -59.2904      -420.796      -420.796      
330           330           -309.6        -49.0817      -358.681      -358.681      
331           331           -375.358      -56.0522      -431.41       -431.41       
332           332           -447.347      -56.4943      -503.841      -503.841      
333           333           -393.117      -61.7933      -454.91       -454.91       
334           334           -308.588      -54.8821      -363.47       -363.47       
335           335           -241.067      -52.7555      -293.823      -293.823      
336           336           -160.793      -45.8075      -206.601      -206.601      
337           337           -162.796      -42.3714      -205.168      -205.168      
338           338           -169.541      -43.6824      -213.223      -213.223      
339           339           -191.072      -40.6562      -231.728      -231.728      
340           340           -101.097      -36.5566      -137.653      -137.653      
341           341           -127.308      -43.3217      -170.63       -170.63       
342           342           -129.313      -50.2653      -179.578      -179.578      
343           343           -130.741      -33.788       -164.529      -164.529      
344           344           -164.808      -38.5374      -203.346      -203.346      
345           345           -125.014      -41.59        -166.604      -166.604      
346           346           -155.357      -43.5968      -198.954      -198.954      
347           347           -140.248      -40.7493      -180.997      -180.997      
348           348           -139.06       -35.9383      -174.999      -174.999      
349           349           -126.2        -31.3606      -157.56       -157.56       
350           350           -138.939      -40.6072      -179.546      -179.546      
351           351           -209.318      -44.6807      -253.999      -253.999      
352           352           -377.054      -43.9154      -420.97       -420.97       
353           353           -353.913      -45.5305      -399.444      -399.444      
354           354           -267.065      -63.4029      -330.467      -330.467      
355           355           -269.038      -54.7969      -323.835      -323.835      
356           356           -255.798      -61.0424      -316.84       -316.84       
357           357           -202.345      -53.954       -256.299      -256.299      
358           358           -134.839      -55.3863      -190.225      -190.225      
359           359           -189.324      -55.0501      -244.374      -244.374      
360           360           -179.257      -61.2365      -240.494      -240.494      
361           361           -147.202      -59.0064      -206.208      -206.208      
362           362           -164.488      -58.6137      -223.102      -223.102      
363           363           -116.223      -64.9124      -181.136      -181.136      
364           364           -149.297      -68.2978      -217.595      -217.595      
365           365           -193.584      -77.1249      -270.709      -270.709      
366           366           -139.992      -73.2877      -213.28       -213.28       
367           367           -168.674      -81.8734      -250.547      -250.547      
368           368           -166.872      -69.8576      -236.73       -236.73       
369           369           -78.3402      -72.3299      -150.67       -150.67       
370           370           -240.123      -76.6141      -316.737      -316.737      
371           371           -176.877      -63.1136      -239.991      -239.991      
372           372           -182.909      -66.8162      -249.725      -249.725      
373           373           -173.636      -64.5637      -238.2        -238.2        
374           374           -137.841      -62.6687      -200.51       -200.51       
375           375           -177.481      -67.0955      -244.577      -244.577      
376           376           -190.404      -62.5279      -252.932      -252.932      
377           377           -160.403      -57.2467      -217.65       -217.65       
378           378           -202.574      -67.8632      -270.437      -270.437      
379           379           -234.357      -53.3464      -287.703      -287.703      
380           380           -139.216      -51.1027      -190.318      -190.318      
381           381           -162.897      -49.2098      -212.107      -212.107      
382           382           -128.096      -59.5962      -187.692      -187.692      
383           383           -215.341      -71.1125      -286.454      -286.454      
384           384           -133.574      -63.5993      -197.173      -197.173      
385           385           -163.424      -72.2707      -235.695      -235.695      
386           386           -225.506      -66.7699      -292.276      -292.276      
387           387           -195.921      -60.1999      -256.121      -256.121      
388           388           -248.461      -54.6082      -303.069      -303.069      
389           389           -223.341      -51.8096      -275.151      -275.151      
390           390           -146.167      -51.9078      -198.075      -198.075      
391           391           -152.047      -54.2972      -206.344      -206.344      
392           392           -104.045      -65.4032      -169.448      -169.448      
393           393           -163.931      -57.6784      -221.609      -221.609      
394           394           -199.653      -55.9296      -255.582      -255.582      
395           395           -151.434      -64.7671      -216.202      -216.202      
396           396           -167.451      -61.3208      -228.772      -228.772      
397           397           -138.611      -52.8806      -191.492      -191.492      
398           398           -144.282      -67.6261      -211.908      -211.908      
399           399           -150.876      -58.1048      -208.981      -208.981      
400           400           -151.71       -52.6397      -204.349      -204.349      
