Frame	Time	Elec	VdW	Nonbond
0	0	-312.832	-230.157	-542.989
1	0.2	-360.163	-220.458	-580.621
2	0.4	-183.678	-224.434	-408.112
3	0.6	-201.629	-227.547	-429.175
4	0.8	-281.531	-239.467	-520.997
5	1	-320.902	-244.64	-565.541
6	1.2	-334.874	-238.456	-573.33
7	1.4	-311.351	-240.327	-551.679
8	1.6	-361.214	-220.588	-581.802
9	1.8	-367.867	-232.52	-600.387
10	2	-353.023	-258.793	-611.816
11	2.2	-400.365	-244.981	-645.346
12	2.4	-356.225	-258.07	-614.295
13	2.6	-305.905	-241.688	-547.593
14	2.8	-403.842	-252.54	-656.381
15	3	-416.991	-246.312	-663.303
16	3.2	-544.039	-259.835	-803.874
17	3.4	-498.317	-234.731	-733.048
18	3.6	-530.521	-221.546	-752.067
19	3.8	-309.959	-245.252	-555.211
20	4	-481.119	-236.287	-717.407
21	4.2	-432.966	-243.805	-676.771
22	4.4	-357.731	-228.447	-586.178
23	4.6	-479.255	-235.712	-714.967
24	4.8	-312.2	-246.808	-559.008
25	5	-423.684	-249.556	-673.24
26	5.2	-276.109	-259.227	-535.337
27	5.4	-351.567	-231.391	-582.957
28	5.6	-360.386	-249.19	-609.575
29	5.8	-335.884	-231.009	-566.892
30	6	-343.55	-225.034	-568.584
31	6.2	-355.125	-238.831	-593.957
32	6.4	-383.167	-222.129	-605.296
33	6.6	-395.226	-235.16	-630.386
34	6.8	-306.005	-242.216	-548.221
35	7	-334.674	-217.09	-551.764
36	7.2	-337.315	-209.623	-546.938
37	7.4	-325.16	-214.841	-540.001
38	7.6	-397.521	-224.098	-621.619
39	7.8	-366.27	-228.439	-594.709
40	8	-320.731	-248.671	-569.402
41	8.2	-376.383	-248.048	-624.431
42	8.4	-349.831	-244.937	-594.768
43	8.6	-277.563	-235.025	-512.588
44	8.8	-314.913	-236.703	-551.616
45	9	-432.026	-243.427	-675.454
46	9.2	-401.141	-261.247	-662.388
47	9.4	-373.81	-258.207	-632.017
48	9.6	-464.976	-262.892	-727.867
49	9.8	-457.846	-266.575	-724.421
50	10	-481.776	-250.349	-732.125
51	10.2	-389.206	-261.923	-651.129
52	10.4	-444.542	-254.09	-698.632
53	10.6	-539.456	-260.1	-799.556
54	10.8	-547.384	-258.198	-805.582
55	11	-464.476	-272.249	-736.725
56	11.2	-413.729	-266.969	-680.699
57	11.4	-390.865	-255.888	-646.752
58	11.6	-466.072	-255.064	-721.136
59	11.8	-435.725	-269.578	-705.304
60	12	-426.61	-268.891	-695.501
61	12.2	-444.255	-267.895	-712.15
62	12.4	-459.051	-245.519	-704.57
63	12.6	-453.742	-242.574	-696.315
64	12.8	-467.07	-238.051	-705.121
65	13	-434.748	-237.779	-672.527
66	13.2	-462.631	-254.677	-717.308
67	13.4	-457.703	-262.118	-719.821
68	13.6	-449.149	-240.682	-689.831
69	13.8	-507.928	-257.556	-765.483
70	14	-549.313	-261.416	-810.729
71	14.2	-456.838	-239.82	-696.658
72	14.4	-458.596	-257.006	-715.602
73	14.6	-446.575	-253.714	-700.289
74	14.8	-417.933	-246.835	-664.768
75	15	-474.144	-261.32	-735.465
76	15.2	-502.307	-245.321	-747.628
77	15.4	-533.786	-256.546	-790.332
78	15.6	-507.139	-249.763	-756.901
79	15.8	-440.182	-256.91	-697.092
80	16	-514.191	-251.325	-765.517
81	16.2	-491.633	-252.25	-743.884
82	16.4	-460.085	-249.903	-709.988
83	16.6	-464.407	-263.117	-727.524
84	16.8	-551.394	-244.867	-796.261
85	17	-554.581	-247.055	-801.636
86	17.2	-552.347	-264.327	-816.674
87	17.4	-582.12	-258.284	-840.404
88	17.6	-582.309	-259.24	-841.549
89	17.8	-561.811	-250.401	-812.212
90	18	-563.8	-258.087	-821.886
91	18.2	-527.712	-248.017	-775.729
92	18.4	-570.346	-229.298	-799.644
93	18.6	-524.298	-240.534	-764.832
94	18.8	-536.262	-239.059	-775.321
95	19	-590.239	-274.513	-864.752
96	19.2	-570.832	-283.058	-853.89
97	19.4	-612.904	-255.152	-868.056
98	19.6	-643.98	-249.216	-893.196
99	19.8	-633.125	-253.377	-886.503
100	20	-601.633	-254.455	-856.087
101	20.2	-619.89	-247.192	-867.082
102	20.4	-660.813	-265.347	-926.16
103	20.6	-647.864	-269.516	-917.381
104	20.8	-639.63	-235.394	-875.024
105	21	-608.643	-250.9	-859.543
106	21.2	-554.315	-226.19	-780.505
107	21.4	-478.897	-245.948	-724.844
108	21.6	-547.051	-244.5	-791.551
109	21.8	-490.118	-223.95	-714.068
110	22	-496.118	-238.478	-734.596
111	22.2	-489.095	-262.363	-751.458
112	22.4	-473.932	-252.697	-726.629
113	22.6	-487.212	-249.458	-736.671
114	22.8	-494.384	-249.721	-744.105
115	23	-432.992	-236.732	-669.725
116	23.2	-483.076	-239.27	-722.346
117	23.4	-503.297	-240.928	-744.225
118	23.6	-555.279	-249.109	-804.388
119	23.8	-457.598	-254.047	-711.645
120	24	-351.374	-260.665	-612.038
121	24.2	-356.432	-246.507	-602.939
122	24.4	-398.445	-225.045	-623.49
123	24.6	-359.235	-236.466	-595.702
124	24.8	-460.795	-238.09	-698.885
125	25	-385.375	-243.516	-628.892
126	25.2	-410.258	-245.395	-655.653
127	25.4	-428.259	-238.771	-667.029
128	25.6	-473.888	-233.346	-707.234
129	25.8	-453.543	-240.685	-694.228
130	26	-460.01	-238.707	-698.717
131	26.2	-410.443	-259.461	-669.904
132	26.4	-402.51	-248.048	-650.558
133	26.6	-335.297	-248.152	-583.449
134	26.8	-315.472	-236.456	-551.927
135	27	-265.951	-243.932	-509.882
136	27.2	-406.618	-236.915	-643.533
137	27.4	-482.292	-244.198	-726.49
138	27.6	-433.594	-236.578	-670.173
139	27.8	-451.965	-250.796	-702.761
140	28	-501.929	-246.047	-747.976
141	28.2	-467.153	-239.446	-706.599
142	28.4	-421.383	-234.227	-655.61
143	28.6	-503.447	-237.832	-741.279
144	28.8	-547.792	-230.627	-778.42
145	29	-536.161	-224.243	-760.404
146	29.2	-518.05	-239.107	-757.157
147	29.4	-384.942	-236.501	-621.443
148	29.6	-421.959	-245.921	-667.88
149	29.8	-323.061	-249.945	-573.006
150	30	-361.098	-253.863	-614.961
151	30.2	-399.342	-237.287	-636.63
152	30.4	-371.517	-228.168	-599.685
153	30.6	-348.851	-248.333	-597.183
154	30.8	-335.617	-237.8	-573.417
155	31	-388.175	-240.191	-628.366
156	31.2	-370.795	-258.614	-629.409
157	31.4	-272.372	-244.425	-516.797
158	31.6	-307.499	-251.837	-559.336
159	31.8	-340.454	-249.899	-590.352
160	32	-299.784	-229.872	-529.656
161	32.2	-350.114	-241.988	-592.102
162	32.4	-330.946	-238.049	-568.995
163	32.6	-340.455	-238.281	-578.736
164	32.8	-398.279	-251.51	-649.788
165	33	-362.37	-257.884	-620.254
166	33.2	-384.008	-249.193	-633.2
167	33.4	-395.837	-262.612	-658.448
168	33.6	-345.603	-251.706	-597.308
169	33.8	-384.915	-265.736	-650.652
170	34	-373.659	-267.103	-640.762
171	34.2	-381.498	-273.127	-654.625
172	34.4	-400.949	-251.082	-652.031
173	34.6	-431.307	-260.561	-691.868
174	34.8	-524.818	-262.501	-787.319
175	35	-449.979	-263.385	-713.365
176	35.2	-384.421	-255.879	-640.301
177	35.4	-486.435	-262.747	-749.182
178	35.6	-498.239	-251.714	-749.953
179	35.8	-431.929	-246.075	-678.005
180	36	-440.576	-233.496	-674.072
181	36.2	-405.38	-250.33	-655.71
182	36.4	-396.209	-247.68	-643.89
183	36.6	-347.245	-251.333	-598.577
184	36.8	-489.179	-232.591	-721.77
185	37	-494.327	-240.765	-735.093
186	37.2	-435.377	-227.488	-662.866
187	37.4	-430.087	-223.276	-653.363
188	37.6	-420.309	-258.738	-679.047
189	37.8	-532.059	-234.924	-766.983
190	38	-428.391	-251.475	-679.866
191	38.2	-515.805	-260.703	-776.508
192	38.4	-554.643	-256.498	-811.142
193	38.6	-525.095	-248.774	-773.868
194	38.8	-529.366	-258.016	-787.382
195	39	-520.447	-267.994	-788.441
196	39.2	-447.44	-244.452	-691.891
197	39.4	-500.621	-265.464	-766.085
198	39.6	-545.069	-233.303	-778.372
199	39.8	-554.471	-262.164	-816.634
200	40	-586.389	-234.728	-821.117
201	40.2	-653.235	-254.186	-907.421
202	40.4	-549.886	-259.46	-809.347
203	40.6	-631.496	-258.027	-889.523
204	40.8	-562.323	-260.343	-822.665
205	41	-536.291	-250.449	-786.739
206	41.2	-552.384	-241.242	-793.626
207	41.4	-499.526	-252.418	-751.945
208	41.6	-545.912	-264.234	-810.146
209	41.8	-534.249	-273.322	-807.571
210	42	-461.976	-267.514	-729.491
211	42.2	-430.333	-244.957	-675.291
212	42.4	-456.376	-257.875	-714.251
213	42.6	-464.5	-252.777	-717.276
214	42.8	-494.714	-254.224	-748.938
215	43	-532.013	-263.337	-795.35
216	43.2	-471.757	-261.101	-732.858
217	43.4	-462.483	-257.024	-719.506
218	43.6	-472.213	-257.491	-729.704
219	43.8	-439.843	-256.237	-696.08
220	44	-448.999	-254.231	-703.23
221	44.2	-521.196	-255.196	-776.391
222	44.4	-485.298	-243.844	-729.141
223	44.6	-496.109	-256.294	-752.403
224	44.8	-541.848	-235.514	-777.362
225	45	-529.261	-249.416	-778.677
226	45.2	-454.737	-249.187	-703.924
227	45.4	-396.738	-247.032	-643.77
228	45.6	-392.016	-248.439	-640.455
229	45.8	-379.482	-252.202	-631.684
230	46	-292.791	-239.907	-532.698
231	46.2	-395.447	-230.123	-625.57
232	46.4	-406.971	-242.596	-649.567
233	46.6	-445.042	-250.258	-695.3
234	46.8	-411.042	-230.14	-641.182
235	47	-436.028	-233.659	-669.687
236	47.2	-379.438	-257.324	-636.762
237	47.4	-433.042	-245.962	-679.004
238	47.6	-446.413	-250.406	-696.818
239	47.8	-392.862	-237.967	-630.829
240	48	-388.091	-244.562	-632.653
241	48.2	-424.735	-239.345	-664.079
242	48.4	-429.083	-264.794	-693.877
243	48.6	-506.508	-259.83	-766.337
244	48.8	-469.571	-246.249	-715.82
245	49	-457.401	-246.494	-703.894
246	49.2	-410.033	-250.905	-660.938
247	49.4	-428.908	-252.451	-681.358
248	49.6	-568.556	-239.152	-807.708
249	49.8	-559.53	-257.22	-816.75
250	50	-567.816	-246.892	-814.708
251	50.2	-538.488	-248.179	-786.667
252	50.4	-552.896	-231.95	-784.845
253	50.6	-522.73	-247.726	-770.456
254	50.8	-502.393	-240.647	-743.04
255	51	-554.282	-249.432	-803.714
256	51.2	-503.945	-236.207	-740.151
257	51.4	-539.338	-252.588	-791.927
258	51.6	-553.578	-244.465	-798.044
259	51.8	-545.402	-253.129	-798.531
260	52	-590.092	-261.643	-851.735
261	52.2	-484.492	-265.937	-750.429
262	52.4	-496.3	-252.027	-748.327
263	52.6	-581.18	-263.823	-845.003
264	52.8	-489.891	-259.815	-749.706
265	53	-518.487	-258.558	-777.045
266	53.2	-540.88	-278.04	-818.92
267	53.4	-520.746	-262.194	-782.94
268	53.6	-484.568	-269.661	-754.23
269	53.8	-532.98	-269.378	-802.358
270	54	-554.541	-254.322	-808.863
271	54.2	-561.59	-272.771	-834.361
272	54.4	-515.087	-278.316	-793.403
273	54.6	-552.404	-283.426	-835.83
274	54.8	-541.964	-259.01	-800.974
275	55	-633.691	-250.8	-884.491
276	55.2	-600.954	-263.736	-864.69
277	55.4	-606.603	-263.423	-870.026
278	55.6	-571.546	-258.271	-829.817
279	55.8	-538.89	-261.486	-800.376
280	56	-478.633	-259.331	-737.964
281	56.2	-587.739	-273.876	-861.615
282	56.4	-566.396	-252.213	-818.61
283	56.6	-645.696	-254.685	-900.381
284	56.8	-530.113	-276.405	-806.518
285	57	-562.346	-257.38	-819.726
286	57.2	-611.678	-257.656	-869.334
287	57.4	-494.095	-261.931	-756.027
288	57.6	-442.369	-260.541	-702.91
289	57.8	-413.817	-281.803	-695.621
290	58	-391.551	-271.363	-662.915
291	58.2	-347.711	-256.113	-603.824
292	58.4	-431.734	-277.573	-709.307
293	58.6	-486.537	-260.659	-747.197
294	58.8	-470.983	-252.772	-723.755
295	59	-500.599	-273.693	-774.292
296	59.2	-510.774	-256.385	-767.16
297	59.4	-499.348	-266.759	-766.107
298	59.6	-489.394	-275.404	-764.798
299	59.8	-499.117	-285.631	-784.748
300	60	-442.528	-262	-704.528
301	60.2	-466.921	-271.695	-738.616
302	60.4	-496.887	-245.506	-742.393
303	60.6	-497.857	-264.542	-762.399
304	60.8	-550.511	-278.104	-828.615
305	61	-576.116	-281.387	-857.504
306	61.2	-572.125	-258.675	-830.801
307	61.4	-498.075	-288.058	-786.133
308	61.6	-513.448	-265.8	-779.247
309	61.8	-580.745	-291.725	-872.47
310	62	-536.136	-278.269	-814.405
311	62.2	-486.681	-298.708	-785.389
312	62.4	-488.485	-291.114	-779.6
313	62.6	-565.885	-273.868	-839.753
314	62.8	-567.99	-280.238	-848.228
315	63	-543.911	-285.447	-829.358
316	63.2	-475.521	-280.474	-755.995
317	63.4	-451.923	-251.797	-703.72
318	63.6	-573.511	-279.91	-853.421
319	63.8	-548.201	-272.235	-820.436
320	64	-517.519	-270.695	-788.215
321	64.2	-577.412	-271.44	-848.851
322	64.4	-659.714	-289.977	-949.691
323	64.6	-598.567	-281.915	-880.481
324	64.8	-617.087	-276.343	-893.431
325	65	-606.533	-280.379	-886.912
326	65.2	-546.076	-282.548	-828.624
327	65.4	-441.461	-294.061	-735.522
328	65.6	-478.841	-265.69	-744.531
329	65.8	-466.114	-290.261	-756.374
330	66	-472.086	-260.774	-732.859
331	66.2	-519.951	-274.085	-794.036
332	66.4	-584.169	-281.542	-865.711
333	66.6	-608.535	-276.422	-884.957
334	66.8	-624.628	-264.387	-889.015
335	67	-611.931	-270.346	-882.277
336	67.2	-589.067	-265.721	-854.788
337	67.4	-556.568	-265.633	-822.201
338	67.6	-495.035	-255.416	-750.452
339	67.8	-527.105	-254.998	-782.103
340	68	-495.306	-251.798	-747.103
341	68.2	-446.974	-280.521	-727.494
342	68.4	-447.534	-268.729	-716.263
343	68.6	-502.505	-248.541	-751.047
344	68.8	-468.822	-277.324	-746.146
345	69	-486.949	-269.093	-756.042
346	69.2	-505.916	-278.005	-783.922
347	69.4	-453.888	-289.991	-743.878
348	69.6	-405.273	-273.354	-678.627
349	69.8	-590.166	-282.784	-872.951
350	70	-553.179	-307.608	-860.788
351	70.2	-487.914	-283.747	-771.661
352	70.4	-503.459	-274.074	-777.533
353	70.6	-514.688	-295.08	-809.768
354	70.8	-613.986	-279.732	-893.718
355	71	-532.65	-283.93	-816.58
356	71.2	-491.689	-286.614	-778.303
357	71.4	-546.735	-303.232	-849.967
358	71.6	-530.253	-296.014	-826.267
359	71.8	-614.89	-299.626	-914.516
360	72	-576.681	-318.768	-895.448
361	72.2	-595.767	-325.596	-921.363
362	72.4	-597.59	-312.004	-909.593
363	72.6	-505.71	-302.276	-807.986
364	72.8	-499.045	-296.77	-795.816
365	73	-561.972	-290.499	-852.471
366	73.2	-541.905	-292.657	-834.562
367	73.4	-585.329	-280.611	-865.94
368	73.6	-603.872	-298.686	-902.558
369	73.8	-580.306	-300.215	-880.52
370	74	-558.076	-283.792	-841.868
371	74.2	-573.618	-309.355	-882.973
372	74.4	-507.719	-280.451	-788.17
373	74.6	-468.103	-290.162	-758.265
374	74.8	-495.708	-301.601	-797.309
375	75	-460.152	-274.574	-734.727
376	75.2	-449.176	-282.212	-731.388
377	75.4	-479.886	-285.115	-765.001
378	75.6	-436.237	-283.017	-719.254
379	75.8	-458.19	-287.008	-745.199
380	76	-440.121	-282.503	-722.625
381	76.2	-425.087	-283.501	-708.589
382	76.4	-405.446	-281.256	-686.702
383	76.6	-433.462	-268.676	-702.137
384	76.8	-463.037	-274.196	-737.233
385	77	-419.561	-262.964	-682.524
386	77.2	-480.413	-277.479	-757.892
387	77.4	-435.194	-279.81	-715.004
388	77.6	-567.763	-305.253	-873.017
389	77.8	-531.475	-302.743	-834.217
390	78	-448.984	-269.476	-718.46
391	78.2	-416.831	-286.692	-703.524
392	78.4	-569.683	-296.304	-865.987
393	78.6	-478.971	-288.252	-767.222
394	78.8	-433.15	-278.162	-711.312
395	79	-461.835	-274.074	-735.909
396	79.2	-467.043	-283.079	-750.122
397	79.4	-443.253	-256.515	-699.768
398	79.6	-529.086	-282.839	-811.925
399	79.8	-536.238	-273.487	-809.726
400	80	-595.15	-267.64	-862.79
401	80.2	-483.761	-268.646	-752.407
402	80.4	-539.363	-273.414	-812.777
403	80.6	-593.757	-275.255	-869.012
404	80.8	-571.101	-252.459	-823.56
405	81	-595.927	-261.872	-857.799
406	81.2	-519.858	-281.161	-801.02
407	81.4	-537.583	-273.998	-811.581
408	81.6	-566.768	-264.663	-831.43
409	81.8	-545.973	-265.733	-811.706
410	82	-558.847	-253.152	-811.999
411	82.2	-541.843	-279.964	-821.807
412	82.4	-540.441	-265.961	-806.402
413	82.6	-550.376	-284.458	-834.834
414	82.8	-575.196	-281.491	-856.687
415	83	-526.409	-279.624	-806.033
416	83.2	-599.228	-280.437	-879.665
417	83.4	-690.035	-268.322	-958.357
418	83.6	-663.834	-276.353	-940.187
419	83.8	-660.54	-279.422	-939.962
420	84	-628.799	-251.694	-880.493
421	84.2	-508.168	-260.848	-769.016
422	84.4	-631.22	-261.843	-893.063
423	84.6	-475.787	-278.547	-754.334
424	84.8	-656.68	-266.006	-922.686
425	85	-587.591	-259.279	-846.87
426	85.2	-599.509	-273.324	-872.833
427	85.4	-427.43	-263.572	-691.002
428	85.6	-340.649	-257.271	-597.92
429	85.8	-565.075	-260.416	-825.491
430	86	-426.116	-260.791	-686.908
431	86.2	-477.074	-262.315	-739.389
432	86.4	-532.628	-263.657	-796.284
433	86.6	-562.319	-275.101	-837.421
434	86.8	-435.581	-276.942	-712.523
435	87	-498.201	-278.2	-776.401
436	87.2	-454.493	-302.051	-756.544
437	87.4	-477.929	-280.409	-758.338
438	87.6	-476.527	-278.718	-755.246
439	87.8	-515.536	-267.86	-783.396
440	88	-525.067	-286.103	-811.17
441	88.2	-513.248	-265.198	-778.446
442	88.4	-472.286	-253.167	-725.453
443	88.6	-458.113	-263.56	-721.672
444	88.8	-462.629	-258.219	-720.848
445	89	-520.358	-281.267	-801.625
446	89.2	-433.965	-295.012	-728.977
447	89.4	-442.455	-292.049	-734.504
448	89.6	-623.918	-267.885	-891.803
449	89.8	-565.843	-290.111	-855.954
450	90	-601.127	-282.235	-883.361
451	90.2	-606.846	-304.155	-911.001
452	90.4	-590.655	-298.097	-888.752
453	90.6	-575.424	-293.671	-869.095
454	90.8	-548.378	-278.023	-826.401
455	91	-539.511	-280.768	-820.279
456	91.2	-500.94	-284.938	-785.878
457	91.4	-565.715	-285.936	-851.65
458	91.6	-693.518	-296.398	-989.916
459	91.8	-676.196	-296.328	-972.524
460	92	-581.652	-299.512	-881.164
461	92.2	-597.417	-261.81	-859.226
462	92.4	-683.965	-279.399	-963.364
463	92.6	-736.325	-269.987	-1006.31
464	92.8	-650.743	-275.612	-926.354
465	93	-573.154	-259.907	-833.061
466	93.2	-511.983	-288.719	-800.703
467	93.4	-580.29	-288.017	-868.307
468	93.6	-611.09	-295.655	-906.745
469	93.8	-626.264	-309.351	-935.616
470	94	-671.202	-289.897	-961.099
471	94.2	-643.223	-269.931	-913.153
472	94.4	-521.236	-285.99	-807.226
473	94.6	-547.826	-289.789	-837.615
474	94.8	-520.945	-303.873	-824.818
475	95	-416.416	-282.613	-699.029
476	95.2	-475.481	-274.161	-749.641
477	95.4	-538.066	-271.682	-809.748
478	95.6	-533.17	-279.768	-812.938
479	95.8	-523.944	-283.38	-807.324
480	96	-483.836	-265.856	-749.693
481	96.2	-488.29	-264.757	-753.047
482	96.4	-467.897	-264.691	-732.588
483	96.6	-390.577	-273.977	-664.554
484	96.8	-456.512	-279.014	-735.526
485	97	-468.463	-265.167	-733.63
486	97.2	-426.272	-282.522	-708.793
487	97.4	-456.571	-264.782	-721.353
488	97.6	-443.665	-281.928	-725.593
489	97.8	-539.293	-250.896	-790.189
490	98	-486.909	-256.101	-743.01
491	98.2	-560.267	-256.392	-816.659
492	98.4	-471.132	-265.322	-736.454
493	98.6	-459.712	-262.382	-722.094
494	98.8	-494.348	-270.454	-764.802
495	99	-553.382	-275.591	-828.974
496	99.2	-526.814	-255.953	-782.767
497	99.4	-512.155	-264.768	-776.923
498	99.6	-573.54	-254.615	-828.154
499	99.8	-458.875	-265.781	-724.656
500	100	-542.84	-275.808	-818.648
501	100.2	-583.94	-270.461	-854.402
502	100.4	-582.137	-263.196	-845.332
503	100.6	-536.818	-258.514	-795.332
504	100.8	-571.564	-256.766	-828.33
505	101	-498.139	-266.832	-764.971
506	101.2	-452.998	-267.142	-720.14
507	101.4	-554.29	-268.144	-822.433
508	101.6	-566.306	-266.989	-833.294
509	101.8	-555.403	-266.182	-821.585
510	102	-464.353	-272.235	-736.588
511	102.2	-474.176	-277.062	-751.238
512	102.4	-419.127	-273.048	-692.175
513	102.6	-465.047	-281.137	-746.183
514	102.8	-575.974	-280.237	-856.211
515	103	-597.672	-286.768	-884.44
516	103.2	-649.987	-295.533	-945.52
517	103.4	-586.26	-280.931	-867.191
518	103.6	-600.034	-275.022	-875.057
519	103.8	-532.409	-293.889	-826.298
520	104	-452.976	-294.324	-747.3
521	104.2	-449.81	-274.307	-724.117
522	104.4	-442.161	-291.362	-733.523
523	104.6	-523.287	-270.948	-794.235
524	104.8	-430.787	-286.879	-717.666
525	105	-495.191	-290.377	-785.568
526	105.2	-512.149	-285.232	-797.381
527	105.4	-515.852	-287.068	-802.919
528	105.6	-508.702	-305.429	-814.131
529	105.8	-509.149	-279.417	-788.566
530	106	-504.18	-293.329	-797.509
531	106.2	-534.577	-288.301	-822.878
532	106.4	-425.22	-274.82	-700.04
533	106.6	-435.45	-279.952	-715.402
534	106.8	-473.303	-286.068	-759.371
535	107	-535.335	-282.405	-817.741
536	107.2	-501.231	-283.002	-784.232
537	107.4	-623.849	-290.834	-914.682
538	107.6	-559.122	-293.192	-852.314
539	107.8	-580.429	-284.39	-864.819
540	108	-459.566	-279.861	-739.427
541	108.2	-432.459	-298.092	-730.551
542	108.4	-447.074	-288.219	-735.293
543	108.6	-482.775	-287.688	-770.463
544	108.8	-482.025	-276.331	-758.356
545	109	-506.111	-285.822	-791.933
546	109.2	-471.551	-271.167	-742.718
547	109.4	-485.982	-280.436	-766.418
548	109.6	-418.795	-277.989	-696.784
549	109.8	-476.17	-262.437	-738.606
550	110	-436.274	-283.414	-719.687
551	110.2	-480.592	-285.975	-766.567
552	110.4	-551.219	-266.009	-817.227
553	110.6	-468.758	-300.892	-769.65
554	110.8	-536.235	-287.588	-823.822
555	111	-573.998	-276.753	-850.752
556	111.2	-481.375	-283.545	-764.919
557	111.4	-520.929	-270.345	-791.274
558	111.6	-407.495	-278.269	-685.764
559	111.8	-473.48	-251.974	-725.453
560	112	-428.093	-279.644	-707.737
561	112.2	-471.38	-268.375	-739.755
562	112.4	-532.332	-276.55	-808.882
563	112.6	-555.236	-269.153	-824.389
564	112.8	-509.124	-281.776	-790.9
565	113	-481.847	-270.491	-752.338
566	113.2	-574.889	-271.352	-846.241
567	113.4	-518.986	-264.83	-783.816
568	113.6	-490.074	-257.517	-747.591
569	113.8	-441.673	-279.192	-720.865
570	114	-493.608	-260.361	-753.969
571	114.2	-482.335	-259.467	-741.802
572	114.4	-442.921	-258.348	-701.27
573	114.6	-423.27	-253.141	-676.411
574	114.8	-391.843	-250.445	-642.289
575	115	-412.027	-262.117	-674.144
576	115.2	-522.293	-272.889	-795.182
577	115.4	-449.818	-254.131	-703.949
578	115.6	-426.712	-266.959	-693.67
579	115.8	-447.166	-262.696	-709.862
580	116	-427.984	-277.804	-705.788
581	116.2	-382.839	-267.222	-650.061
582	116.4	-449.519	-259.12	-708.639
583	116.6	-422.954	-259.366	-682.32
584	116.8	-393.501	-242.852	-636.353
585	117	-370.997	-258.525	-629.522
586	117.2	-350.648	-266.684	-617.332
587	117.4	-279.628	-257.946	-537.573
588	117.6	-387.349	-259.5	-646.849
589	117.8	-448.749	-267.527	-716.275
590	118	-459.94	-261.497	-721.437
591	118.2	-336.166	-258.255	-594.421
592	118.4	-318.711	-260.942	-579.654
593	118.6	-280.19	-269.387	-549.578
594	118.8	-360.672	-272.792	-633.464
595	119	-402.756	-266.076	-668.832
596	119.2	-355.282	-266.974	-622.256
597	119.4	-380.58	-268.692	-649.272
598	119.6	-422.684	-258.241	-680.924
599	119.8	-339.386	-282.961	-622.346
600	120	-301.049	-270.54	-571.589
601	120.2	-370.733	-264.564	-635.298
602	120.4	-361.988	-263.345	-625.334
603	120.6	-289.654	-268.243	-557.897
604	120.8	-293.78	-264.861	-558.64
605	121	-443.329	-278.418	-721.747
606	121.2	-411.999	-268.597	-680.596
607	121.4	-463.918	-266.393	-730.311
608	121.6	-504.684	-245.053	-749.738
609	121.8	-408.422	-265.969	-674.391
610	122	-431.377	-264.864	-696.241
611	122.2	-411.181	-255.18	-666.361
612	122.4	-285.042	-251.727	-536.768
613	122.6	-429.261	-253.604	-682.865
614	122.8	-385.307	-263.191	-648.498
615	123	-375.961	-253.204	-629.165
616	123.2	-306.585	-244.474	-551.059
617	123.4	-435.159	-261.344	-696.503
618	123.6	-428.753	-235.505	-664.258
619	123.8	-419.644	-252.772	-672.416
620	124	-366.724	-257.803	-624.527
621	124.2	-368.493	-246.774	-615.267
622	124.4	-492.88	-247.086	-739.966
623	124.6	-459.478	-255.915	-715.393
624	124.8	-433.004	-262.195	-695.199
625	125	-494.364	-247.454	-741.818
626	125.2	-360.792	-262.08	-622.872
627	125.4	-349.476	-261.201	-610.678
628	125.6	-335.506	-247.98	-583.486
629	125.8	-282.349	-260.178	-542.527
630	126	-250.757	-258.024	-508.781
631	126.2	-288.354	-259.99	-548.344
632	126.4	-338.826	-262.389	-601.215
633	126.6	-386.042	-256.015	-642.057
634	126.8	-382.518	-242.017	-624.534
635	127	-473.92	-250.955	-724.875
636	127.2	-402.601	-267.674	-670.276
637	127.4	-410.521	-256.837	-667.358
638	127.6	-444.638	-268.706	-713.344
639	127.8	-495.279	-256.476	-751.755
640	128	-285.252	-258.753	-544.005
641	128.2	-455.396	-259.599	-714.995
642	128.4	-466.334	-244.962	-711.296
643	128.6	-420.058	-232.587	-652.646
644	128.8	-441.284	-242.223	-683.507
645	129	-452.666	-265.931	-718.597
646	129.2	-500.356	-260.439	-760.795
647	129.4	-489.611	-246.673	-736.284
648	129.6	-407.869	-248.84	-656.709
649	129.8	-351.292	-282.884	-634.176
650	130	-444.02	-275.362	-719.382
651	130.2	-418.002	-274.449	-692.452
652	130.4	-337.017	-263.667	-600.685
653	130.6	-380.361	-281.58	-661.942
654	130.8	-406.33	-270.086	-676.416
655	131	-321.255	-266.941	-588.196
656	131.2	-337.972	-266.111	-604.084
657	131.4	-292.597	-287.148	-579.745
658	131.6	-298.61	-284.056	-582.666
659	131.8	-310.44	-267.746	-578.186
660	132	-379.353	-270.535	-649.888
661	132.2	-357.309	-271.864	-629.172
662	132.4	-411.909	-280.623	-692.532
663	132.6	-295.437	-275.999	-571.436
664	132.8	-323.413	-270.016	-593.429
665	133	-283.284	-264.286	-547.57
666	133.2	-311.046	-276.776	-587.822
667	133.4	-404.941	-238.945	-643.885
668	133.6	-345.818	-260.098	-605.917
669	133.8	-283.467	-266.832	-550.299
670	134	-238.973	-268.098	-507.071
671	134.2	-308.724	-264.409	-573.134
672	134.4	-346.614	-275.828	-622.442
673	134.6	-357.604	-282.466	-640.07
674	134.8	-389.188	-278.33	-667.519
675	135	-431.67	-278.826	-710.496
676	135.2	-450.023	-284.296	-734.319
677	135.4	-434.295	-285.871	-720.165
678	135.6	-547.442	-275.319	-822.761
679	135.8	-510.218	-273.753	-783.97
680	136	-487.557	-284.389	-771.945
681	136.2	-582.785	-269.511	-852.296
682	136.4	-497.652	-275.846	-773.498
683	136.6	-449.835	-281.92	-731.755
684	136.8	-504.103	-281.22	-785.323
685	137	-525.691	-273.416	-799.107
686	137.2	-515.75	-269.334	-785.084
687	137.4	-472.898	-274.324	-747.222
688	137.6	-507.874	-259.452	-767.326
689	137.8	-452.252	-269.602	-721.854
690	138	-524.174	-276.906	-801.081
691	138.2	-597.922	-277.272	-875.194
692	138.4	-551.461	-277.534	-828.994
693	138.6	-496.361	-285.454	-781.815
694	138.8	-423.235	-287.369	-710.604
695	139	-512.621	-265.812	-778.433
696	139.2	-406.479	-289.091	-695.569
697	139.4	-458.309	-285.461	-743.77
698	139.6	-510.62	-274.983	-785.604
699	139.8	-498.354	-292.036	-790.391
700	140	-514.989	-280.687	-795.677
701	140.2	-514.728	-272.5	-787.228
702	140.4	-561.895	-278.884	-840.78
703	140.6	-560.075	-289.514	-849.588
704	140.8	-559.213	-260.379	-819.592
705	141	-503.09	-270.453	-773.543
706	141.2	-471.289	-282.556	-753.845
707	141.4	-448.133	-263.673	-711.806
708	141.6	-524.485	-245.88	-770.365
709	141.8	-476.055	-253.544	-729.599
710	142	-419.26	-267.517	-686.778
711	142.2	-473.476	-258.785	-732.261
712	142.4	-472.399	-274.396	-746.795
713	142.6	-434.395	-268.062	-702.457
714	142.8	-491.629	-266.301	-757.93
715	143	-488.476	-282.816	-771.292
716	143.2	-547.632	-281.383	-829.015
717	143.4	-487.712	-297.343	-785.054
718	143.6	-572.254	-272.032	-844.287
719	143.8	-502.65	-276.175	-778.825
720	144	-548.669	-280.271	-828.94
721	144.2	-551.912	-259.586	-811.498
722	144.4	-448.49	-268.632	-717.122
723	144.6	-399.217	-264.235	-663.452
724	144.8	-463.107	-277.375	-740.482
725	145	-553.917	-265.764	-819.68
726	145.2	-471.894	-274.454	-746.348
727	145.4	-539.995	-266.274	-806.269
728	145.6	-477.047	-278.385	-755.432
729	145.8	-535.539	-261.352	-796.89
730	146	-508.242	-280.43	-788.672
731	146.2	-443.59	-272.387	-715.977
732	146.4	-483.629	-245.217	-728.846
733	146.6	-525.995	-259.438	-785.433
734	146.8	-469.276	-263.359	-732.635
735	147	-387.184	-249.761	-636.945
736	147.2	-427.678	-242.268	-669.946
737	147.4	-418.724	-244.208	-662.932
738	147.6	-468.065	-212.793	-680.858
739	147.8	-368.285	-253.369	-621.654
740	148	-511.812	-238.698	-750.51
741	148.2	-438.149	-239.034	-677.183
742	148.4	-428.357	-235.315	-663.672
743	148.6	-380.303	-261.93	-642.234
744	148.8	-344.337	-255.401	-599.738
745	149	-321.346	-252.418	-573.764
746	149.2	-382.322	-247.222	-629.544
747	149.4	-359.996	-243.08	-603.076
748	149.6	-375.319	-246.218	-621.537
749	149.8	-366.815	-249.123	-615.938
750	150	-399.192	-248.223	-647.415
751	150.2	-425.896	-250.845	-676.74
752	150.4	-407.077	-262.632	-669.709
753	150.6	-417.413	-266.139	-683.552
754	150.8	-460.872	-243.345	-704.218
755	151	-450.181	-260.083	-710.264
756	151.2	-500.021	-270.082	-770.104
757	151.4	-470.506	-253.916	-724.422
758	151.6	-537.409	-285.334	-822.743
759	151.8	-481.508	-271.769	-753.277
760	152	-453.82	-263.154	-716.974
761	152.2	-377.536	-259.612	-637.147
762	152.4	-515.643	-273.015	-788.658
763	152.6	-393.965	-253.864	-647.829
764	152.8	-446.132	-264.365	-710.497
765	153	-389.843	-269.845	-659.688
766	153.2	-405.646	-271.954	-677.599
767	153.4	-425.284	-259.925	-685.209
768	153.6	-465.217	-247.437	-712.654
769	153.8	-429.326	-258.885	-688.211
770	154	-474.334	-264.318	-738.652
771	154.2	-485.743	-272.92	-758.662
772	154.4	-474.172	-269.195	-743.366
773	154.6	-406.056	-257.613	-663.669
774	154.8	-482.825	-266.224	-749.049
775	155	-420.168	-257.029	-677.197
776	155.2	-512.551	-258.51	-771.06
777	155.4	-481.796	-254.238	-736.034
778	155.6	-472.665	-256.154	-728.819
779	155.8	-440.109	-265.49	-705.599
780	156	-505.89	-268.96	-774.85
781	156.2	-428.873	-275.521	-704.394
782	156.4	-471.818	-261.102	-732.92
783	156.6	-490.485	-261.299	-751.784
784	156.8	-475.325	-243.334	-718.659
785	157	-513.782	-247.017	-760.799
786	157.2	-582.594	-246.314	-828.908
787	157.4	-593.46	-257.982	-851.442
788	157.6	-572.959	-270.917	-843.877
789	157.8	-476.685	-259.38	-736.065
790	158	-487.505	-269.519	-757.024
791	158.2	-508.879	-272.354	-781.233
792	158.4	-531.247	-284.449	-815.696
793	158.6	-568.812	-294.135	-862.947
794	158.8	-476.807	-283.273	-760.08
795	159	-547.011	-258.779	-805.79
796	159.2	-577.747	-283.249	-860.995
797	159.4	-530.974	-247.791	-778.765
798	159.6	-534.048	-275.581	-809.63
799	159.8	-494.969	-258.214	-753.183
800	160	-446.591	-273.555	-720.145
801	160.2	-548.184	-257.257	-805.442
802	160.4	-605.881	-268.76	-874.641
803	160.6	-485.34	-271.272	-756.612
804	160.8	-503.491	-280.715	-784.206
805	161	-455.073	-262.234	-717.307
806	161.2	-368.78	-258.833	-627.613
807	161.4	-454.852	-274.423	-729.274
808	161.6	-413.493	-271.65	-685.144
809	161.8	-459.507	-272.488	-731.994
810	162	-431.791	-281.515	-713.306
811	162.2	-461.149	-272.956	-734.105
812	162.4	-384.075	-270.774	-654.849
813	162.6	-457.698	-270.831	-728.529
814	162.8	-447.847	-280.469	-728.316
815	163	-453.542	-267.1	-720.642
816	163.2	-413.093	-285.343	-698.436
817	163.4	-466.884	-275.744	-742.628
818	163.6	-521.907	-275.844	-797.75
819	163.8	-536.213	-271.51	-807.723
820	164	-493.107	-272.7	-765.806
821	164.2	-402.711	-266.386	-669.097
822	164.4	-465.32	-268.15	-733.47
823	164.6	-423.972	-273.519	-697.491
824	164.8	-518.742	-268.61	-787.352
825	165	-477.935	-270.322	-748.257
826	165.2	-512.707	-271.614	-784.321
827	165.4	-378.628	-281.813	-660.441
828	165.6	-445.686	-285.576	-731.262
829	165.8	-442.636	-263.163	-705.799
830	166	-382.312	-267.965	-650.277
831	166.2	-466.374	-268.577	-734.95
832	166.4	-435.271	-277.423	-712.694
833	166.6	-511.511	-290.821	-802.332
834	166.8	-523.962	-296.456	-820.418
835	167	-500.493	-290.133	-790.626
836	167.2	-501.004	-271.125	-772.129
837	167.4	-449.549	-293.025	-742.574
838	167.6	-464.891	-280.349	-745.24
839	167.8	-511.008	-294.231	-805.239
840	168	-497.26	-289.388	-786.648
841	168.2	-587.976	-276.479	-864.456
842	168.4	-514.673	-276.561	-791.234
843	168.6	-595.166	-278.397	-873.563
844	168.8	-616.385	-282.385	-898.77
845	169	-622.878	-282.77	-905.648
846	169.2	-617.055	-288.14	-905.196
847	169.4	-622.043	-271.662	-893.705
848	169.6	-562.545	-272.809	-835.354
849	169.8	-448.595	-279.359	-727.954
850	170	-444.983	-275.018	-720
851	170.2	-524.097	-270.528	-794.625
852	170.4	-505.39	-273.309	-778.699
853	170.6	-426.892	-242.384	-669.276
854	170.8	-477.719	-268.791	-746.511
855	171	-468.219	-286.185	-754.404
856	171.2	-484.34	-267.166	-751.506
857	171.4	-471.808	-272.083	-743.891
858	171.6	-393.106	-268.458	-661.564
859	171.8	-491.26	-256.365	-747.625
860	172	-453.627	-263.026	-716.652
861	172.2	-497.072	-250.466	-747.537
862	172.4	-390.968	-250.604	-641.572
863	172.6	-483.329	-244.012	-727.341
864	172.8	-459.435	-267.735	-727.17
865	173	-414.275	-263.233	-677.507
866	173.2	-404.844	-273.342	-678.186
867	173.4	-379.139	-269.082	-648.222
868	173.6	-374.65	-252.907	-627.557
869	173.8	-496.576	-259.39	-755.966
870	174	-437.629	-250.642	-688.271
871	174.2	-556.188	-273.445	-829.633
872	174.4	-503.818	-269.809	-773.626
873	174.6	-490.059	-252.337	-742.396
874	174.8	-479.056	-269.083	-748.139
875	175	-484.085	-256.68	-740.765
876	175.2	-547.555	-263.311	-810.866
877	175.4	-413.949	-265.88	-679.829
878	175.6	-437.919	-249.745	-687.664
879	175.8	-461.107	-258.22	-719.327
880	176	-517.99	-247.372	-765.361
881	176.2	-487.224	-252.88	-740.103
882	176.4	-489.346	-260.785	-750.131
883	176.6	-578.776	-264.163	-842.94
884	176.8	-535.856	-253.526	-789.382
885	177	-473.87	-259.84	-733.71
886	177.2	-513.236	-263.858	-777.094
887	177.4	-507.778	-267.651	-775.428
888	177.6	-476.459	-256.814	-733.273
889	177.8	-507.087	-266.981	-774.067
890	178	-493.517	-258.419	-751.936
891	178.2	-497.509	-249.913	-747.422
892	178.4	-486.007	-266.509	-752.516
893	178.6	-592.878	-256.393	-849.272
894	178.8	-478.536	-268.094	-746.63
895	179	-482.43	-270.04	-752.47
896	179.2	-421.667	-274.515	-696.182
897	179.4	-382.745	-271.163	-653.908
898	179.6	-383.411	-267.92	-651.331
899	179.8	-460.009	-256.995	-717.004
900	180	-344.121	-280.637	-624.758
901	180.2	-411.329	-267.038	-678.367
902	180.4	-511.811	-285.874	-797.685
903	180.6	-614.82	-295.152	-909.971
904	180.8	-553.301	-265.183	-818.484
905	181	-539.145	-280.561	-819.706
906	181.2	-527.281	-284.214	-811.496
907	181.4	-626.693	-291.912	-918.605
908	181.6	-508.012	-287.289	-795.302
909	181.8	-544.215	-297.143	-841.358
910	182	-557.896	-275.673	-833.569
911	182.2	-607.753	-263.277	-871.03
912	182.4	-611.862	-295.859	-907.72
913	182.6	-550.469	-255.649	-806.118
914	182.8	-481.742	-282.831	-764.573
915	183	-457.278	-279.58	-736.858
916	183.2	-474.854	-268.54	-743.394
917	183.4	-474.377	-277.723	-752.1
918	183.6	-497.218	-286.734	-783.952
919	183.8	-426.867	-279.654	-706.521
920	184	-504.419	-281.534	-785.952
921	184.2	-395.658	-272.967	-668.625
922	184.4	-369.415	-266.254	-635.669
923	184.6	-388.448	-272.408	-660.856
924	184.8	-375.708	-273.674	-649.381
925	185	-405.969	-255.119	-661.088
926	185.2	-382.314	-276.421	-658.735
927	185.4	-376.716	-270.594	-647.311
928	185.6	-435.539	-264.266	-699.804
929	185.8	-410.124	-286.568	-696.692
930	186	-402.007	-266.98	-668.987
931	186.2	-374.351	-268.42	-642.771
932	186.4	-392.319	-273.428	-665.747
933	186.6	-307.943	-279.354	-587.296
934	186.8	-304.855	-287.785	-592.64
935	187	-381.268	-290.894	-672.163
936	187.2	-393.761	-285.942	-679.703
937	187.4	-449.81	-289.935	-739.745
938	187.6	-499.449	-286.255	-785.704
939	187.8	-348.552	-269.736	-618.288
940	188	-402.104	-260.456	-662.56
941	188.2	-477.408	-259.771	-737.178
942	188.4	-520.586	-279.659	-800.245
943	188.6	-436.063	-270.293	-706.356
944	188.8	-375.726	-280.884	-656.61
945	189	-378.754	-273.401	-652.155
946	189.2	-337.39	-280.487	-617.876
947	189.4	-364.411	-290.618	-655.029
948	189.6	-431.127	-291.402	-722.529
949	189.8	-346.678	-288.847	-635.525
950	190	-336.947	-289.252	-626.199
951	190.2	-328.592	-288.294	-616.886
952	190.4	-326.502	-292.786	-619.288
953	190.6	-418.647	-275.526	-694.173
954	190.8	-320.286	-297.712	-617.997
955	191	-403.789	-285.429	-689.218
956	191.2	-391.813	-274.738	-666.551
957	191.4	-296.568	-274.059	-570.627
958	191.6	-316.095	-255.325	-571.42
959	191.8	-316.5	-281.897	-598.396
960	192	-316.679	-259.173	-575.852
961	192.2	-357.223	-256.353	-613.576
962	192.4	-457.06	-271.769	-728.829
963	192.6	-410.236	-250.425	-660.661
964	192.8	-358.547	-257.505	-616.053
965	193	-384.942	-265.881	-650.823
966	193.2	-432.726	-234.702	-667.428
967	193.4	-460.516	-243.979	-704.495
968	193.6	-438.42	-289.334	-727.755
969	193.8	-357.27	-262.991	-620.261
970	194	-388.781	-272.163	-660.943
971	194.2	-439.843	-263.59	-703.432
972	194.4	-402.67	-285.69	-688.36
973	194.6	-503.51	-276.581	-780.09
974	194.8	-498.733	-267.941	-766.674
975	195	-429.096	-279.888	-708.985
976	195.2	-399.438	-260.744	-660.182
977	195.4	-338.959	-273.739	-612.699
978	195.6	-373.961	-271.504	-645.465
979	195.8	-412.565	-274.185	-686.75
980	196	-412.2	-277.304	-689.504
981	196.2	-522.777	-261.239	-784.016
982	196.4	-485.42	-277.792	-763.212
983	196.6	-501.255	-250.869	-752.125
984	196.8	-486.268	-275.67	-761.938
985	197	-478.005	-271.916	-749.921
986	197.2	-511.463	-263.821	-775.284
987	197.4	-448.519	-259.362	-707.881
988	197.6	-478.445	-264.976	-743.421
989	197.8	-451.887	-259.657	-711.544
990	198	-427.219	-257.718	-684.937
991	198.2	-421.482	-259.934	-681.416
992	198.4	-364.531	-267.743	-632.274
993	198.6	-381.661	-264.486	-646.146
994	198.8	-430.567	-252.368	-682.934
995	199	-409.419	-257.721	-667.14
996	199.2	-352.878	-267.598	-620.476
997	199.4	-343.683	-257.889	-601.572
998	199.6	-434.392	-253.257	-687.649
999	199.8	-413.715	-266.719	-680.434
1000	200	-457.617	-263.785	-721.402
1001	200.2	-410.84	-271.072	-681.912
1002	200.4	-422.325	-264.548	-686.873
1003	200.6	-396.662	-261.348	-658.01
1004	200.8	-351.36	-268.45	-619.81
1005	201	-389.965	-268.247	-658.212
1006	201.2	-343.505	-255.286	-598.791
1007	201.4	-271.91	-268.761	-540.671
1008	201.6	-338.772	-255	-593.772
1009	201.8	-401.807	-264.6	-666.407
1010	202	-408.056	-247.93	-655.986
1011	202.2	-355.84	-238.066	-593.906
1012	202.4	-432.222	-246.302	-678.524
1013	202.6	-477.448	-242.32	-719.768
1014	202.8	-392.24	-248.456	-640.696
1015	203	-374.662	-268.953	-643.615
1016	203.2	-434.988	-258.717	-693.704
1017	203.4	-385.515	-262.527	-648.042
1018	203.6	-430.105	-259.758	-689.863
1019	203.8	-383.592	-275.505	-659.097
1020	204	-350.614	-266.674	-617.289
1021	204.2	-316.023	-271.718	-587.742
1022	204.4	-361.06	-265.483	-626.544
1023	204.6	-341.637	-270.682	-612.319
1024	204.8	-412.412	-262.582	-674.994
1025	205	-430.235	-284.41	-714.644
1026	205.2	-400.788	-284.697	-685.486
1027	205.4	-481.767	-272.276	-754.043
1028	205.6	-387.712	-271.555	-659.266
1029	205.8	-446.154	-270.16	-716.314
1030	206	-471.573	-293.405	-764.978
1031	206.2	-416.381	-289.228	-705.609
1032	206.4	-505.524	-278.083	-783.607
1033	206.6	-439.092	-285.653	-724.745
1034	206.8	-405.854	-288.415	-694.268
1035	207	-425.707	-282.885	-708.592
1036	207.2	-453.508	-265.265	-718.773
1037	207.4	-444.416	-270.25	-714.666
1038	207.6	-393.515	-279.571	-673.086
1039	207.8	-432.227	-266.878	-699.104
1040	208	-377.31	-270.858	-648.168
1041	208.2	-404.266	-277.776	-682.042
1042	208.4	-476.611	-278.018	-754.629
1043	208.6	-531.037	-290.463	-821.499
1044	208.8	-496.542	-295.981	-792.524
1045	209	-580.95	-301.102	-882.052
1046	209.2	-469.704	-284.248	-753.952
1047	209.4	-608.167	-290.303	-898.47
1048	209.6	-528.94	-283.099	-812.039
1049	209.8	-589.211	-285.001	-874.212
1050	210	-477.006	-276.385	-753.39
1051	210.2	-426.155	-275.522	-701.677
1052	210.4	-446.28	-276.06	-722.34
1053	210.6	-493.244	-300.521	-793.765
1054	210.8	-507.509	-277.312	-784.821
1055	211	-531.616	-290.077	-821.693
1056	211.2	-465.719	-295.902	-761.621
1057	211.4	-530.474	-285.26	-815.734
1058	211.6	-476.943	-299.951	-776.893
1059	211.8	-488.861	-273.791	-762.652
1060	212	-514.367	-274.22	-788.588
1061	212.2	-462.15	-302.029	-764.18
1062	212.4	-469.596	-282.971	-752.567
1063	212.6	-433.206	-269.246	-702.452
1064	212.8	-425.711	-255.53	-681.241
1065	213	-497.318	-263.877	-761.196
1066	213.2	-540.977	-275.397	-816.375
1067	213.4	-504.603	-279.981	-784.585
1068	213.6	-471.655	-289.236	-760.891
1069	213.8	-508.529	-290.883	-799.412
1070	214	-494.921	-284.334	-779.256
1071	214.2	-466.198	-281.819	-748.017
1072	214.4	-483.693	-262.933	-746.626
1073	214.6	-420.559	-261.82	-682.379
1074	214.8	-462.803	-252.303	-715.106
1075	215	-459.982	-245.37	-705.352
1076	215.2	-416.8	-269.817	-686.617
1077	215.4	-393.045	-284.075	-677.12
1078	215.6	-438.538	-267.624	-706.162
1079	215.8	-451.216	-278.166	-729.383
1080	216	-377.135	-252.626	-629.761
1081	216.2	-386.106	-268.791	-654.897
1082	216.4	-454.166	-279.87	-734.036
1083	216.6	-334.589	-278.015	-612.603
1084	216.8	-307.786	-278.152	-585.938
1085	217	-417.063	-265.507	-682.57
1086	217.2	-351.313	-267.743	-619.055
1087	217.4	-342.167	-269.667	-611.834
1088	217.6	-420.52	-272.611	-693.131
1089	217.8	-322.429	-264.635	-587.064
1090	218	-391.711	-264.045	-655.756
1091	218.2	-411.297	-274.739	-686.035
1092	218.4	-427.732	-260.927	-688.659
1093	218.6	-471.652	-263.33	-734.982
1094	218.8	-421.469	-284.692	-706.161
1095	219	-372.718	-280.486	-653.204
1096	219.2	-360.305	-277.991	-638.297
1097	219.4	-388.038	-269.586	-657.624
1098	219.6	-289.494	-282.602	-572.095
1099	219.8	-292.458	-272.985	-565.443
1100	220	-305.018	-267.34	-572.358
1101	220.2	-321.475	-255.212	-576.688
1102	220.4	-299.875	-265.047	-564.921
1103	220.6	-358.473	-269.539	-628.012
1104	220.8	-471.92	-263.775	-735.695
1105	221	-417.775	-260.673	-678.448
1106	221.2	-326.61	-258.427	-585.037
1107	221.4	-411.594	-267.922	-679.516
1108	221.6	-405.862	-276.208	-682.07
1109	221.8	-382.915	-265.517	-648.432
1110	222	-469.541	-253.155	-722.695
1111	222.2	-417.765	-247.263	-665.028
1112	222.4	-400.397	-241.959	-642.356
1113	222.6	-410.521	-256.282	-666.803
1114	222.8	-407.602	-264.515	-672.117
1115	223	-358.667	-267.203	-625.87
1116	223.2	-401.251	-276.245	-677.496
1117	223.4	-403.505	-262.531	-666.036
1118	223.6	-439.695	-287.361	-727.056
1119	223.8	-511.591	-277.416	-789.006
1120	224	-471.51	-281.446	-752.956
1121	224.2	-490.062	-286.36	-776.422
1122	224.4	-420.723	-291.877	-712.6
1123	224.6	-426.77	-259.31	-686.08
1124	224.8	-471.247	-259.671	-730.919
1125	225	-361.606	-242.501	-604.107
1126	225.2	-359.854	-280.143	-639.997
1127	225.4	-357.449	-257.915	-615.364
1128	225.6	-433.149	-266.447	-699.596
1129	225.8	-375.407	-269.517	-644.923
1130	226	-432.285	-257.314	-689.599
1131	226.2	-419.168	-258.262	-677.43
1132	226.4	-479.604	-246.655	-726.26
1133	226.6	-437.962	-259.173	-697.135
1134	226.8	-459.989	-253.845	-713.834
1135	227	-415.271	-280.236	-695.506
1136	227.2	-422.543	-270.336	-692.879
1137	227.4	-468.235	-288.637	-756.872
1138	227.6	-451.638	-266.708	-718.346
1139	227.8	-373.482	-267.674	-641.157
1140	228	-414.307	-253.927	-668.234
1141	228.2	-372.745	-255.79	-628.534
1142	228.4	-378.151	-271.633	-649.784
1143	228.6	-390.882	-250.285	-641.168
1144	228.8	-404.631	-269.943	-674.574
1145	229	-329.163	-270.67	-599.834
1146	229.2	-412.269	-271.878	-684.147
1147	229.4	-342.206	-275.008	-617.214
1148	229.6	-324.093	-272.311	-596.404
1149	229.8	-353.901	-272.065	-625.966
1150	230	-283.29	-267.853	-551.143
1151	230.2	-430.117	-266.24	-696.358
1152	230.4	-331.052	-282.489	-613.542
1153	230.6	-363.579	-287.806	-651.385
1154	230.8	-389.361	-278.175	-667.536
1155	231	-391.82	-269.63	-661.45
1156	231.2	-432.828	-255.924	-688.752
1157	231.4	-447.374	-290.74	-738.114
1158	231.6	-427.73	-282.356	-710.087
1159	231.8	-474.843	-286.358	-761.201
1160	232	-449.633	-271.192	-720.825
1161	232.2	-429.471	-278.447	-707.918
1162	232.4	-501.733	-269.467	-771.2
1163	232.6	-495.662	-267.486	-763.149
1164	232.8	-533.385	-273.502	-806.887
1165	233	-531.437	-287.355	-818.792
1166	233.2	-469.322	-281.349	-750.671
1167	233.4	-492.632	-266.385	-759.017
1168	233.6	-510.696	-256.438	-767.134
1169	233.8	-553.504	-271.964	-825.468
1170	234	-528.011	-283.43	-811.442
1171	234.2	-585.249	-271.296	-856.545
1172	234.4	-431.62	-271.55	-703.17
1173	234.6	-519.963	-276.329	-796.292
1174	234.8	-546.579	-278.469	-825.048
1175	235	-432.221	-289.971	-722.192
1176	235.2	-524.326	-288.516	-812.842
1177	235.4	-524.205	-270.143	-794.349
1178	235.6	-494.978	-281.528	-776.506
1179	235.8	-478.109	-280.533	-758.641
1180	236	-465.948	-272.443	-738.391
1181	236.2	-431.772	-267.578	-699.35
1182	236.4	-485.135	-283.195	-768.33
1183	236.6	-471.628	-290.379	-762.007
1184	236.8	-480.655	-304.953	-785.608
1185	237	-472.196	-279.65	-751.846
1186	237.2	-507.797	-294.41	-802.207
1187	237.4	-541.759	-282.916	-824.675
1188	237.6	-601.383	-302.917	-904.3
1189	237.8	-629.861	-325.844	-955.705
1190	238	-647.742	-312.859	-960.601
1191	238.2	-673.856	-290.51	-964.367
1192	238.4	-624.459	-308.117	-932.575
1193	238.6	-569.194	-308.756	-877.951
1194	238.8	-595.828	-302.08	-897.908
1195	239	-611.166	-291.475	-902.641
1196	239.2	-533.05	-317.631	-850.681
1197	239.4	-593.197	-292.717	-885.914
1198	239.6	-545.104	-281.563	-826.667
1199	239.8	-545.87	-278.981	-824.851
1200	240	-541.573	-284.5	-826.074
1201	240.2	-593.916	-283.376	-877.292
1202	240.4	-473.586	-278.811	-752.397
1203	240.6	-512.949	-275.064	-788.014
