Frame	Time	Elec	VdW	Nonbond
0	0	-202.626	-175.625	-378.251
1	0.2	-205.755	-179.182	-384.937
2	0.4	-192.409	-186.101	-378.511
3	0.6	-207.268	-175.386	-382.654
4	0.8	-239.982	-160.588	-400.57
5	1	-130.928	-165.624	-296.552
6	1.2	-170.334	-177.852	-348.186
7	1.4	-133.81	-186.599	-320.409
8	1.6	-290.595	-160.712	-451.307
9	1.8	-253.547	-183.352	-436.899
10	2	-244.809	-168.637	-413.445
11	2.2	-238.953	-161.05	-400.003
12	2.4	-211.603	-171.142	-382.744
13	2.6	-251.86	-179.834	-431.694
14	2.8	-219.579	-176.73	-396.309
15	3	-198.874	-184.362	-383.236
16	3.2	-206.917	-176.986	-383.903
17	3.4	-268.925	-183.033	-451.958
18	3.6	-280.196	-189.99	-470.186
19	3.8	-295.29	-184.651	-479.941
20	4	-302.868	-185.644	-488.512
21	4.2	-265.007	-178.808	-443.816
22	4.4	-209.062	-184.203	-393.264
23	4.6	-236.989	-195.286	-432.275
24	4.8	-214.375	-189.184	-403.558
25	5	-254.927	-191.929	-446.856
26	5.2	-222.977	-188.198	-411.174
27	5.4	-243.677	-178.991	-422.668
28	5.6	-263.175	-190.417	-453.592
29	5.8	-219.086	-203.286	-422.372
30	6	-232.795	-191.814	-424.609
31	6.2	-196.216	-194.904	-391.12
32	6.4	-270.754	-192.634	-463.388
33	6.6	-206.515	-198.786	-405.301
34	6.8	-320.85	-182.466	-503.316
35	7	-345.575	-185.193	-530.768
36	7.2	-269.126	-190.69	-459.816
37	7.4	-314.697	-185.478	-500.175
38	7.6	-326.999	-178.909	-505.908
39	7.8	-238.62	-185.924	-424.544
40	8	-189.738	-193.617	-383.355
41	8.2	-226.868	-212.223	-439.09
42	8.4	-255.326	-198.763	-454.089
43	8.6	-369.853	-189.461	-559.314
44	8.8	-303	-205.288	-508.288
45	9	-310.499	-183.183	-493.682
46	9.2	-369.916	-192.222	-562.138
47	9.4	-319.408	-178.694	-498.102
48	9.6	-287.193	-195.166	-482.359
49	9.8	-292.449	-182.187	-474.637
50	10	-278.791	-177.237	-456.028
51	10.2	-334.342	-172.838	-507.18
52	10.4	-324.796	-205.101	-529.897
53	10.6	-300.473	-207.856	-508.329
54	10.8	-294.852	-206.481	-501.332
55	11	-376.919	-207.25	-584.17
56	11.2	-400.301	-216.091	-616.392
57	11.4	-364.172	-219.747	-583.919
58	11.6	-315.587	-204.482	-520.068
59	11.8	-347.543	-198.477	-546.019
60	12	-395.364	-221.85	-617.214
61	12.2	-416.339	-208.734	-625.073
62	12.4	-372.902	-201.144	-574.045
63	12.6	-435.78	-187.73	-623.51
64	12.8	-417.457	-199.883	-617.34
65	13	-363.79	-185.075	-548.865
66	13.2	-361.822	-191.208	-553.03
67	13.4	-423.425	-210.048	-633.473
68	13.6	-545.927	-200.085	-746.012
69	13.8	-477.485	-183.945	-661.43
70	14	-409.55	-191.783	-601.333
71	14.2	-426.047	-182.112	-608.159
72	14.4	-395.775	-169.512	-565.287
73	14.6	-343.617	-182.333	-525.95
74	14.8	-419.102	-167.518	-586.62
75	15	-369.937	-184.925	-554.862
76	15.2	-265.558	-176.36	-441.918
77	15.4	-355.84	-189.589	-545.429
78	15.6	-343.357	-185.262	-528.619
79	15.8	-441.244	-185.654	-626.897
80	16	-423.84	-176.483	-600.323
81	16.2	-400.941	-193.636	-594.577
82	16.4	-362.62	-185.947	-548.567
83	16.6	-352.916	-201.038	-553.955
84	16.8	-359.356	-163.217	-522.573
85	17	-336.486	-184.617	-521.102
86	17.2	-368.853	-192.158	-561.011
87	17.4	-305.833	-198.182	-504.015
88	17.6	-322.278	-183.633	-505.911
89	17.8	-281.87	-200.001	-481.872
90	18	-387.433	-180.227	-567.66
91	18.2	-354.397	-176.447	-530.843
92	18.4	-357.176	-183.456	-540.632
93	18.6	-354.313	-174.992	-529.305
94	18.8	-362.614	-174.289	-536.903
95	19	-419.605	-182.768	-602.374
96	19.2	-393.603	-190.917	-584.52
97	19.4	-347.242	-201.52	-548.762
98	19.6	-412.681	-210.838	-623.519
99	19.8	-397.909	-182.132	-580.041
100	20	-365.734	-193.27	-559.005
101	20.2	-396.804	-201.334	-598.139
102	20.4	-386.617	-195.098	-581.715
103	20.6	-378.516	-180.309	-558.824
104	20.8	-318.535	-186.441	-504.976
105	21	-377.563	-208.178	-585.74
106	21.2	-328.257	-192.927	-521.184
107	21.4	-398.604	-183.123	-581.727
108	21.6	-377.589	-194.71	-572.299
109	21.8	-355.893	-196.111	-552.004
110	22	-415.811	-176.005	-591.816
111	22.2	-407.907	-183.168	-591.075
112	22.4	-329.062	-189.013	-518.075
113	22.6	-378.357	-194.13	-572.487
114	22.8	-376.701	-203.305	-580.006
115	23	-331.678	-184.403	-516.081
116	23.2	-392.789	-183.766	-576.554
117	23.4	-340.605	-188.434	-529.039
118	23.6	-332.897	-176.481	-509.379
119	23.8	-315.279	-183.86	-499.139
120	24	-309.225	-200.063	-509.288
121	24.2	-280.448	-204.746	-485.195
122	24.4	-196.083	-195.502	-391.585
123	24.6	-209.127	-189.482	-398.61
124	24.8	-208.11	-179.621	-387.731
125	25	-242.974	-203.703	-446.677
126	25.2	-234.619	-201.019	-435.638
127	25.4	-266.223	-201.006	-467.229
128	25.6	-308.344	-213.99	-522.334
129	25.8	-374.886	-200.373	-575.259
130	26	-321.438	-204.426	-525.864
131	26.2	-343.837	-202.781	-546.618
132	26.4	-252.966	-207.436	-460.402
133	26.6	-298.853	-212.203	-511.056
134	26.8	-331.651	-207.102	-538.752
135	27	-244.313	-197.652	-441.965
136	27.2	-286.986	-207.647	-494.633
137	27.4	-311.37	-201.589	-512.959
138	27.6	-382.046	-219.224	-601.27
139	27.8	-386.528	-219.551	-606.079
140	28	-382.919	-209.125	-592.044
141	28.2	-274.494	-192.416	-466.91
142	28.4	-332.087	-207.209	-539.296
143	28.6	-265.885	-198.354	-464.239
144	28.8	-223.775	-220.9	-444.676
145	29	-267.362	-212.899	-480.262
146	29.2	-220.423	-203.934	-424.357
147	29.4	-241.001	-188.804	-429.805
148	29.6	-258.914	-200.771	-459.685
149	29.8	-277.104	-195.545	-472.649
150	30	-370.055	-202.69	-572.745
151	30.2	-343.318	-200.879	-544.198
152	30.4	-257.319	-201.969	-459.288
153	30.6	-299.529	-212.987	-512.515
154	30.8	-300.285	-212.141	-512.426
155	31	-276.037	-214.617	-490.654
156	31.2	-289.669	-194.561	-484.23
157	31.4	-230.995	-209.131	-440.126
158	31.6	-221.195	-195.568	-416.763
159	31.8	-244.97	-216.323	-461.293
160	32	-284.972	-212.537	-497.509
161	32.2	-290.8	-197.121	-487.921
162	32.4	-331.222	-204.177	-535.399
163	32.6	-329.459	-197.443	-526.902
164	32.8	-356.269	-223.991	-580.26
165	33	-316.834	-210.698	-527.531
166	33.2	-278.65	-204.493	-483.143
167	33.4	-302.132	-198.605	-500.737
168	33.6	-298.587	-209.133	-507.719
169	33.8	-355.717	-196.579	-552.297
170	34	-312.381	-224.601	-536.982
171	34.2	-342.252	-222.898	-565.15
172	34.4	-322.248	-196.721	-518.968
173	34.6	-334.654	-216.049	-550.703
174	34.8	-262.447	-205.679	-468.126
175	35	-336.494	-209.013	-545.507
176	35.2	-311.149	-219.093	-530.242
177	35.4	-305.388	-210.282	-515.67
178	35.6	-296.737	-201.675	-498.412
179	35.8	-333.799	-194.006	-527.805
180	36	-404.86	-201.252	-606.111
181	36.2	-368.418	-202.669	-571.087
182	36.4	-402.803	-200.987	-603.79
183	36.6	-417.544	-223.326	-640.87
184	36.8	-411.32	-206.208	-617.528
185	37	-318.336	-197.374	-515.71
186	37.2	-325.654	-197.262	-522.917
187	37.4	-385.901	-200.928	-586.83
188	37.6	-439.933	-213.088	-653.021
189	37.8	-399.922	-207.869	-607.791
190	38	-378.438	-209.085	-587.523
191	38.2	-381.649	-204.471	-586.121
192	38.4	-339.237	-202.833	-542.07
193	38.6	-320.958	-217.991	-538.949
194	38.8	-390.275	-215.458	-605.733
195	39	-328.859	-220.224	-549.084
196	39.2	-360.355	-208.563	-568.918
197	39.4	-352.333	-226.088	-578.42
198	39.6	-352.205	-228.866	-581.071
199	39.8	-362.22	-228.211	-590.431
200	40	-386.628	-224.163	-610.791
201	40.2	-390.05	-229.075	-619.124
202	40.4	-378.122	-217.395	-595.517
203	40.6	-453.85	-241.049	-694.899
204	40.8	-397.754	-232.137	-629.892
205	41	-372.4	-231.731	-604.131
206	41.2	-363.063	-233.388	-596.451
207	41.4	-456.416	-233.577	-689.993
208	41.6	-449.159	-241.631	-690.79
209	41.8	-394.926	-211.723	-606.649
210	42	-366.115	-224.562	-590.677
211	42.2	-377.81	-224.043	-601.853
212	42.4	-426.224	-218.51	-644.733
213	42.6	-375.952	-217.592	-593.543
214	42.8	-377.07	-198.474	-575.544
215	43	-388.31	-216.485	-604.796
216	43.2	-382.67	-200.759	-583.429
217	43.4	-467.355	-207.213	-674.569
218	43.6	-387.086	-197.316	-584.402
219	43.8	-341.833	-223.631	-565.464
220	44	-347.643	-231.778	-579.422
221	44.2	-309.667	-218.256	-527.923
222	44.4	-321.722	-211.668	-533.39
223	44.6	-362.829	-214.896	-577.726
224	44.8	-370.468	-206.011	-576.479
225	45	-309.661	-206.5	-516.161
226	45.2	-354.811	-209.489	-564.3
227	45.4	-357.693	-225.667	-583.36
228	45.6	-342.568	-209.72	-552.288
229	45.8	-307.632	-205.932	-513.565
230	46	-389.825	-215.125	-604.95
231	46.2	-299.19	-212.185	-511.376
232	46.4	-275.065	-204.692	-479.757
233	46.6	-316.803	-212.773	-529.576
234	46.8	-332.649	-217.846	-550.495
235	47	-444.989	-229.693	-674.682
236	47.2	-383.282	-217.825	-601.107
237	47.4	-488	-221.368	-709.367
238	47.6	-482.437	-234.72	-717.157
239	47.8	-369.721	-231.229	-600.95
240	48	-413.059	-225.308	-638.367
241	48.2	-467.308	-227.784	-695.091
242	48.4	-432.463	-222.104	-654.566
243	48.6	-422.102	-216.97	-639.073
244	48.8	-421.871	-195.627	-617.498
245	49	-455.977	-214.436	-670.413
246	49.2	-395.221	-216.989	-612.21
247	49.4	-411.031	-207.546	-618.577
248	49.6	-414.71	-232.053	-646.763
249	49.8	-386.991	-213.976	-600.967
250	50	-421.543	-216.529	-638.072
251	50.2	-373.754	-206.705	-580.459
252	50.4	-438.762	-201.771	-640.532
253	50.6	-395.598	-222.908	-618.506
254	50.8	-414.95	-213.838	-628.789
255	51	-406.627	-215.596	-622.223
256	51.2	-434.855	-212.667	-647.521
257	51.4	-452.277	-226.689	-678.966
258	51.6	-457.874	-212.937	-670.811
259	51.8	-412.913	-214.57	-627.483
260	52	-379.14	-211.978	-591.118
261	52.2	-370.787	-214.336	-585.123
262	52.4	-351.593	-192.767	-544.36
263	52.6	-341.01	-222.6	-563.609
264	52.8	-434.758	-219.788	-654.545
265	53	-405.334	-211.558	-616.892
266	53.2	-410.753	-209.012	-619.765
267	53.4	-491.929	-196.872	-688.801
268	53.6	-423.947	-205.973	-629.92
269	53.8	-439.277	-201.788	-641.065
270	54	-424.836	-208.835	-633.671
271	54.2	-321.804	-204.479	-526.283
272	54.4	-268.416	-203.415	-471.831
273	54.6	-305.538	-209.355	-514.893
274	54.8	-340.088	-214.143	-554.231
275	55	-332.415	-206.18	-538.595
276	55.2	-351.863	-210.213	-562.076
277	55.4	-317.377	-205.715	-523.092
278	55.6	-360.367	-199.554	-559.92
279	55.8	-347.379	-217.893	-565.273
280	56	-297.187	-224.371	-521.558
281	56.2	-296.911	-212.816	-509.727
282	56.4	-376.963	-210.319	-587.281
283	56.6	-334.41	-211.953	-546.363
284	56.8	-340.362	-206.953	-547.315
285	57	-277.25	-219.868	-497.117
286	57.2	-283.731	-222.212	-505.943
287	57.4	-242.823	-214.218	-457.04
288	57.6	-261.107	-195.574	-456.681
289	57.8	-276.165	-207.506	-483.671
290	58	-289.132	-216.16	-505.292
291	58.2	-350.405	-215.589	-565.993
292	58.4	-340.402	-205.688	-546.09
293	58.6	-397.868	-204.654	-602.521
294	58.8	-336.385	-198.577	-534.961
295	59	-327.578	-210.586	-538.164
296	59.2	-367.083	-208.198	-575.281
297	59.4	-331.379	-213.159	-544.538
298	59.6	-415.779	-205.631	-621.41
299	59.8	-392.741	-220.032	-612.773
300	60	-746.952	-232.205	-979.157
301	60.2	-829.278	-228.244	-1057.52
302	60.4	-658.499	-203.635	-862.134
303	60.6	-636.65	-231.391	-868.041
304	60.8	-680.028	-207.94	-887.967
305	61	-599.263	-219.179	-818.442
306	61.2	-627.202	-211.262	-838.465
307	61.4	-537.846	-201.714	-739.561
308	61.6	-592.692	-219.198	-811.89
309	61.8	-544.678	-214.795	-759.473
310	62	-578.206	-208.423	-786.63
311	62.2	-440.428	-188.423	-628.851
312	62.4	-361.637	-194.439	-556.076
313	62.6	-400.83	-195.321	-596.152
314	62.8	-475.225	-206.037	-681.263
315	63	-481.161	-194.391	-675.552
316	63.2	-527.52	-203.766	-731.286
317	63.4	-399.652	-196.5	-596.152
318	63.6	-533.457	-205.221	-738.678
319	63.8	-466.738	-202.013	-668.75
320	64	-512.818	-218.097	-730.915
321	64.2	-562.731	-216.753	-779.484
322	64.4	-595.321	-211.53	-806.852
323	64.6	-556.719	-189.298	-746.017
324	64.8	-521.565	-210.532	-732.097
325	65	-563.582	-207.081	-770.663
326	65.2	-564.582	-195.901	-760.483
327	65.4	-514.792	-197.56	-712.351
328	65.6	-529.925	-213.628	-743.553
329	65.8	-596.976	-226.927	-823.903
330	66	-712.689	-211.669	-924.358
331	66.2	-574.516	-203.877	-778.394
332	66.4	-507.081	-214.942	-722.024
333	66.6	-549.758	-209.487	-759.245
334	66.8	-550.676	-193.096	-743.771
335	67	-625.891	-205.612	-831.503
336	67.2	-535.197	-229.554	-764.751
337	67.4	-638.567	-206.478	-845.044
338	67.6	-604.492	-223.804	-828.296
339	67.8	-586.87	-191.993	-778.863
340	68	-609.355	-203.884	-813.239
341	68.2	-634.521	-203.364	-837.885
342	68.4	-622.16	-189.468	-811.628
343	68.6	-678.039	-196.836	-874.875
344	68.8	-543.506	-199.039	-742.545
345	69	-583.909	-194.364	-778.273
346	69.2	-611.766	-190.955	-802.721
347	69.4	-538.591	-187.973	-726.564
348	69.6	-518.075	-191.004	-709.079
349	69.8	-509.737	-213.781	-723.518
350	70	-540.291	-214.79	-755.081
351	70.2	-633.426	-199.664	-833.09
352	70.4	-600.629	-203.377	-804.007
353	70.6	-515.466	-210.433	-725.899
354	70.8	-533.113	-209.641	-742.754
355	71	-576.263	-199.604	-775.866
356	71.2	-547.398	-195.804	-743.202
357	71.4	-529.36	-209.064	-738.424
358	71.6	-485.663	-227.499	-713.162
359	71.8	-490.127	-200.297	-690.424
360	72	-450.808	-228.765	-679.573
361	72.2	-525.378	-210.318	-735.696
362	72.4	-599.286	-213.076	-812.362
363	72.6	-425.101	-224.824	-649.925
364	72.8	-455.317	-230.884	-686.201
365	73	-521.404	-235.344	-756.748
366	73.2	-573.195	-218.23	-791.425
367	73.4	-598.675	-213.498	-812.173
368	73.6	-570.425	-226.144	-796.569
369	73.8	-609.223	-238.147	-847.37
370	74	-662.443	-232.305	-894.747
371	74.2	-559.208	-223.272	-782.48
372	74.4	-668.413	-231.861	-900.275
373	74.6	-582.133	-228.437	-810.57
374	74.8	-525.103	-217.868	-742.972
375	75	-493.953	-221.853	-715.805
376	75.2	-653.466	-233.434	-886.9
377	75.4	-655.571	-231.822	-887.392
378	75.6	-598.908	-223.302	-822.21
379	75.8	-595.641	-220.392	-816.032
380	76	-546.996	-229.6	-776.596
381	76.2	-606.057	-226.974	-833.031
382	76.4	-561.937	-219.184	-781.121
383	76.6	-469.165	-237.813	-706.978
384	76.8	-509.073	-233.249	-742.321
385	77	-470.637	-231.698	-702.335
386	77.2	-625.957	-221.965	-847.922
387	77.4	-621.602	-214.976	-836.577
388	77.6	-669.475	-240.647	-910.122
389	77.8	-616.55	-231.446	-847.996
390	78	-684.67	-203.086	-887.756
391	78.2	-636.719	-216.576	-853.295
392	78.4	-626.307	-215.768	-842.075
393	78.6	-752.662	-212.94	-965.602
394	78.8	-609.322	-220.437	-829.758
395	79	-675.86	-222.946	-898.807
396	79.2	-714.093	-230.222	-944.315
397	79.4	-732.532	-242.899	-975.431
398	79.6	-813.323	-221.323	-1034.65
399	79.8	-723.905	-222.902	-946.807
400	80	-787.589	-240.382	-1027.97
401	80.2	-755.036	-207.744	-962.78
402	80.4	-718.492	-229.422	-947.914
403	80.6	-682.764	-229.826	-912.591
404	80.8	-655.177	-224.959	-880.136
405	81	-697.768	-219.815	-917.584
406	81.2	-810.247	-236.671	-1046.92
407	81.4	-678.65	-225.106	-903.756
408	81.6	-636.657	-206.25	-842.907
409	81.8	-667.761	-205.893	-873.654
410	82	-618.969	-212.68	-831.649
411	82.2	-608.176	-213.917	-822.093
412	82.4	-555.902	-215.661	-771.563
413	82.6	-512.78	-204.929	-717.709
414	82.8	-490.86	-207.704	-698.564
415	83	-478.356	-216.76	-695.116
416	83.2	-424.222	-214.431	-638.652
417	83.4	-466.596	-219.16	-685.756
418	83.6	-534.72	-227.067	-761.787
419	83.8	-594.758	-220.137	-814.895
420	84	-575.878	-202.888	-778.766
421	84.2	-606.814	-212.911	-819.726
422	84.4	-550.787	-226.298	-777.086
423	84.6	-633.634	-225.987	-859.62
424	84.8	-567.449	-215.045	-782.494
425	85	-552.402	-208.482	-760.884
426	85.2	-495.933	-205.067	-701
427	85.4	-588.33	-203.129	-791.459
428	85.6	-453.286	-206.41	-659.696
429	85.8	-457.303	-203.605	-660.908
430	86	-381.279	-189.996	-571.275
431	86.2	-435.693	-196.061	-631.755
432	86.4	-492.215	-204.227	-696.442
433	86.6	-519.959	-218.762	-738.722
434	86.8	-475.334	-219.446	-694.78
435	87	-530.18	-222.125	-752.305
436	87.2	-518.326	-205.999	-724.324
437	87.4	-440.332	-219.831	-660.163
438	87.6	-445.54	-211.551	-657.091
439	87.8	-385.422	-215.327	-600.75
440	88	-565.547	-209.282	-774.829
441	88.2	-375.875	-221.572	-597.447
442	88.4	-436.151	-227.238	-663.388
443	88.6	-392.445	-197.234	-589.679
444	88.8	-418.761	-203.561	-622.322
445	89	-456.264	-208.212	-664.476
446	89.2	-418.074	-200.735	-618.81
447	89.4	-443.904	-211.205	-655.109
448	89.6	-462.809	-196.703	-659.512
449	89.8	-428.207	-201.52	-629.727
450	90	-352.195	-202.845	-555.04
451	90.2	-385.714	-203.859	-589.573
452	90.4	-477.879	-215.177	-693.055
453	90.6	-410.028	-201.126	-611.154
454	90.8	-464.197	-211.356	-675.553
455	91	-507.881	-209.117	-716.998
456	91.2	-424.233	-198.258	-622.491
457	91.4	-417.222	-206.661	-623.883
458	91.6	-428.153	-214.351	-642.504
459	91.8	-407.285	-198.413	-605.698
460	92	-436.06	-200.27	-636.33
461	92.2	-456.548	-212.393	-668.942
462	92.4	-460.57	-203.611	-664.181
463	92.6	-456.273	-204.432	-660.705
464	92.8	-453.167	-210.291	-663.458
465	93	-465.955	-216.628	-682.582
466	93.2	-539.452	-245.077	-784.529
467	93.4	-514.517	-203.679	-718.197
468	93.6	-473.59	-198.965	-672.556
469	93.8	-457.626	-218.708	-676.334
470	94	-525.151	-221.435	-746.585
471	94.2	-574.5	-204.106	-778.607
472	94.4	-526.864	-231.447	-758.311
473	94.6	-554.367	-216.452	-770.819
474	94.8	-554.03	-225.155	-779.186
475	95	-537.242	-205.606	-742.848
476	95.2	-558.454	-215.111	-773.565
477	95.4	-438.497	-207.381	-645.877
478	95.6	-508.973	-206.415	-715.388
479	95.8	-513.315	-203.678	-716.993
480	96	-570.715	-201.9	-772.615
481	96.2	-664.62	-223.942	-888.562
482	96.4	-694.037	-198.62	-892.657
483	96.6	-628.643	-214.707	-843.35
484	96.8	-580.874	-214.235	-795.109
485	97	-611.858	-202.354	-814.211
486	97.2	-565.919	-219.724	-785.643
487	97.4	-488.668	-230.669	-719.336
488	97.6	-422.941	-216.38	-639.322
489	97.8	-474.522	-206.979	-681.5
490	98	-526.308	-210.086	-736.394
491	98.2	-517.786	-208.54	-726.326
492	98.4	-571.271	-200.309	-771.58
493	98.6	-483.254	-197.246	-680.5
494	98.8	-472.629	-201.872	-674.501
495	99	-375.648	-198.367	-574.015
496	99.2	-467.633	-200.429	-668.062
497	99.4	-456.076	-212.625	-668.701
498	99.6	-483.678	-210.508	-694.186
499	99.8	-439.92	-200.96	-640.881
500	100	-421.336	-198.209	-619.545
501	100.2	-485.082	-202.338	-687.419
502	100.4	-375.196	-208.442	-583.638
503	100.6	-454.441	-203.136	-657.577
504	100.8	-481.982	-193.473	-675.456
505	101	-438.562	-211.22	-649.782
506	101.2	-463.557	-213.972	-677.529
507	101.4	-580.174	-206.311	-786.485
508	101.6	-559.785	-197.22	-757.005
509	101.8	-460.131	-204.771	-664.902
510	102	-420.921	-206.793	-627.714
511	102.2	-367.128	-194.649	-561.777
512	102.4	-533.331	-202.971	-736.302
513	102.6	-528.538	-186.293	-714.831
514	102.8	-434.292	-198.714	-633.006
515	103	-479.139	-191.574	-670.714
516	103.2	-400.165	-209.692	-609.857
517	103.4	-413.929	-191.064	-604.993
518	103.6	-465.99	-194.386	-660.376
519	103.8	-575.02	-221.433	-796.452
520	104	-557.35	-215.914	-773.264
521	104.2	-534.005	-203.95	-737.955
522	104.4	-551.273	-212.478	-763.751
523	104.6	-589.596	-231.489	-821.086
524	104.8	-505.196	-210.743	-715.939
525	105	-548.187	-224.193	-772.38
526	105.2	-508.183	-231.41	-739.594
527	105.4	-530.029	-236.048	-766.077
528	105.6	-490.92	-222.317	-713.237
529	105.8	-461.107	-214.636	-675.743
530	106	-507.006	-222.007	-729.013
531	106.2	-476.01	-205.692	-681.702
532	106.4	-639.821	-229.389	-869.21
533	106.6	-669.958	-238.836	-908.793
534	106.8	-564.92	-215.848	-780.768
535	107	-571.158	-206.559	-777.717
536	107.2	-576.769	-215.739	-792.509
537	107.4	-615.26	-208.484	-823.744
538	107.6	-523.737	-227.844	-751.581
539	107.8	-539.086	-201.84	-740.926
540	108	-483.327	-200.27	-683.597
541	108.2	-525.135	-207.504	-732.639
542	108.4	-556.062	-204.773	-760.835
543	108.6	-511.353	-208.195	-719.548
544	108.8	-552.44	-208.499	-760.94
545	109	-498.707	-216.721	-715.428
546	109.2	-532.039	-192.81	-724.85
547	109.4	-508.935	-208.792	-717.728
548	109.6	-531.033	-214.033	-745.067
549	109.8	-460.656	-213.55	-674.206
550	110	-458.857	-209.181	-668.038
551	110.2	-482.565	-212.861	-695.426
552	110.4	-491.383	-213.867	-705.25
553	110.6	-520.298	-227.496	-747.794
554	110.8	-563.522	-205.879	-769.401
555	111	-521.884	-217.398	-739.282
556	111.2	-470.617	-219.111	-689.729
557	111.4	-390.712	-205.569	-596.281
558	111.6	-476.14	-214.757	-690.897
559	111.8	-488.099	-208.669	-696.768
560	112	-415.69	-216.626	-632.316
561	112.2	-414.514	-213.265	-627.78
562	112.4	-419.816	-211.674	-631.49
563	112.6	-451.6	-221.447	-673.047
564	112.8	-417.739	-204.717	-622.456
565	113	-451.184	-205.034	-656.218
566	113.2	-468.729	-214.503	-683.232
567	113.4	-420.465	-214.711	-635.176
568	113.6	-495.008	-213.329	-708.337
569	113.8	-454.668	-212.015	-666.683
570	114	-475.767	-237.953	-713.72
571	114.2	-521.49	-218.619	-740.109
572	114.4	-481.933	-201.139	-683.071
573	114.6	-430.003	-213.701	-643.704
574	114.8	-467.706	-231.876	-699.582
575	115	-477.178	-217.648	-694.827
576	115.2	-504.38	-207.499	-711.879
577	115.4	-510.815	-219.062	-729.877
578	115.6	-562.005	-214.437	-776.441
579	115.8	-506.848	-230.246	-737.094
580	116	-501.132	-218.726	-719.858
581	116.2	-490.469	-223.075	-713.544
582	116.4	-536.792	-199.952	-736.744
583	116.6	-445.54	-207.467	-653.007
584	116.8	-410.626	-213.743	-624.37
585	117	-435.599	-212.801	-648.4
586	117.2	-510.104	-199.86	-709.964
587	117.4	-542.985	-207.053	-750.038
588	117.6	-507.35	-199.33	-706.68
589	117.8	-469.865	-207.478	-677.343
590	118	-433.289	-195.644	-628.933
591	118.2	-485.925	-203.902	-689.827
592	118.4	-437.755	-201.858	-639.613
593	118.6	-489.763	-212.262	-702.025
594	118.8	-503.112	-210.944	-714.056
595	119	-517.115	-214.416	-731.53
596	119.2	-497.884	-202.801	-700.685
597	119.4	-448.925	-212.551	-661.476
598	119.6	-574.641	-204.502	-779.143
599	119.8	-515.308	-214.928	-730.236
600	120	-525.519	-209.209	-734.727
601	120.2	-532.06	-220.909	-752.969
602	120.4	-519.563	-221.856	-741.419
603	120.6	-515.801	-220.939	-736.74
604	120.8	-433.387	-221.666	-655.053
605	121	-496.645	-221.956	-718.601
606	121.2	-523.207	-213.04	-736.247
607	121.4	-441.214	-201.083	-642.298
608	121.6	-445.452	-194.804	-640.255
609	121.8	-561.374	-211.063	-772.437
610	122	-517.369	-226.718	-744.087
611	122.2	-532.552	-205.548	-738.101
612	122.4	-491.479	-202.364	-693.843
613	122.6	-503.071	-208.39	-711.46
614	122.8	-383.376	-201.637	-585.013
615	123	-348.906	-190.379	-539.285
616	123.2	-535.881	-183.512	-719.393
617	123.4	-544.627	-202.802	-747.43
618	123.6	-545.061	-199.768	-744.828
619	123.8	-598.042	-205.638	-803.681
620	124	-585.846	-224.745	-810.591
621	124.2	-580.625	-199.508	-780.133
622	124.4	-596.709	-203.567	-800.277
623	124.6	-491.823	-212.1	-703.923
624	124.8	-566.531	-214.821	-781.352
625	125	-482.149	-196.061	-678.21
626	125.2	-527.121	-190.014	-717.135
627	125.4	-552.73	-206.873	-759.602
628	125.6	-491.93	-204.972	-696.902
629	125.8	-525.292	-219.193	-744.485
630	126	-472.914	-209.602	-682.516
631	126.2	-534.451	-213.625	-748.076
632	126.4	-516.097	-193.761	-709.858
633	126.6	-510.039	-194.479	-704.518
634	126.8	-490.539	-198.314	-688.853
635	127	-479.745	-210.505	-690.25
636	127.2	-586.876	-209.845	-796.72
637	127.4	-554.288	-207.674	-761.962
638	127.6	-488.439	-224.841	-713.28
639	127.8	-567.378	-208.196	-775.573
640	128	-541.894	-201.056	-742.95
641	128.2	-600.767	-215.41	-816.176
642	128.4	-525.4	-216.583	-741.982
643	128.6	-619.901	-208.81	-828.711
644	128.8	-535.006	-198.346	-733.352
645	129	-536.755	-206.355	-743.111
646	129.2	-510.844	-195.66	-706.505
647	129.4	-486.16	-199.901	-686.061
648	129.6	-455.199	-204.335	-659.534
649	129.8	-486.967	-200.212	-687.178
650	130	-415.768	-199.608	-615.376
651	130.2	-335.762	-208.02	-543.782
652	130.4	-391.915	-180.927	-572.841
653	130.6	-365.365	-204.406	-569.771
654	130.8	-390.539	-182.659	-573.198
655	131	-382.443	-202.786	-585.23
656	131.2	-431.684	-201.527	-633.211
657	131.4	-404.849	-194.262	-599.11
658	131.6	-434.959	-203.302	-638.261
659	131.8	-414.354	-203.351	-617.705
660	132	-540.303	-193.859	-734.162
661	132.2	-465.687	-180.502	-646.189
662	132.4	-413.047	-203.734	-616.781
663	132.6	-401.965	-208.064	-610.029
664	132.8	-458.017	-200.62	-658.637
665	133	-488.545	-190.548	-679.093
666	133.2	-390.705	-191.805	-582.51
667	133.4	-417.12	-192.67	-609.789
668	133.6	-469.627	-217.892	-687.519
669	133.8	-486.819	-205.256	-692.075
670	134	-586.829	-202.684	-789.513
671	134.2	-493.731	-205.724	-699.455
672	134.4	-449.92	-197.252	-647.172
673	134.6	-457.1	-196.654	-653.754
674	134.8	-493.969	-183.429	-677.397
675	135	-485.355	-187.539	-672.894
676	135.2	-501.075	-196.729	-697.804
677	135.4	-520.369	-225.076	-745.444
678	135.6	-573.938	-190.447	-764.385
679	135.8	-486.528	-179.279	-665.807
680	136	-494.851	-184.158	-679.008
681	136.2	-454.185	-194.603	-648.788
682	136.4	-387.231	-200.335	-587.567
683	136.6	-480.125	-194.866	-674.991
684	136.8	-438.093	-187.783	-625.875
685	137	-493.533	-185.915	-679.448
686	137.2	-435.349	-199.903	-635.251
687	137.4	-356.253	-192.26	-548.513
688	137.6	-339.774	-188.681	-528.455
689	137.8	-372.413	-196.769	-569.183
690	138	-488.083	-193.36	-681.443
691	138.2	-427.423	-185.332	-612.754
692	138.4	-401.155	-195.624	-596.779
693	138.6	-382.875	-190.123	-572.999
694	138.8	-412.682	-197.356	-610.037
695	139	-411.62	-198.218	-609.838
696	139.2	-391.315	-186.361	-577.676
697	139.4	-408.313	-201.719	-610.032
698	139.6	-509.461	-198.012	-707.473
699	139.8	-462.078	-201.559	-663.637
700	140	-411.931	-179.231	-591.162
701	140.2	-508.323	-194.452	-702.776
702	140.4	-456.022	-194.545	-650.566
703	140.6	-493.629	-201.078	-694.706
704	140.8	-486.718	-196.547	-683.265
705	141	-422.626	-202.806	-625.432
706	141.2	-471.251	-196.285	-667.536
707	141.4	-517.744	-191.268	-709.011
708	141.6	-447.442	-194.387	-641.829
709	141.8	-509.526	-201.078	-710.604
710	142	-517.125	-202.137	-719.262
711	142.2	-519.563	-197.561	-717.124
712	142.4	-590.195	-187.445	-777.64
713	142.6	-598.653	-192.339	-790.992
714	142.8	-545.546	-192.255	-737.801
715	143	-631.683	-196.61	-828.293
716	143.2	-594.651	-191.092	-785.743
717	143.4	-548.654	-186.155	-734.81
718	143.6	-474.983	-200.978	-675.962
719	143.8	-501.542	-196.135	-697.677
720	144	-628.149	-186.575	-814.725
721	144.2	-533.174	-187.269	-720.443
722	144.4	-455.178	-194.821	-649.999
723	144.6	-503.468	-209.276	-712.744
724	144.8	-397.428	-200.176	-597.604
725	145	-472.159	-210.369	-682.527
726	145.2	-497.406	-215.435	-712.842
727	145.4	-504.774	-211.285	-716.059
728	145.6	-475.425	-191.945	-667.37
729	145.8	-429.502	-195.844	-625.345
730	146	-425.075	-202.975	-628.05
731	146.2	-521.317	-207.877	-729.194
732	146.4	-479.578	-205.863	-685.442
733	146.6	-514.047	-190.618	-704.665
734	146.8	-493.276	-200.384	-693.661
735	147	-533.86	-187.619	-721.479
736	147.2	-537.564	-203.855	-741.419
737	147.4	-510.067	-201.801	-711.867
738	147.6	-427.727	-206.12	-633.847
739	147.8	-620.048	-209.684	-829.732
740	148	-553.084	-200.046	-753.13
741	148.2	-573.867	-213.147	-787.014
742	148.4	-585.831	-205.443	-791.274
743	148.6	-476.685	-205.775	-682.46
744	148.8	-499.553	-216.638	-716.191
745	149	-529.956	-208.078	-738.035
746	149.2	-560.978	-230.429	-791.407
747	149.4	-405.953	-220.493	-626.446
748	149.6	-409.736	-195.723	-605.459
749	149.8	-372.402	-216.954	-589.356
750	150	-512.312	-214.282	-726.594
751	150.2	-623.591	-228.218	-851.809
752	150.4	-470.002	-227.828	-697.83
753	150.6	-552.693	-213.143	-765.836
754	150.8	-609.746	-202.815	-812.561
755	151	-633.8	-211.428	-845.228
756	151.2	-460.89	-231.582	-692.473
757	151.4	-582.36	-213.022	-795.383
758	151.6	-534.587	-209.989	-744.576
759	151.8	-513.523	-206.118	-719.64
760	152	-533.939	-199.956	-733.895
761	152.2	-612.894	-224.662	-837.556
762	152.4	-603.759	-232.313	-836.072
763	152.6	-580.223	-213.9	-794.123
764	152.8	-613.418	-202.097	-815.515
765	153	-537.835	-216.205	-754.041
766	153.2	-563.141	-218.135	-781.276
767	153.4	-587.481	-222.141	-809.622
768	153.6	-597.558	-228.556	-826.114
769	153.8	-554.623	-221.685	-776.308
770	154	-603.848	-229.311	-833.159
771	154.2	-600.999	-228.942	-829.941
772	154.4	-500.449	-215.324	-715.773
773	154.6	-572.985	-260.818	-833.802
774	154.8	-610.356	-236.436	-846.792
775	155	-526.491	-237.47	-763.961
776	155.2	-532.686	-238.023	-770.709
777	155.4	-559.594	-236.421	-796.015
778	155.6	-411.843	-231.224	-643.068
779	155.8	-459.486	-210.591	-670.076
780	156	-466.457	-239.803	-706.26
781	156.2	-521.048	-233.419	-754.467
782	156.4	-522.23	-225.47	-747.7
783	156.6	-517.894	-221.757	-739.651
784	156.8	-474.323	-214.616	-688.939
785	157	-545.838	-223.134	-768.973
786	157.2	-541.968	-232.888	-774.856
787	157.4	-466.05	-222.411	-688.461
788	157.6	-523.146	-220.558	-743.704
789	157.8	-510.154	-222.004	-732.158
790	158	-459.655	-202.45	-662.105
791	158.2	-457.263	-213.28	-670.543
792	158.4	-536.858	-227.588	-764.446
793	158.6	-392.358	-215.412	-607.77
794	158.8	-444.497	-236.356	-680.853
795	159	-549.586	-224.741	-774.327
796	159.2	-580.292	-207.971	-788.263
797	159.4	-530.615	-209.304	-739.919
798	159.6	-485.466	-224.094	-709.56
799	159.8	-496.414	-212.841	-709.255
800	160	-420.849	-202.206	-623.054
801	160.2	-390.208	-224.895	-615.103
802	160.4	-496.724	-207.57	-704.293
803	160.6	-458.846	-220.146	-678.992
804	160.8	-432.518	-208.288	-640.806
805	161	-568.564	-222.078	-790.641
806	161.2	-524.354	-206.619	-730.973
807	161.4	-516.749	-203.499	-720.248
808	161.6	-399.685	-197.479	-597.163
809	161.8	-329.603	-205.217	-534.821
810	162	-402.625	-198.813	-601.438
811	162.2	-516.352	-203.795	-720.147
812	162.4	-485.234	-202.746	-687.981
813	162.6	-507.701	-223.28	-730.98
814	162.8	-568.15	-183.665	-751.814
815	163	-570.595	-219.326	-789.921
816	163.2	-599.353	-230.199	-829.553
817	163.4	-570.386	-206.485	-776.871
818	163.6	-467.234	-226.118	-693.353
819	163.8	-552.232	-213.821	-766.053
820	164	-436.753	-210.728	-647.481
821	164.2	-538.047	-208.912	-746.959
822	164.4	-519.648	-211.57	-731.219
823	164.6	-397.626	-199.057	-596.683
824	164.8	-406.758	-186.951	-593.71
825	165	-378.017	-183.363	-561.38
826	165.2	-370.897	-211.335	-582.232
827	165.4	-382.581	-204.589	-587.17
828	165.6	-443.244	-204.573	-647.817
829	165.8	-519.227	-211.098	-730.324
830	166	-380.216	-210.862	-591.078
831	166.2	-331.345	-222.595	-553.94
832	166.4	-351.92	-186.738	-538.658
833	166.6	-357.398	-198.717	-556.115
834	166.8	-363.56	-199.531	-563.092
835	167	-313.746	-216.503	-530.249
836	167.2	-376.969	-185.347	-562.316
837	167.4	-457.269	-205.353	-662.621
838	167.6	-428.884	-185.415	-614.298
839	167.8	-461.053	-189.559	-650.612
840	168	-420.658	-192.263	-612.92
841	168.2	-427.533	-184.987	-612.52
842	168.4	-367.971	-203.216	-571.187
843	168.6	-338.368	-198.148	-536.516
844	168.8	-458.905	-194.506	-653.411
845	169	-381.708	-179.614	-561.322
846	169.2	-400.988	-191.165	-592.153
847	169.4	-427.072	-203.81	-630.882
848	169.6	-383.55	-189.132	-572.682
849	169.8	-473.128	-201.598	-674.726
850	170	-516.436	-205.041	-721.477
851	170.2	-554.711	-204.184	-758.895
852	170.4	-415.726	-210.347	-626.073
853	170.6	-473.352	-205.977	-679.329
854	170.8	-520.705	-195.801	-716.507
855	171	-446.223	-195.814	-642.037
856	171.2	-550.518	-213.504	-764.022
857	171.4	-462.082	-219.935	-682.017
858	171.6	-540.72	-222.843	-763.563
859	171.8	-614.698	-234.245	-848.943
860	172	-584.715	-230.038	-814.753
861	172.2	-462.824	-219.906	-682.73
862	172.4	-600.114	-196.617	-796.731
863	172.6	-547.943	-222.69	-770.634
864	172.8	-403.134	-219.035	-622.168
865	173	-422.056	-212.005	-634.062
866	173.2	-478.565	-200.483	-679.048
867	173.4	-484.588	-206.033	-690.621
868	173.6	-406.081	-197.78	-603.861
869	173.8	-353.089	-194.299	-547.388
870	174	-443.239	-189.688	-632.926
871	174.2	-365.643	-197.726	-563.369
872	174.4	-459.99	-183.645	-643.634
873	174.6	-398.984	-191.522	-590.506
874	174.8	-408.664	-196.176	-604.84
875	175	-465.88	-188.871	-654.751
876	175.2	-436.147	-184.557	-620.703
877	175.4	-420.125	-187.389	-607.514
878	175.6	-343.962	-193.887	-537.85
879	175.8	-373.79	-183.192	-556.982
880	176	-414.99	-184.721	-599.711
881	176.2	-384.262	-188.696	-572.958
882	176.4	-553.627	-203.166	-756.793
883	176.6	-448.499	-182.802	-631.301
884	176.8	-328.229	-189.406	-517.635
885	177	-407.239	-189.626	-596.864
886	177.2	-377.813	-201.006	-578.819
887	177.4	-457.932	-195.096	-653.028
888	177.6	-457.517	-192.384	-649.9
889	177.8	-418.14	-213.491	-631.631
890	178	-449.519	-227.235	-676.754
891	178.2	-411.291	-216.576	-627.867
892	178.4	-425.593	-218.65	-644.243
893	178.6	-394.043	-206.832	-600.875
894	178.8	-376.407	-183.089	-559.496
895	179	-446.234	-179.736	-625.97
896	179.2	-382.355	-184.242	-566.597
897	179.4	-271.585	-188.126	-459.711
898	179.6	-381.009	-182.642	-563.651
899	179.8	-407.787	-207.986	-615.773
900	180	-495.891	-208.599	-704.49
901	180.2	-560.787	-205.641	-766.429
902	180.4	-587.912	-228.484	-816.396
903	180.6	-653.775	-219.375	-873.15
904	180.8	-502.221	-228.55	-730.771
905	181	-662.637	-225.405	-888.042
906	181.2	-640.089	-227.467	-867.555
907	181.4	-652.837	-244.211	-897.048
908	181.6	-695.312	-227.13	-922.442
909	181.8	-621.073	-215.513	-836.585
910	182	-631.92	-219.575	-851.495
911	182.2	-636.948	-235.594	-872.542
912	182.4	-613.902	-222.688	-836.59
913	182.6	-557.508	-219.434	-776.942
914	182.8	-509.816	-227.884	-737.7
915	183	-513.5	-215.027	-728.527
916	183.2	-443.544	-218.096	-661.64
917	183.4	-530.236	-214.841	-745.077
918	183.6	-537.51	-234.524	-772.034
919	183.8	-591.262	-221.557	-812.819
920	184	-523.361	-213.882	-737.243
921	184.2	-559.176	-224.405	-783.581
922	184.4	-512.684	-218.721	-731.405
923	184.6	-523.382	-202.093	-725.475
924	184.8	-443.473	-227.202	-670.674
925	185	-454.392	-210.276	-664.668
926	185.2	-452.791	-212.272	-665.063
927	185.4	-520.911	-218.911	-739.822
928	185.6	-535.485	-214.155	-749.641
929	185.8	-583.11	-225.325	-808.435
930	186	-474.715	-217.198	-691.913
931	186.2	-471.395	-202.959	-674.354
932	186.4	-493.317	-218.364	-711.682
933	186.6	-549.954	-218.886	-768.84
934	186.8	-487.827	-198.318	-686.144
935	187	-458.962	-200.958	-659.92
936	187.2	-496.336	-190.154	-686.49
937	187.4	-561.27	-196.769	-758.039
938	187.6	-580.683	-198.514	-779.197
939	187.8	-511.074	-195.954	-707.028
940	188	-593.018	-212.046	-805.064
941	188.2	-648.53	-211.259	-859.789
942	188.4	-613.394	-199.168	-812.562
943	188.6	-506.851	-198.636	-705.486
944	188.8	-571.194	-211.702	-782.896
945	189	-495.623	-216.651	-712.274
946	189.2	-540.393	-187.284	-727.677
947	189.4	-479.88	-207.581	-687.461
948	189.6	-543.194	-208.977	-752.171
949	189.8	-537.567	-203.253	-740.82
950	190	-451.811	-202.605	-654.416
951	190.2	-493.498	-193.574	-687.072
952	190.4	-517.166	-214.72	-731.885
953	190.6	-487.306	-199.013	-686.319
954	190.8	-495.503	-207.456	-702.959
955	191	-481.487	-205.171	-686.658
956	191.2	-426.079	-210.83	-636.909
957	191.4	-491.883	-211.988	-703.87
958	191.6	-477.132	-208.583	-685.715
959	191.8	-460.754	-208.903	-669.657
960	192	-469.307	-203.398	-672.704
961	192.2	-481.981	-203.09	-685.071
962	192.4	-572.219	-206.286	-778.505
963	192.6	-506.005	-219.541	-725.545
964	192.8	-402.811	-222.568	-625.379
965	193	-376.91	-213.577	-590.486
966	193.2	-397.92	-204.51	-602.43
967	193.4	-445.593	-213.836	-659.429
968	193.6	-394.588	-206.381	-600.969
969	193.8	-439.185	-194.517	-633.702
970	194	-328.154	-199.652	-527.807
971	194.2	-330.466	-186.456	-516.922
972	194.4	-369.382	-197.795	-567.177
973	194.6	-392.373	-200.545	-592.918
974	194.8	-388.589	-209.181	-597.769
975	195	-388.191	-199.391	-587.581
976	195.2	-355.856	-209.888	-565.745
977	195.4	-264.119	-202.427	-466.546
978	195.6	-391.02	-194.551	-585.571
979	195.8	-321.972	-194.747	-516.718
980	196	-389.764	-198.798	-588.563
981	196.2	-460.219	-219.512	-679.731
982	196.4	-453.532	-223.956	-677.488
983	196.6	-497.2	-217.55	-714.75
984	196.8	-489.226	-201.415	-690.64
985	197	-539.863	-205.683	-745.545
986	197.2	-448.594	-202.077	-650.67
987	197.4	-477.89	-207.87	-685.76
988	197.6	-525.666	-206.883	-732.548
989	197.8	-397.829	-203.847	-601.676
990	198	-374.69	-194.076	-568.766
991	198.2	-353.857	-203.36	-557.217
992	198.4	-419.967	-210.647	-630.613
993	198.6	-363.618	-199.479	-563.097
994	198.8	-447.608	-199.158	-646.766
995	199	-447.956	-202.87	-650.826
996	199.2	-317.965	-204.741	-522.706
997	199.4	-378.135	-193.956	-572.09
998	199.6	-430.873	-216.819	-647.692
999	199.8	-462.2	-199.843	-662.043
1000	200	-502.206	-222.764	-724.97
1001	200.2	-490.824	-196.863	-687.687
1002	200.4	-441.397	-193.176	-634.573
1003	200.6	-465.911	-199.54	-665.451
1004	200.8	-423.967	-192.097	-616.063
1005	201	-398.136	-204.149	-602.285
1006	201.2	-437.657	-185.507	-623.164
1007	201.4	-385.68	-208.032	-593.712
1008	201.6	-316.628	-209.823	-526.452
1009	201.8	-394.381	-204.029	-598.41
1010	202	-455.467	-202.988	-658.455
1011	202.2	-433.323	-218.415	-651.738
1012	202.4	-470.741	-197.644	-668.385
1013	202.6	-355.193	-206.042	-561.235
1014	202.8	-293.715	-184.638	-478.352
1015	203	-422.361	-193.987	-616.348
1016	203.2	-371.026	-199.869	-570.894
1017	203.4	-442.449	-181.663	-624.113
1018	203.6	-381.87	-181.201	-563.072
1019	203.8	-368.069	-190.012	-558.081
1020	204	-471.464	-205.504	-676.967
1021	204.2	-466.931	-202.692	-669.624
1022	204.4	-437.601	-190.463	-628.064
1023	204.6	-460.449	-193.547	-653.996
1024	204.8	-393.901	-197.812	-591.713
1025	205	-420.245	-213.136	-633.38
1026	205.2	-397.829	-196.468	-594.297
1027	205.4	-467.729	-201.84	-669.569
1028	205.6	-429.754	-200.042	-629.796
1029	205.8	-470.227	-210.733	-680.961
1030	206	-377.654	-215.413	-593.066
1031	206.2	-350.862	-216.594	-567.456
1032	206.4	-372.404	-213.773	-586.177
1033	206.6	-459.699	-211.992	-671.692
1034	206.8	-369.007	-217.569	-586.576
1035	207	-534.546	-195.134	-729.681
1036	207.2	-470.622	-210.445	-681.067
1037	207.4	-446.559	-215.313	-661.871
1038	207.6	-429.232	-224.846	-654.079
1039	207.8	-416.759	-215.749	-632.508
1040	208	-423.723	-211.767	-635.49
1041	208.2	-410.565	-195.384	-605.949
1042	208.4	-359.451	-176.15	-535.6
1043	208.6	-401.383	-215.933	-617.316
1044	208.8	-487.913	-198.819	-686.732
1045	209	-451.404	-219.789	-671.192
1046	209.2	-388.161	-224.105	-612.266
1047	209.4	-449.619	-214.526	-664.145
1048	209.6	-398.274	-218.727	-617.001
1049	209.8	-543.004	-205.244	-748.248
1050	210	-497.7	-200.488	-698.187
1051	210.2	-430.877	-196.879	-627.755
1052	210.4	-339.431	-199.57	-539.001
1053	210.6	-505.004	-198.519	-703.523
1054	210.8	-426.486	-197.793	-624.279
1055	211	-421.558	-209.139	-630.698
1056	211.2	-468.121	-211.173	-679.293
1057	211.4	-461.961	-210.826	-672.787
1058	211.6	-459.344	-204.608	-663.952
1059	211.8	-496.056	-218.299	-714.355
1060	212	-439.288	-209.865	-649.153
1061	212.2	-371.756	-207.393	-579.149
1062	212.4	-409.036	-205.549	-614.584
1063	212.6	-415.987	-225.976	-641.963
1064	212.8	-469.915	-213.698	-683.613
1065	213	-472.155	-210.779	-682.935
1066	213.2	-347.739	-216.013	-563.752
1067	213.4	-384.146	-219.671	-603.818
1068	213.6	-388.514	-217.446	-605.96
1069	213.8	-404.616	-190.395	-595.01
1070	214	-437.048	-202.915	-639.962
1071	214.2	-381.078	-206.717	-587.794
1072	214.4	-388.417	-195.513	-583.929
1073	214.6	-383.194	-203.839	-587.034
1074	214.8	-425.616	-211.129	-636.744
1075	215	-382.036	-207.137	-589.173
1076	215.2	-376.669	-209.862	-586.531
1077	215.4	-480.048	-210.85	-690.898
1078	215.6	-417.577	-185.441	-603.018
1079	215.8	-358.382	-201.435	-559.817
1080	216	-285.749	-201.562	-487.31
1081	216.2	-294.248	-184.528	-478.776
1082	216.4	-383.352	-200.683	-584.035
1083	216.6	-364.787	-194.027	-558.814
1084	216.8	-473.202	-183.733	-656.935
1085	217	-473.275	-186.027	-659.302
1086	217.2	-467.269	-196.963	-664.232
1087	217.4	-469.694	-189.66	-659.354
1088	217.6	-398.7	-200.857	-599.557
1089	217.8	-442.985	-206.077	-649.062
1090	218	-460.453	-206.683	-667.136
1091	218.2	-360.184	-211.254	-571.438
1092	218.4	-488.453	-211.34	-699.794
1093	218.6	-418.618	-194.353	-612.972
1094	218.8	-421.026	-193.636	-614.662
1095	219	-433.61	-187.624	-621.234
1096	219.2	-365.28	-196.98	-562.26
1097	219.4	-364.587	-209.195	-573.782
1098	219.6	-430.903	-200.554	-631.457
1099	219.8	-448.81	-214.562	-663.372
1100	220	-443.212	-203.36	-646.572
1101	220.2	-413.178	-204.426	-617.604
1102	220.4	-348.215	-195.327	-543.543
1103	220.6	-444.423	-201.477	-645.901
1104	220.8	-470.316	-190.671	-660.987
1105	221	-453.293	-207.012	-660.305
1106	221.2	-384.835	-199.349	-584.184
1107	221.4	-354.439	-194.825	-549.265
1108	221.6	-311.238	-201.084	-512.322
1109	221.8	-429.91	-219.173	-649.082
1110	222	-466.832	-209.75	-676.582
1111	222.2	-395.242	-200.988	-596.23
1112	222.4	-396.506	-201.688	-598.194
1113	222.6	-418.772	-205.257	-624.029
1114	222.8	-383.796	-207.078	-590.874
1115	223	-402.824	-200.402	-603.226
1116	223.2	-395.596	-195.515	-591.111
1117	223.4	-362.061	-205.435	-567.496
1118	223.6	-516.837	-209.864	-726.701
1119	223.8	-433.637	-203.294	-636.931
1120	224	-477.242	-209.115	-686.357
1121	224.2	-452.943	-210.584	-663.527
1122	224.4	-557.878	-209.766	-767.644
1123	224.6	-510.094	-212.219	-722.313
1124	224.8	-488.32	-212.471	-700.791
1125	225	-426.274	-218.077	-644.351
1126	225.2	-489.011	-196.69	-685.701
1127	225.4	-385.297	-205.562	-590.859
1128	225.6	-455.531	-208.513	-664.044
1129	225.8	-470.662	-183.805	-654.467
1130	226	-547.769	-193.991	-741.76
1131	226.2	-527.693	-206.434	-734.126
1132	226.4	-518.613	-206.156	-724.769
1133	226.6	-539.484	-191.265	-730.749
1134	226.8	-507.876	-192.158	-700.034
1135	227	-406.938	-183.641	-590.579
1136	227.2	-437.81	-207.763	-645.573
1137	227.4	-435.028	-206.444	-641.472
1138	227.6	-441.422	-199.228	-640.65
1139	227.8	-387.749	-216.875	-604.625
1140	228	-415.183	-193.003	-608.185
1141	228.2	-349.014	-207.623	-556.637
1142	228.4	-469.72	-208.608	-678.328
1143	228.6	-373.85	-212.057	-585.907
1144	228.8	-391.703	-212.382	-604.085
1145	229	-399.603	-211.869	-611.472
1146	229.2	-387.258	-210.978	-598.236
1147	229.4	-407.595	-214.78	-622.375
1148	229.6	-518.269	-201.695	-719.964
1149	229.8	-535.986	-211.026	-747.011
1150	230	-493.3	-214.451	-707.75
1151	230.2	-593.901	-205.917	-799.818
1152	230.4	-595.599	-216.979	-812.577
1153	230.6	-497.773	-232.868	-730.641
1154	230.8	-513.979	-201.28	-715.259
1155	231	-481.221	-177.897	-659.118
1156	231.2	-476.274	-202.569	-678.843
1157	231.4	-504.73	-197.376	-702.106
1158	231.6	-427.04	-208.852	-635.892
1159	231.8	-452.033	-212.266	-664.299
1160	232	-392.142	-177.367	-569.509
1161	232.2	-467.516	-200.419	-667.935
1162	232.4	-416.493	-205.781	-622.274
1163	232.6	-517.022	-214.222	-731.245
1164	232.8	-425.309	-203.611	-628.921
1165	233	-438.305	-188.893	-627.197
1166	233.2	-399.892	-197.088	-596.981
1167	233.4	-393.776	-207.702	-601.478
1168	233.6	-507.611	-196.245	-703.855
1169	233.8	-426.949	-197.616	-624.565
1170	234	-402.546	-201.615	-604.16
1171	234.2	-468.695	-198.191	-666.886
1172	234.4	-417.099	-206.31	-623.408
1173	234.6	-451.246	-203.871	-655.117
1174	234.8	-520.717	-207.944	-728.661
1175	235	-411.784	-223.982	-635.766
1176	235.2	-398.412	-189.143	-587.554
1177	235.4	-509.045	-193.419	-702.464
1178	235.6	-575.808	-203.082	-778.89
1179	235.8	-523.297	-218.771	-742.068
1180	236	-571.718	-218.033	-789.752
1181	236.2	-499.463	-214.766	-714.229
1182	236.4	-492.117	-217.221	-709.338
1183	236.6	-425.072	-213.248	-638.32
1184	236.8	-413.707	-203.762	-617.468
1185	237	-413.572	-193.354	-606.926
1186	237.2	-357.683	-202.316	-559.999
1187	237.4	-498.09	-197.207	-695.297
1188	237.6	-518.725	-203.855	-722.581
1189	237.8	-480.422	-188.644	-669.066
1190	238	-466.164	-198.563	-664.727
1191	238.2	-474.076	-193.667	-667.744
1192	238.4	-471.243	-200.076	-671.319
1193	238.6	-497.688	-212.651	-710.339
1194	238.8	-566.144	-197.006	-763.151
1195	239	-521.497	-204.073	-725.57
1196	239.2	-514.887	-200.972	-715.859
1197	239.4	-490.921	-193.815	-684.736
1198	239.6	-568.63	-202.955	-771.585
1199	239.8	-533.321	-203.568	-736.889
1200	240	-541.356	-206.914	-748.27
1201	240.2	-574.612	-198.58	-773.192
1202	240.4	-543.829	-199.953	-743.782
1203	240.6	-521.946	-205.681	-727.628
