Frame         Time          Elec          VdW           Nonbond       Total         
0             0             +0            +0            +0            +0            
1             1             +0            +0            +0            +0            
2             2             +0            +0            +0            +0            
3             3             +0            +0            +0            +0            
4             4             +0            +0            +0            +0            
5             5             +0            +0            +0            +0            
6             6             +0            +0            +0            +0            
7             7             +0            +0            +0            +0            
8             8             +0            +0            +0            +0            
9             9             +0            +0            +0            +0            
10            10            +0            +0            +0            +0            
11            11            +0            +0            +0            +0            
12            12            +0            +0            +0            +0            
13            13            +0            +0            +0            +0            
14            14            +0            +0            +0            +0            
15            15            +0            +0            +0            +0            
16            16            +0            +0            +0            +0            
17            17            +0            +0            +0            +0            
18            18            +0            +0            +0            +0            
19            19            +0            +0            +0            +0            
20            20            +0            +0            +0            +0            
21            21            +0            +0            +0            +0            
22            22            +0            +0            +0            +0            
23            23            +0            +0            +0            +0            
24            24            +0            +0            +0            +0            
25            25            +0            +0            +0            +0            
26            26            +0            +0            +0            +0            
27            27            +0            +0            +0            +0            
28            28            +0            +0            +0            +0            
29            29            +0            +0            +0            +0            
30            30            +0            +0            +0            +0            
31            31            +0            +0            +0            +0            
32            32            +0            +0            +0            +0            
33            33            +0            +0            +0            +0            
34            34            +0            +0            +0            +0            
35            35            +0            +0            +0            +0            
36            36            +0            +0            +0            +0            
37            37            +0            +0            +0            +0            
38            38            +0            +0            +0            +0            
39            39            +0            +0            +0            +0            
40            40            +0            +0            +0            +0            
41            41            +0            +0            +0            +0            
42            42            +0            +0            +0            +0            
43            43            +0            +0            +0            +0            
44            44            +0            +0            +0            +0            
45            45            +0            +0            +0            +0            
46            46            +0            +0            +0            +0            
47            47            +0            +0            +0            +0            
48            48            +0            +0            +0            +0            
49            49            +0            +0            +0            +0            
50            50            +0            +0            +0            +0            
51            51            +0            +0            +0            +0            
52            52            +0            +0            +0            +0            
53            53            +0            +0            +0            +0            
54            54            +0            +0            +0            +0            
55            55            +0            +0            +0            +0            
56            56            +0            +0            +0            +0            
57            57            +0            +0            +0            +0            
58            58            +0            +0            +0            +0            
59            59            +0            +0            +0            +0            
60            60            +0            +0            +0            +0            
61            61            +0            +0            +0            +0            
62            62            +0            +0            +0            +0            
63            63            +0            +0            +0            +0            
64            64            +0            +0            +0            +0            
65            65            +0            +0            +0            +0            
66            66            +0            +0            +0            +0            
67            67            +0            +0            +0            +0            
68            68            +0            +0            +0            +0            
69            69            +0            +0            +0            +0            
70            70            +0            +0            +0            +0            
71            71            +0            +0            +0            +0            
72            72            +0            +0            +0            +0            
73            73            +0            +0            +0            +0            
74            74            +0            +0            +0            +0            
75            75            +0            +0            +0            +0            
76            76            +0            +0            +0            +0            
77            77            +0            +0            +0            +0            
78            78            +0            +0            +0            +0            
79            79            +0            +0            +0            +0            
80            80            +0            +0            +0            +0            
81            81            +0            +0            +0            +0            
82            82            +0            +0            +0            +0            
83            83            +0            +0            +0            +0            
84            84            +0            +0            +0            +0            
85            85            +0            +0            +0            +0            
86            86            +0            +0            +0            +0            
87            87            +0            +0            +0            +0            
88            88            +0            +0            +0            +0            
89            89            +0            +0            +0            +0            
90            90            +0            +0            +0            +0            
91            91            +0            +0            +0            +0            
92            92            +0            +0            +0            +0            
93            93            +0            +0            +0            +0            
94            94            +0            +0            +0            +0            
95            95            +0            +0            +0            +0            
96            96            +0            +0            +0            +0            
97            97            +0            +0            +0            +0            
98            98            +0            +0            +0            +0            
99            99            +0            +0            +0            +0            
100           100           +0            +0            +0            +0            
101           101           +0            +0            +0            +0            
102           102           +0            +0            +0            +0            
103           103           +0            +0            +0            +0            
104           104           +0            +0            +0            +0            
105           105           +0            +0            +0            +0            
106           106           +0.7659       -0.0083       +0.7576       +0.7576       
107           107           +0.0362       -0            +0.0362       +0.0362       
108           108           -0.0092       -0            -0.0092       -0.0092       
109           109           +0            +0            +0            +0            
110           110           +0            +0            +0            +0            
111           111           +0            +0            +0            +0            
112           112           +0            +0            +0            +0            
113           113           +0            +0            +0            +0            
114           114           +0            +0            +0            +0            
115           115           +0            +0            +0            +0            
116           116           +0            +0            +0            +0            
117           117           +0            +0            +0            +0            
118           118           +0            +0            +0            +0            
119           119           +0            +0            +0            +0            
120           120           -0.4044       -0.0295       -0.4339       -0.4339       
121           121           -4.5595       -0.3703       -4.9298       -4.9298       
122           122           -5.211        -1.0583       -6.2693       -6.2693       
123           123           -4.4591       -0.9804       -5.4395       -5.4395       
124           124           +6.2686       -1.5849       +4.6837       +4.6837       
125           125           +0.1894       -1.5794       -1.39         -1.39         
126           126           -4.0566       -2.3234       -6.38         -6.38         
127           127           +2.1753       -1.0438       +1.1315       +1.1315       
128           128           -0.0604       -0.0389       -0.0993       -0.0993       
129           129           +2.6335       -0.0492       +2.5843       +2.5843       
130           130           +2.4274       -0.1549       +2.2725       +2.2725       
131           131           -6.3712       -1.7646       -8.1358       -8.1358       
132           132           -2.9098       -0.4667       -3.3765       -3.3765       
133           133           -9.2308       -1.9606       -11.1914      -11.1914      
134           134           +2.8274       -0.0426       +2.7848       +2.7848       
135           135           -1.3371       -0.0535       -1.3906       -1.3906       
136           136           +2.4045       -0.0823       +2.3222       +2.3222       
137           137           +1.6393       -0.0951       +1.5442       +1.5442       
138           138           -0.852        -0.0286       -0.8806       -0.8806       
139           139           -3.9976       -0.0877       -4.0853       -4.0853       
140           140           +1.0169       -0.198        +0.8189       +0.8189       
141           141           -9.6204       -1.902        -11.5224      -11.5224      
142           142           -4.1661       -1.5176       -5.6837       -5.6837       
143           143           +0.4655       -0.6516       -0.1861       -0.1861       
144           144           -6.0161       -0.2585       -6.2746       -6.2746       
145           145           -0.1915       -0.0599       -0.2514       -0.2514       
146           146           -1.1689       -0.0309       -1.1998       -1.1998       
147           147           -2.9436       -0.0316       -2.9752       -2.9752       
148           148           +0            +0            +0            +0            
149           149           +0.5971       -0.0004       +0.5967       +0.5967       
150           150           -1.0315       -0.0043       -1.0358       -1.0358       
151           151           -0.1046       -0.0004       -0.105        -0.105        
152           152           +0.4659       -0.0002       +0.4657       +0.4657       
153           153           -0.6853       -0.1382       -0.8235       -0.8235       
154           154           +3.7418       -2.6254       +1.1164       +1.1164       
155           155           +1.9072       -0.6367       +1.2705       +1.2705       
156           156           -0.2135       -0.0482       -0.2617       -0.2617       
157           157           +0.1439       -0.3683       -0.2244       -0.2244       
158           158           -2.1248       -0.2712       -2.396        -2.396        
159           159           +0.1457       -0.1392       +0.0065       +0.0065       
160           160           -1.5507       -0.0144       -1.5651       -1.5651       
161           161           +0.0645       -0            +0.0645       +0.0645       
162           162           +0.1527       -0.0001       +0.1526       +0.1526       
163           163           -0.401        -0.019        -0.42         -0.42         
164           164           +1.0168       -0.0045       +1.0123       +1.0123       
165           165           -0.6263       -0.0008       -0.6271       -0.6271       
166           166           -1.9541       -0.0389       -1.993        -1.993        
167           167           +2.1545       -0.0222       +2.1323       +2.1323       
168           168           -2.5016       -0.1126       -2.6142       -2.6142       
169           169           +1.5555       -0.1094       +1.4461       +1.4461       
170           170           -0.2066       -0.0195       -0.2261       -0.2261       
171           171           +0.8329       -0.1333       +0.6996       +0.6996       
172           172           -1.1354       -0.0015       -1.1369       -1.1369       
173           173           +0.2602       -0.0006       +0.2596       +0.2596       
174           174           +0.059        -0.0003       +0.0587       +0.0587       
175           175           -0.2793       -0.0019       -0.2812       -0.2812       
176           176           +0.0001       -0            +0.0001       +0.0001       
177           177           +0            +0            +0            +0            
178           178           +0            +0            +0            +0            
179           179           +0            +0            +0            +0            
180           180           +0            +0            +0            +0            
181           181           +0            +0            +0            +0            
182           182           +0            +0            +0            +0            
183           183           +0            +0            +0            +0            
184           184           +0            +0            +0            +0            
185           185           +0            +0            +0            +0            
186           186           +0            +0            +0            +0            
187           187           +0            +0            +0            +0            
188           188           +0            +0            +0            +0            
189           189           +0            +0            +0            +0            
190           190           +0            +0            +0            +0            
191           191           +0            +0            +0            +0            
192           192           +0            +0            +0            +0            
193           193           +0            +0            +0            +0            
194           194           +0            +0            +0            +0            
195           195           +0            +0            +0            +0            
196           196           +0            +0            +0            +0            
197           197           +0            +0            +0            +0            
198           198           +0            +0            +0            +0            
199           199           +0            +0            +0            +0            
200           200           +0            +0            +0            +0            
201           201           +0            +0            +0            +0            
202           202           +0            +0            +0            +0            
203           203           +0            +0            +0            +0            
204           204           +0            +0            +0            +0            
205           205           +0            +0            +0            +0            
206           206           +0            +0            +0            +0            
207           207           +0            +0            +0            +0            
208           208           +0            +0            +0            +0            
209           209           +0            +0            +0            +0            
210           210           +0            +0            +0            +0            
211           211           +0            +0            +0            +0            
212           212           +0            +0            +0            +0            
213           213           +0            +0            +0            +0            
214           214           +0            +0            +0            +0            
215           215           +0            +0            +0            +0            
216           216           +0            +0            +0            +0            
217           217           +0            +0            +0            +0            
218           218           +0            +0            +0            +0            
219           219           +0            +0            +0            +0            
220           220           +0            +0            +0            +0            
221           221           +0            +0            +0            +0            
222           222           +0            +0            +0            +0            
223           223           +0            +0            +0            +0            
224           224           +0            +0            +0            +0            
225           225           +0            +0            +0            +0            
226           226           +0            +0            +0            +0            
227           227           +0            +0            +0            +0            
228           228           +0            +0            +0            +0            
229           229           +0            +0            +0            +0            
230           230           +0            +0            +0            +0            
231           231           +0            +0            +0            +0            
232           232           +0            +0            +0            +0            
233           233           +0            +0            +0            +0            
234           234           +0            +0            +0            +0            
235           235           +0            +0            +0            +0            
236           236           +0            +0            +0            +0            
237           237           +0            +0            +0            +0            
238           238           +0            +0            +0            +0            
239           239           +0            +0            +0            +0            
240           240           +0            +0            +0            +0            
241           241           +0            +0            +0            +0            
242           242           +0            +0            +0            +0            
243           243           +0            +0            +0            +0            
244           244           -0.0011       -0            -0.0011       -0.0011       
245           245           +0            +0            +0            +0            
246           246           +0            +0            +0            +0            
247           247           +0            +0            +0            +0            
248           248           +0            +0            +0            +0            
249           249           +0            +0            +0            +0            
250           250           +0            +0            +0            +0            
251           251           +0.0044       -0            +0.0044       +0.0044       
252           252           -0.2245       -0.0001       -0.2246       -0.2246       
253           253           -1.6661       -0.0125       -1.6786       -1.6786       
254           254           -0.0117       -0            -0.0117       -0.0117       
255           255           +0            +0            +0            +0            
256           256           +0            +0            +0            +0            
257           257           +0            +0            +0            +0            
258           258           +0            +0            +0            +0            
259           259           +0            +0            +0            +0            
260           260           +0            +0            +0            +0            
261           261           +0            +0            +0            +0            
262           262           +0            +0            +0            +0            
263           263           +0            +0            +0            +0            
264           264           +0            +0            +0            +0            
265           265           +0            +0            +0            +0            
266           266           +0            +0            +0            +0            
267           267           +0            +0            +0            +0            
268           268           +0.0128       -0            +0.0128       +0.0128       
269           269           +0            +0            +0            +0            
270           270           +0            +0            +0            +0            
271           271           +0            +0            +0            +0            
272           272           +0            +0            +0            +0            
273           273           +0            +0            +0            +0            
274           274           +0            +0            +0            +0            
275           275           +0            +0            +0            +0            
276           276           +0            +0            +0            +0            
277           277           +0            +0            +0            +0            
278           278           +0            +0            +0            +0            
279           279           +0            +0            +0            +0            
280           280           +0            +0            +0            +0            
281           281           +0            +0            +0            +0            
282           282           +0            +0            +0            +0            
283           283           +0            +0            +0            +0            
284           284           +0            +0            +0            +0            
285           285           +0            +0            +0            +0            
286           286           +0            +0            +0            +0            
287           287           +0            +0            +0            +0            
288           288           +0            +0            +0            +0            
289           289           +0            +0            +0            +0            
290           290           +0            +0            +0            +0            
291           291           +0            +0            +0            +0            
292           292           +0            +0            +0            +0            
293           293           +0            +0            +0            +0            
294           294           +0            +0            +0            +0            
295           295           +0            +0            +0            +0            
296           296           +0            +0            +0            +0            
297           297           +0            +0            +0            +0            
298           298           +0            +0            +0            +0            
299           299           +0            +0            +0            +0            
300           300           +0            +0            +0            +0            
301           301           +0            +0            +0            +0            
302           302           +0            +0            +0            +0            
303           303           +0.1282       -0            +0.1282       +0.1282       
304           304           +0            +0            +0            +0            
305           305           +0.0107       -0            +0.0107       +0.0107       
306           306           +0.1436       -0.0006       +0.143        +0.143        
307           307           +0.0085       -0            +0.0085       +0.0085       
308           308           +0.0522       -0.0227       +0.0295       +0.0295       
309           309           -3.801        -2.8138       -6.6148       -6.6148       
310           310           +5.5924       -1.8665       +3.7259       +3.7259       
311           311           +4.7216       -0.4689       +4.2527       +4.2527       
312           312           -1.2246       -0.0249       -1.2495       -1.2495       
313           313           -2.9789       -0.0951       -3.074        -3.074        
314           314           +0.4274       -0.0231       +0.4043       +0.4043       
315           315           -0.9763       -0.0678       -1.0441       -1.0441       
316           316           -0.0099       -0.0007       -0.0106       -0.0106       
317           317           +0.4341       -0.0062       +0.4279       +0.4279       
318           318           +0.3802       -0.0024       +0.3778       +0.3778       
319           319           -1.0384       -0.0047       -1.0431       -1.0431       
320           320           -0.1599       -0.0085       -0.1684       -0.1684       
321           321           -1.0506       -0.0042       -1.0548       -1.0548       
322           322           +0.0121       -0            +0.0121       +0.0121       
323           323           +0.0004       -0            +0.0004       +0.0004       
324           324           +0            +0            +0            +0            
325           325           -0.0375       -0            -0.0375       -0.0375       
326           326           +0            +0            +0            +0            
327           327           +0            +0            +0            +0            
328           328           +0            +0            +0            +0            
329           329           +0            +0            +0            +0            
330           330           +0            +0            +0            +0            
331           331           -1.8263       -0.0221       -1.8484       -1.8484       
332           332           -3.452        -0.1434       -3.5954       -3.5954       
333           333           -1.1314       -0.0103       -1.1417       -1.1417       
334           334           -0.5965       -0.0269       -0.6234       -0.6234       
335           335           +0.2321       -0.0008       +0.2313       +0.2313       
336           336           -0.2231       -0.0004       -0.2235       -0.2235       
337           337           +2.0412       -0.1034       +1.9378       +1.9378       
338           338           +3.2227       -0.329        +2.8937       +2.8937       
339           339           +1.8891       -0.7636       +1.1255       +1.1255       
340           340           -6.9775       -0.2106       -7.1881       -7.1881       
341           341           +2.7791       -0.2087       +2.5704       +2.5704       
342           342           -0.3842       -0.1153       -0.4995       -0.4995       
343           343           -0.7725       -0.0633       -0.8358       -0.8358       
344           344           +1.3819       -0.057        +1.3249       +1.3249       
345           345           -0.0135       -0.1629       -0.1764       -0.1764       
346           346           -4.3856       -1.4147       -5.8003       -5.8003       
347           347           -7.5192       -3.0746       -10.5938      -10.5938      
348           348           -1.6531       -4.3883       -6.0414       -6.0414       
349           349           +3.8479       -1.3154       +2.5325       +2.5325       
350           350           -6.1332       -2.7297       -8.8629       -8.8629       
351           351           -11.0638      -2.4899       -13.5537      -13.5537      
352           352           +3.5129       -1.4619       +2.051        +2.051        
353           353           -1.3039       -2.8393       -4.1432       -4.1432       
354           354           +4.1724       -1.8959       +2.2765       +2.2765       
355           355           -9.7812       -3.1199       -12.9011      -12.9011      
356           356           -25.5972      -3.3772       -28.9744      -28.9744      
357           357           -7.2203       -3.4319       -10.6522      -10.6522      
358           358           -39.1114      -3.8517       -42.9631      -42.9631      
359           359           -18.8128      -4.3142       -23.127       -23.127       
360           360           -24.3904      -5.1657       -29.5561      -29.5561      
361           361           -4.2633       -6.065        -10.3283      -10.3283      
362           362           -2.5628       -5.9575       -8.5203       -8.5203       
363           363           -0.3861       -4.4552       -4.8413       -4.8413       
364           364           -3.3865       -6.0359       -9.4224       -9.4224       
365           365           -2.6183       -5.2755       -7.8938       -7.8938       
366           366           -10.5938      -3.1215       -13.7153      -13.7153      
367           367           -0.8254       -5.6528       -6.4782       -6.4782       
368           368           +12.4739      -1.9755       +10.4984      +10.4984      
369           369           +19.37        -5.0316       +14.3384      +14.3384      
370           370           +4.5262       -4.8425       -0.3163       -0.3163       
371           371           +18.8956      -6.0061       +12.8895      +12.8895      
372           372           +6.1843       -4.1346       +2.0497       +2.0497       
373           373           +10.6991      -4.3721       +6.327        +6.327        
374           374           +13.3437      -5.9045       +7.4392       +7.4392       
375           375           +10.6335      -4.824        +5.8095       +5.8095       
376           376           +1.8085       -3.0686       -1.2601       -1.2601       
377           377           +13.3461      -4.5371       +8.809        +8.809        
378           378           +12.2921      -3.1884       +9.1037       +9.1037       
379           379           +6.0517       -3.0554       +2.9963       +2.9963       
380           380           +7.0205       -2.342        +4.6785       +4.6785       
381           381           -3.0937       -0.6891       -3.7828       -3.7828       
382           382           -0.6474       -3.1298       -3.7772       -3.7772       
383           383           +9.8562       -2.774        +7.0822       +7.0822       
384           384           +0.8889       -2.8483       -1.9594       -1.9594       
385           385           -14.1369      -2.121        -16.2579      -16.2579      
386           386           -8.7928       -2.1171       -10.9099      -10.9099      
387           387           -11.3668      -3.4769       -14.8437      -14.8437      
388           388           -7.5851       -2.1867       -9.7718       -9.7718       
389           389           -1.2439       -1.0783       -2.3222       -2.3222       
390           390           -0.3798       -2.9084       -3.2882       -3.2882       
391           391           +3.8305       -3.1064       +0.7241       +0.7241       
392           392           -7.3976       -2.6705       -10.0681      -10.0681      
393           393           -6.5827       -2.2963       -8.879        -8.879        
394           394           +1.1763       -1.6487       -0.4724       -0.4724       
395           395           -0.2283       -2.4555       -2.6838       -2.6838       
396           396           -7.4625       -1.9738       -9.4363       -9.4363       
397           397           -6.2325       -2.036        -8.2685       -8.2685       
398           398           -20.8316      -3.965        -24.7966      -24.7966      
399           399           -22.5319      -5.6591       -28.191       -28.191       
400           400           -33.4197      -9.1404       -42.5601      -42.5601      
