Frame         Time          Elec          VdW           Nonbond       Total         
0             0             -2.7322       -2.3129       -5.0451       -5.0451       
1             1             -11.6845      -2.6436       -14.3281      -14.3281      
2             2             -4.5951       -4.5134       -9.1085       -9.1085       
3             3             -10.7235      -5.0628       -15.7863      -15.7863      
4             4             -7.0314       -5.4276       -12.459       -12.459       
5             5             -9.8656       -4.2515       -14.1171      -14.1171      
6             6             -5.9476       -7.1656       -13.1132      -13.1132      
7             7             -2.1563       -4.6237       -6.78         -6.78         
8             8             -0.8244       -5.7295       -6.5539       -6.5539       
9             9             -7.8785       -2.5301       -10.4086      -10.4086      
10            10            -0.9046       -2.1651       -3.0697       -3.0697       
11            11            -5.5886       -2.5697       -8.1583       -8.1583       
12            12            +1.9263       -4.8318       -2.9055       -2.9055       
13            13            -0.4265       -2.0818       -2.5083       -2.5083       
14            14            -10.7613      -1.4188       -12.1801      -12.1801      
15            15            -9.3363       -3.2118       -12.5481      -12.5481      
16            16            -8.6253       -5.3849       -14.0102      -14.0102      
17            17            -8.1782       -3.2512       -11.4294      -11.4294      
18            18            -0.3204       -1.4567       -1.7771       -1.7771       
19            19            +4.9367       -2.5045       +2.4322       +2.4322       
20            20            +3.1939       -2.0819       +1.112        +1.112        
21            21            +6.7995       -2.1337       +4.6658       +4.6658       
22            22            +3.7965       -1.478        +2.3185       +2.3185       
23            23            -5.4359       -1.1608       -6.5967       -6.5967       
24            24            -1.5983       -1.6381       -3.2364       -3.2364       
25            25            +2.0124       -2.375        -0.3626       -0.3626       
26            26            -4.5685       -2.5729       -7.1414       -7.1414       
27            27            -3.8096       -2.7249       -6.5345       -6.5345       
28            28            -1.3276       -2.8017       -4.1293       -4.1293       
29            29            -5.6662       -3.3966       -9.0628       -9.0628       
30            30            -3.8458       -3.4461       -7.2919       -7.2919       
31            31            -1.4241       -3.7134       -5.1375       -5.1375       
32            32            -0.4954       -3.9389       -4.4343       -4.4343       
33            33            -2.4061       -2.9557       -5.3618       -5.3618       
34            34            -6.5344       -3.0546       -9.589        -9.589        
35            35            -2.398        -3.5242       -5.9222       -5.9222       
36            36            -11.0505      -0.2408       -11.2913      -11.2913      
37            37            -1.3747       -3.0703       -4.445        -4.445        
38            38            -6.1056       -2.5232       -8.6288       -8.6288       
39            39            -2.0504       -3.1067       -5.1571       -5.1571       
40            40            +0.3237       -3.5913       -3.2676       -3.2676       
41            41            -2.0625       -2.9041       -4.9666       -4.9666       
42            42            -5.0914       -4.314        -9.4054       -9.4054       
43            43            -8.7603       -3.1351       -11.8954      -11.8954      
44            44            -3.2186       -2.7348       -5.9534       -5.9534       
45            45            -3.8794       -3.6797       -7.5591       -7.5591       
46            46            -7.731        -2.6271       -10.3581      -10.3581      
47            47            -1.2581       -2.3616       -3.6197       -3.6197       
48            48            -5.3822       -2.4424       -7.8246       -7.8246       
49            49            +0.5299       -3.381        -2.8511       -2.8511       
50            50            -6.8234       -3.3493       -10.1727      -10.1727      
51            51            -1.9406       -2.6794       -4.62         -4.62         
52            52            -1.7461       -4.3143       -6.0604       -6.0604       
53            53            +3.9463       -2.9027       +1.0436       +1.0436       
54            54            -0.4916       -3.6827       -4.1743       -4.1743       
55            55            -2.6155       -3.7146       -6.3301       -6.3301       
56            56            -4.5476       -3.5349       -8.0825       -8.0825       
57            57            -6.0995       -3.2099       -9.3094       -9.3094       
58            58            -6.5086       -2.9025       -9.4111       -9.4111       
59            59            +1.4323       -2.4076       -0.9753       -0.9753       
60            60            -1.4392       -2.6006       -4.0398       -4.0398       
61            61            -8.7341       -2.9843       -11.7184      -11.7184      
62            62            -7.4561       -4.8485       -12.3046      -12.3046      
63            63            -5.1244       -5.2538       -10.3782      -10.3782      
64            64            -11.2725      -4.4389       -15.7114      -15.7114      
65            65            -5.0137       -4.8444       -9.8581       -9.8581       
66            66            -2.5811       -6.8549       -9.436        -9.436        
67            67            -9.6237       -4.3382       -13.9619      -13.9619      
68            68            -7.7642       -3.9027       -11.6669      -11.6669      
69            69            -2.8145       -5.2649       -8.0794       -8.0794       
70            70            -3.7428       -5.3731       -9.1159       -9.1159       
71            71            -3.755        -3.624        -7.379        -7.379        
72            72            -4.9912       -3.7042       -8.6954       -8.6954       
73            73            -3.5916       -4.0769       -7.6685       -7.6685       
74            74            -2.7739       -3.0587       -5.8326       -5.8326       
75            75            -2.4302       -2.4742       -4.9044       -4.9044       
76            76            -5.663        -3.8226       -9.4856       -9.4856       
77            77            -2.3126       -3.4808       -5.7934       -5.7934       
78            78            -5.4698       -3.4897       -8.9595       -8.9595       
79            79            -5.6668       -3.4267       -9.0935       -9.0935       
80            80            -8.3639       -3.1727       -11.5366      -11.5366      
81            81            -6.9662       -3.5438       -10.51        -10.51        
82            82            -3.0379       -3.5606       -6.5985       -6.5985       
83            83            -1.3583       -2.8435       -4.2018       -4.2018       
84            84            +1.6344       -3.8282       -2.1938       -2.1938       
85            85            +6.7129       -4.767        +1.9459       +1.9459       
86            86            +0.5899       -4.5571       -3.9672       -3.9672       
87            87            -0.0623       -4.1071       -4.1694       -4.1694       
88            88            +0.0433       -3.0273       -2.984        -2.984        
89            89            -0.4591       -5.1734       -5.6325       -5.6325       
90            90            -1.8791       -4.4816       -6.3607       -6.3607       
91            91            +3.6338       -3.1156       +0.5182       +0.5182       
92            92            +1.8739       -2.4412       -0.5673       -0.5673       
93            93            +1.9409       -2.3399       -0.399        -0.399        
94            94            +2.6816       -1.9974       +0.6842       +0.6842       
95            95            +3.2786       -2.0184       +1.2602       +1.2602       
96            96            +4.2028       -2.5849       +1.6179       +1.6179       
97            97            +3.1289       -3.2277       -0.0988       -0.0988       
98            98            -5.9349       -3.8899       -9.8248       -9.8248       
99            99            -4.4581       -3.1723       -7.6304       -7.6304       
100           100           -8.425        -2.2926       -10.7176      -10.7176      
101           101           -7.1568       -3.8586       -11.0154      -11.0154      
102           102           +2.3484       -2.1897       +0.1587       +0.1587       
103           103           +1.0144       -4.7434       -3.729        -3.729        
104           104           -1.4652       -5.031        -6.4962       -6.4962       
105           105           -4.0207       -3.672        -7.6927       -7.6927       
106           106           +0.9626       -3.9029       -2.9403       -2.9403       
107           107           +2.2249       -4.0982       -1.8733       -1.8733       
108           108           +3.9576       -2.3835       +1.5741       +1.5741       
109           109           +7.2674       -4.2859       +2.9815       +2.9815       
110           110           -3.3177       -3.7928       -7.1105       -7.1105       
111           111           -8.6117       -6.1653       -14.777       -14.777       
112           112           -11.5289      -4.6481       -16.177       -16.177       
113           113           -6.0223       -4.1687       -10.191       -10.191       
114           114           -10.4007      -3.5555       -13.9562      -13.9562      
115           115           -13.5219      -5.5115       -19.0334      -19.0334      
116           116           -6.4881       -1.8833       -8.3714       -8.3714       
117           117           -8.4088       -5.0612       -13.47        -13.47        
118           118           -10.0587      -6.4858       -16.5445      -16.5445      
119           119           -4.076        -4.0463       -8.1223       -8.1223       
120           120           -4.3014       -4.4937       -8.7951       -8.7951       
121           121           -2.9738       -4.0053       -6.9791       -6.9791       
122           122           -6.5289       -5.9315       -12.4604      -12.4604      
123           123           -8.8448       -1.8613       -10.7061      -10.7061      
124           124           +2.9869       -4.1664       -1.1795       -1.1795       
125           125           -8.9153       -2.1129       -11.0282      -11.0282      
126           126           -7.129        -5.1025       -12.2315      -12.2315      
127           127           -2.9259       -4.7971       -7.723        -7.723        
128           128           +1.2425       -5.6777       -4.4352       -4.4352       
129           129           +2.0806       -3.8906       -1.81         -1.81         
130           130           +0.8936       -2.5191       -1.6255       -1.6255       
131           131           +0.8558       -3.1673       -2.3115       -2.3115       
132           132           -5.678        -2.2565       -7.9345       -7.9345       
133           133           -7.9462       -4.5091       -12.4553      -12.4553      
134           134           +10.5525      -2.3295       +8.223        +8.223        
135           135           +5.9475       -3.9879       +1.9596       +1.9596       
136           136           +5.5601       -2.738        +2.8221       +2.8221       
137           137           -2.339        -2.5189       -4.8579       -4.8579       
138           138           +5.9766       -1.6976       +4.279        +4.279        
139           139           +8.0496       -3.1323       +4.9173       +4.9173       
140           140           +0.3804       -2.6233       -2.2429       -2.2429       
141           141           +1.866        -5.1982       -3.3322       -3.3322       
142           142           +3.7357       -2.6694       +1.0663       +1.0663       
143           143           +3.3086       -2.1146       +1.194        +1.194        
144           144           +4.8253       -2.5022       +2.3231       +2.3231       
145           145           +2.8731       -1.7249       +1.1482       +1.1482       
146           146           +2.1054       -2.526        -0.4206       -0.4206       
147           147           +4.7328       -1.8412       +2.8916       +2.8916       
148           148           +0.6947       -1.6341       -0.9394       -0.9394       
149           149           +6.9258       -2.6789       +4.2469       +4.2469       
150           150           +6.3785       -1.9512       +4.4273       +4.4273       
151           151           +5.6214       -2.395        +3.2264       +3.2264       
152           152           +5.4832       -3.2469       +2.2363       +2.2363       
153           153           +7.8378       -2.5357       +5.3021       +5.3021       
154           154           +5.2909       -2.0245       +3.2664       +3.2664       
155           155           +8.5032       -2.55         +5.9532       +5.9532       
156           156           +1.0198       -1.5954       -0.5756       -0.5756       
157           157           +8.1364       -3.1062       +5.0302       +5.0302       
158           158           +5.2512       -2.2138       +3.0374       +3.0374       
159           159           +2.2708       -2.2527       +0.0181       +0.0181       
160           160           +4.9219       -4.6035       +0.3184       +0.3184       
161           161           +6.7545       -3.6712       +3.0833       +3.0833       
162           162           +7.1139       -5.5947       +1.5192       +1.5192       
163           163           +10.2368      -5.889        +4.3478       +4.3478       
164           164           +9.9714       -4.7884       +5.183        +5.183        
165           165           +8.2211       -2.9935       +5.2276       +5.2276       
166           166           +5.3821       -2.8048       +2.5773       +2.5773       
167           167           +7.974        -2.7294       +5.2446       +5.2446       
168           168           +11.6867      -3.032        +8.6547       +8.6547       
169           169           +4.7812       -5.9134       -1.1322       -1.1322       
170           170           -0.1254       -5.1476       -5.273        -5.273        
171           171           +3.3223       -4.0997       -0.7774       -0.7774       
172           172           -1.1465       -5.7901       -6.9366       -6.9366       
173           173           +0.2063       -6.9308       -6.7245       -6.7245       
174           174           -0.5578       -7.0285       -7.5863       -7.5863       
175           175           -5.2926       -8.2578       -13.5504      -13.5504      
176           176           +2.9654       -6.2281       -3.2627       -3.2627       
177           177           +0.3666       -6.8559       -6.4893       -6.4893       
178           178           -0.5566       -5.5418       -6.0984       -6.0984       
179           179           +0.3309       -7.0915       -6.7606       -6.7606       
180           180           -0.3582       -6.3522       -6.7104       -6.7104       
181           181           +3.8291       -6.5435       -2.7144       -2.7144       
182           182           +6.5638       -4.6824       +1.8814       +1.8814       
183           183           +7.6514       -4.4233       +3.2281       +3.2281       
184           184           +8.2436       -5.1404       +3.1032       +3.1032       
185           185           +7.4552       -5.2893       +2.1659       +2.1659       
186           186           +6.5464       -5.5546       +0.9918       +0.9918       
187           187           +2.5813       -4.19         -1.6087       -1.6087       
188           188           +7.6401       -4.6382       +3.0019       +3.0019       
189           189           +3.6496       -3.9925       -0.3429       -0.3429       
190           190           +5.9751       -4.6477       +1.3274       +1.3274       
191           191           +8.5317       -4.1966       +4.3351       +4.3351       
192           192           +2.445        -5.2776       -2.8326       -2.8326       
193           193           -10.1804      -6.2557       -16.4361      -16.4361      
194           194           -4.6358       -5.2478       -9.8836       -9.8836       
195           195           -9.2243       -6.2234       -15.4477      -15.4477      
196           196           -5.0324       -5.6765       -10.7089      -10.7089      
197           197           -3.5364       -6.1932       -9.7296       -9.7296       
198           198           +0.704        -5.3064       -4.6024       -4.6024       
199           199           -5.0119       -4.1952       -9.2071       -9.2071       
200           200           +3.3463       -4.3496       -1.0033       -1.0033       
201           201           +2.5129       -3.7004       -1.1875       -1.1875       
202           202           +1.4923       -4.8186       -3.3263       -3.3263       
203           203           +3.6276       -4.2788       -0.6512       -0.6512       
204           204           -2.6037       -3.6596       -6.2633       -6.2633       
205           205           +1.5252       -4.6699       -3.1447       -3.1447       
206           206           +0.3525       -3.9764       -3.6239       -3.6239       
207           207           -1.5171       -5.0852       -6.6023       -6.6023       
208           208           -4.4815       -4.5072       -8.9887       -8.9887       
209           209           -1.2065       -5.4892       -6.6957       -6.6957       
210           210           +2.1044       -4.6387       -2.5343       -2.5343       
211           211           +0.1733       -4.9367       -4.7634       -4.7634       
212           212           +7.358        -4.2697       +3.0883       +3.0883       
213           213           +4.31         -3.4234       +0.8866       +0.8866       
214           214           +4.6006       -4.4927       +0.1079       +0.1079       
215           215           -0.0955       -3.8829       -3.9784       -3.9784       
216           216           -1.4808       -6.5778       -8.0586       -8.0586       
217           217           +1.4516       -4.3629       -2.9113       -2.9113       
218           218           -4.1805       -4.937        -9.1175       -9.1175       
219           219           -3.7546       -5.2228       -8.9774       -8.9774       
220           220           +3.8276       -3.9518       -0.1242       -0.1242       
221           221           +1.2636       -6.9476       -5.684        -5.684        
222           222           -3.7297       -4.4235       -8.1532       -8.1532       
223           223           +3.1335       -6.9839       -3.8504       -3.8504       
224           224           +1.1785       -8.5693       -7.3908       -7.3908       
225           225           +5.4523       -7.0261       -1.5738       -1.5738       
226           226           -0.685        -5.7219       -6.4069       -6.4069       
227           227           -1.837        -3.0601       -4.8971       -4.8971       
228           228           -4.2093       -5.7794       -9.9887       -9.9887       
229           229           -4.0932       -5.4213       -9.5145       -9.5145       
230           230           +5.52         -3.9537       +1.5663       +1.5663       
231           231           -3.8283       -3.854        -7.6823       -7.6823       
232           232           -1.4892       -5.385        -6.8742       -6.8742       
233           233           -8.0262       -6.3637       -14.3899      -14.3899      
234           234           -6.6642       -5.9484       -12.6126      -12.6126      
235           235           -4.6437       -8.8067       -13.4504      -13.4504      
236           236           -4.2511       -7.6504       -11.9015      -11.9015      
237           237           -6.6581       -5.4453       -12.1034      -12.1034      
238           238           -6.8568       -6.168        -13.0248      -13.0248      
239           239           -1.6389       -5.431        -7.0699       -7.0699       
240           240           -10.9761      -5.0148       -15.9909      -15.9909      
241           241           -8.5441       -5.3489       -13.893       -13.893       
242           242           -3.3372       -4.4469       -7.7841       -7.7841       
243           243           -10.0396      -6.5337       -16.5733      -16.5733      
244           244           -12.217       -5.0291       -17.2461      -17.2461      
245           245           -9.7208       -6.4499       -16.1707      -16.1707      
246           246           -6.3616       -4.6857       -11.0473      -11.0473      
247           247           -4.2447       -4.9126       -9.1573       -9.1573       
248           248           -5.7148       -3.684        -9.3988       -9.3988       
249           249           +4.7415       -4.9282       -0.1867       -0.1867       
250           250           +4.2728       -5.4666       -1.1938       -1.1938       
251           251           +4.5079       -6.1928       -1.6849       -1.6849       
252           252           +5.5449       -4.7364       +0.8085       +0.8085       
253           253           +4.1495       -5.1083       -0.9588       -0.9588       
254           254           +1.4693       -4.7258       -3.2565       -3.2565       
255           255           +1.2327       -5.2205       -3.9878       -3.9878       
256           256           -5.9832       -6.2083       -12.1915      -12.1915      
257           257           -0.3566       -4.8214       -5.178        -5.178        
258           258           +0.0984       -3.9934       -3.895        -3.895        
259           259           -2.0142       -4.3522       -6.3664       -6.3664       
260           260           -0.2984       -6.2647       -6.5631       -6.5631       
261           261           -0.5579       -3.9724       -4.5303       -4.5303       
262           262           -3.2085       -5.7757       -8.9842       -8.9842       
263           263           -3.4197       -4.2554       -7.6751       -7.6751       
264           264           +2.4925       -2.6995       -0.207        -0.207        
265           265           +9.1115       -3.1862       +5.9253       +5.9253       
266           266           +6.5414       -4.808        +1.7334       +1.7334       
267           267           +8.0443       -3.4843       +4.56         +4.56         
268           268           +7.0372       -4.0223       +3.0149       +3.0149       
269           269           +1.0275       -5.2553       -4.2278       -4.2278       
270           270           +3.4874       -4.3246       -0.8372       -0.8372       
271           271           +4.3988       -5.4229       -1.0241       -1.0241       
272           272           +8.2634       -4.8147       +3.4487       +3.4487       
273           273           +1.4099       -2.6653       -1.2554       -1.2554       
274           274           +4.8079       -4.4735       +0.3344       +0.3344       
275           275           +1.0039       -4.4832       -3.4793       -3.4793       
276           276           +2.9835       -3.0853       -0.1018       -0.1018       
277           277           +0.449        -3.5773       -3.1283       -3.1283       
278           278           +1.7697       -3.0012       -1.2315       -1.2315       
279           279           +2.5304       -4.0241       -1.4937       -1.4937       
280           280           +8.1081       -3.124        +4.9841       +4.9841       
281           281           +2.4323       -3.4654       -1.0331       -1.0331       
282           282           +1.914        -3.8081       -1.8941       -1.8941       
283           283           +6.4027       -3.8079       +2.5948       +2.5948       
284           284           +6.151        -3.7239       +2.4271       +2.4271       
285           285           +6.3163       -5.1928       +1.1235       +1.1235       
286           286           +3.3401       -4.9033       -1.5632       -1.5632       
287           287           +7.5396       -5.8653       +1.6743       +1.6743       
288           288           +8.203        -5.177        +3.026        +3.026        
289           289           +7.0123       -2.8246       +4.1877       +4.1877       
290           290           +7.3879       -2.7957       +4.5922       +4.5922       
291           291           +7.1736       -3.2757       +3.8979       +3.8979       
292           292           +4.8289       -3.0323       +1.7966       +1.7966       
293           293           +4.3944       -2.3043       +2.0901       +2.0901       
294           294           +5.0148       -2.9276       +2.0872       +2.0872       
295           295           +7.3455       -2.7536       +4.5919       +4.5919       
296           296           +11.7686      -4.029        +7.7396       +7.7396       
297           297           +10.455       -2.85         +7.605        +7.605        
298           298           +12.6624      -3.176        +9.4864       +9.4864       
299           299           +5.5308       -2.3017       +3.2291       +3.2291       
300           300           +1.0769       -2.9026       -1.8257       -1.8257       
301           301           +5.3378       -2.9677       +2.3701       +2.3701       
302           302           +7.8043       -2.3721       +5.4322       +5.4322       
303           303           +3.7915       -3.8053       -0.0138       -0.0138       
304           304           +6.184        -5.4114       +0.7726       +0.7726       
305           305           +4.0239       -2.8139       +1.21         +1.21         
306           306           +3.7473       -2.0998       +1.6475       +1.6475       
307           307           +9.5053       -2.8265       +6.6788       +6.6788       
308           308           +8.8227       -2.223        +6.5997       +6.5997       
309           309           -0.0266       -2.1629       -2.1895       -2.1895       
310           310           +4.1875       -3.5081       +0.6794       +0.6794       
311           311           +0.7056       -2.5369       -1.8313       -1.8313       
312           312           -1.1733       -2.3856       -3.5589       -3.5589       
313           313           +5.0162       -3.6761       +1.3401       +1.3401       
314           314           +3.1506       -3.101        +0.0496       +0.0496       
315           315           +6.2106       -2.6423       +3.5683       +3.5683       
316           316           +6.7976       -4.4696       +2.328        +2.328        
317           317           +6.4117       -5.7472       +0.6645       +0.6645       
318           318           +4.2233       -4.1686       +0.0547       +0.0547       
319           319           +3.7029       -6.2022       -2.4993       -2.4993       
320           320           +1.8787       -4.1616       -2.2829       -2.2829       
321           321           +1.1931       -4.7648       -3.5717       -3.5717       
322           322           -2.7839       -6.4957       -9.2796       -9.2796       
323           323           -1.2373       -5.2604       -6.4977       -6.4977       
324           324           +3.3039       -5.8479       -2.544        -2.544        
325           325           +3.8851       -4.5402       -0.6551       -0.6551       
326           326           +8.0683       -2.1365       +5.9318       +5.9318       
327           327           +4.4649       -3.4197       +1.0452       +1.0452       
328           328           +6.6119       -3.5866       +3.0253       +3.0253       
329           329           +3.1774       -2.7978       +0.3796       +0.3796       
330           330           +9.0311       -2.7707       +6.2604       +6.2604       
331           331           +8.7568       -2.9257       +5.8311       +5.8311       
332           332           +12.0742      -5.0764       +6.9978       +6.9978       
333           333           +1.7829       -4.5662       -2.7833       -2.7833       
334           334           +0.2461       -4.4716       -4.2255       -4.2255       
335           335           -0.8494       -3.5288       -4.3782       -4.3782       
336           336           +6.4767       -3.879        +2.5977       +2.5977       
337           337           +1.2586       -4.2169       -2.9583       -2.9583       
338           338           +3.2346       -3.163        +0.0716       +0.0716       
339           339           +4.29         -3.1786       +1.1114       +1.1114       
340           340           +11.0621      -3.8306       +7.2315       +7.2315       
341           341           +10.3379      -3.9048       +6.4331       +6.4331       
342           342           +2.6793       -4.1257       -1.4464       -1.4464       
343           343           +4.8          -5.6394       -0.8394       -0.8394       
344           344           +4.7886       -4.3853       +0.4033       +0.4033       
345           345           +5.1809       -4.4729       +0.708        +0.708        
346           346           +4.1073       -4.3313       -0.224        -0.224        
347           347           +3.7451       -4.772        -1.0269       -1.0269       
348           348           +3.6452       -4.6113       -0.9661       -0.9661       
349           349           +2.2456       -4.9775       -2.7319       -2.7319       
350           350           +8.7014       -4.2268       +4.4746       +4.4746       
351           351           +6.4258       -3.7203       +2.7055       +2.7055       
352           352           +6.2908       -3.4666       +2.8242       +2.8242       
353           353           +5.1023       -3.0248       +2.0775       +2.0775       
354           354           +5.3119       -2.1876       +3.1243       +3.1243       
355           355           +1.8007       -2.7183       -0.9176       -0.9176       
