Frame         Time          Elec          VdW           Nonbond       Total         
0             0             +1.3958       -0.2491       +1.1467       +1.1467       
1             1             +0.2972       -2.1954       -1.8982       -1.8982       
2             2             +2.2844       -1.128        +1.1564       +1.1564       
3             3             -2.3157       -1.0595       -3.3752       -3.3752       
4             4             +0.104        -0.0717       +0.0323       +0.0323       
5             5             -2.5534       -0.4487       -3.0021       -3.0021       
6             6             +0.4571       -0.0885       +0.3686       +0.3686       
7             7             +0.9193       -0.3072       +0.6121       +0.6121       
8             8             +1.5944       -0.3382       +1.2562       +1.2562       
9             9             +2.1564       -1.0188       +1.1376       +1.1376       
10            10            +1.6403       -0.2783       +1.362        +1.362        
11            11            -0.3229       -0.3839       -0.7068       -0.7068       
12            12            -0.3781       -0.1349       -0.513        -0.513        
13            13            -0.6169       -0.197        -0.8139       -0.8139       
14            14            -0.4084       -0.5266       -0.935        -0.935        
15            15            -2.2817       -0.3574       -2.6391       -2.6391       
16            16            +0.8383       -0.3465       +0.4918       +0.4918       
17            17            -0.75         -1.5335       -2.2835       -2.2835       
18            18            -1.7115       -2.661        -4.3725       -4.3725       
19            19            -0.2941       -2.3892       -2.6833       -2.6833       
20            20            -0.9723       -2.7516       -3.7239       -3.7239       
21            21            -3.4768       -1.4213       -4.8981       -4.8981       
22            22            -2.6832       -2.0419       -4.7251       -4.7251       
23            23            -3.1137       -1.7953       -4.909        -4.909        
24            24            -2.6491       -1.5238       -4.1729       -4.1729       
25            25            -1.498        -0.2743       -1.7723       -1.7723       
26            26            +0.5679       -0.2961       +0.2718       +0.2718       
27            27            -0.5848       -0.1816       -0.7664       -0.7664       
28            28            -1.7573       -0.083        -1.8403       -1.8403       
29            29            -0.7416       -0.0425       -0.7841       -0.7841       
30            30            +2.827        -0.2309       +2.5961       +2.5961       
31            31            +0.1967       -0.0998       +0.0969       +0.0969       
32            32            -1.9992       -0.4536       -2.4528       -2.4528       
33            33            -1.7269       -0.6017       -2.3286       -2.3286       
34            34            -4.0063       -0.3599       -4.3662       -4.3662       
35            35            -0.7433       -0.471        -1.2143       -1.2143       
36            36            +0.0814       -0.1376       -0.0562       -0.0562       
37            37            +1.3601       -0.4729       +0.8872       +0.8872       
38            38            +0.1832       -0.1668       +0.0164       +0.0164       
39            39            +0.4052       -0.1823       +0.2229       +0.2229       
40            40            -1.2045       -0.0712       -1.2757       -1.2757       
41            41            +0.1414       -0.9291       -0.7877       -0.7877       
42            42            +0.0518       -0.3374       -0.2856       -0.2856       
43            43            -0.8214       -0.8736       -1.695        -1.695        
44            44            +0.094        -1.4923       -1.3983       -1.3983       
45            45            -2.96         -0.2956       -3.2556       -3.2556       
46            46            -2.6743       -0.4548       -3.1291       -3.1291       
47            47            -2.7474       -0.3734       -3.1208       -3.1208       
48            48            -2.4343       -0.1243       -2.5586       -2.5586       
49            49            +0.1022       -0.1541       -0.0519       -0.0519       
50            50            -5.2287       -0.4386       -5.6673       -5.6673       
51            51            -2.1265       -0.189        -2.3155       -2.3155       
52            52            -2.4854       -0.1771       -2.6625       -2.6625       
53            53            +0.9842       -0.1117       +0.8725       +0.8725       
54            54            +0.7086       -0.4778       +0.2308       +0.2308       
55            55            +2.8731       -1.1724       +1.7007       +1.7007       
56            56            -0.0864       -0.2209       -0.3073       -0.3073       
57            57            -2.0817       -0.4846       -2.5663       -2.5663       
58            58            -1.8897       -1.1054       -2.9951       -2.9951       
59            59            -5.6133       -2.6868       -8.3001       -8.3001       
60            60            -3.9141       -1.5739       -5.488        -5.488        
61            61            -8.6942       -2.0578       -10.752       -10.752       
62            62            -4.091        -1.0547       -5.1457       -5.1457       
63            63            -4.4614       -4.3697       -8.8311       -8.8311       
64            64            -10.1953      -3.5958       -13.7911      -13.7911      
65            65            -2.8747       -1.347        -4.2217       -4.2217       
66            66            -1.4105       -0.4865       -1.897        -1.897        
67            67            -2.3275       -1.1223       -3.4498       -3.4498       
68            68            -9.9439       -2.3365       -12.2804      -12.2804      
69            69            -2.2664       -2.0074       -4.2738       -4.2738       
70            70            -4.1074       -3.6814       -7.7888       -7.7888       
71            71            -2.6609       -1.3803       -4.0412       -4.0412       
72            72            -2.3549       -1.6781       -4.033        -4.033        
73            73            -1.7549       -0.8573       -2.6122       -2.6122       
74            74            -3.1724       -2.1787       -5.3511       -5.3511       
75            75            -1.2988       -1.7896       -3.0884       -3.0884       
76            76            +2.5574       -1.7252       +0.8322       +0.8322       
77            77            +2.9057       -1.4676       +1.4381       +1.4381       
78            78            +2.5989       -1.0675       +1.5314       +1.5314       
79            79            -3.1159       -2.4464       -5.5623       -5.5623       
80            80            +0.5344       -0.9383       -0.4039       -0.4039       
81            81            -1.9939       -0.1996       -2.1935       -2.1935       
82            82            +0.7648       -0.0415       +0.7233       +0.7233       
83            83            -5.2295       -1.2403       -6.4698       -6.4698       
84            84            -1.6107       -0.4371       -2.0478       -2.0478       
85            85            -0.837        -0.3113       -1.1483       -1.1483       
86            86            -2.053        -0.7251       -2.7781       -2.7781       
87            87            -2.7339       -0.2664       -3.0003       -3.0003       
88            88            -0.318        -1.5653       -1.8833       -1.8833       
89            89            -1.7464       -0.2735       -2.0199       -2.0199       
90            90            +0.6529       -0.2181       +0.4348       +0.4348       
91            91            +1.6057       -0.3363       +1.2694       +1.2694       
92            92            +1.6286       -0.5862       +1.0424       +1.0424       
93            93            -2.0129       -0.1468       -2.1597       -2.1597       
94            94            -0.4939       -0.2023       -0.6962       -0.6962       
95            95            -3.4038       -0.9406       -4.3444       -4.3444       
96            96            -1.016        -0.4085       -1.4245       -1.4245       
97            97            +0.5311       -0.7436       -0.2125       -0.2125       
98            98            -4.2402       -1.8297       -6.0699       -6.0699       
99            99            -2.9899       -0.7756       -3.7655       -3.7655       
100           100           -2.4093       -0.9062       -3.3155       -3.3155       
101           101           -0.3517       -0.3252       -0.6769       -0.6769       
102           102           -2.7406       -1.359        -4.0996       -4.0996       
103           103           -4.5876       -2.7909       -7.3785       -7.3785       
104           104           -5.7282       -0.9295       -6.6577       -6.6577       
105           105           -0.2749       -0.0998       -0.3747       -0.3747       
106           106           -1.1768       -1.84         -3.0168       -3.0168       
107           107           -0.7031       -1.6175       -2.3206       -2.3206       
108           108           +0.5749       -0.7538       -0.1789       -0.1789       
109           109           +1.2353       -0.2117       +1.0236       +1.0236       
110           110           -1.3835       -0.8027       -2.1862       -2.1862       
111           111           -2.2188       -1.3133       -3.5321       -3.5321       
112           112           +0.9429       -0.0643       +0.8786       +0.8786       
113           113           +1.2471       -0.2102       +1.0369       +1.0369       
114           114           +0.6461       -0.0117       +0.6344       +0.6344       
115           115           +1.2712       -0.038        +1.2332       +1.2332       
116           116           -0.5485       -0.3182       -0.8667       -0.8667       
117           117           +0.6234       -0.1792       +0.4442       +0.4442       
118           118           -0.9655       -0.4902       -1.4557       -1.4557       
119           119           +3.0893       -1.5143       +1.575        +1.575        
120           120           -4.1617       -1.2305       -5.3922       -5.3922       
121           121           +2.3618       -1.2909       +1.0709       +1.0709       
122           122           +1.4662       -0.2176       +1.2486       +1.2486       
123           123           +1.8778       -0.0338       +1.844        +1.844        
124           124           +0.7777       -0.0276       +0.7501       +0.7501       
125           125           +0.628        -0.0803       +0.5477       +0.5477       
126           126           +0.023        -0.0722       -0.0492       -0.0492       
127           127           +0.0144       -0.0161       -0.0017       -0.0017       
128           128           +0.6786       -0.0307       +0.6479       +0.6479       
129           129           +0.988        -0.0586       +0.9294       +0.9294       
130           130           +1.9181       -0.1415       +1.7766       +1.7766       
131           131           +1.222        -0.3963       +0.8257       +0.8257       
132           132           +1.2288       -0.0476       +1.1812       +1.1812       
133           133           +0.5633       -0.0851       +0.4782       +0.4782       
134           134           +0.7382       -0.3162       +0.422        +0.422        
135           135           +3.6637       -1.1139       +2.5498       +2.5498       
136           136           +1.2662       -0.8145       +0.4517       +0.4517       
137           137           +3.4979       -1.455        +2.0429       +2.0429       
138           138           +0.443        -1.2607       -0.8177       -0.8177       
139           139           -0.6594       -0.2205       -0.8799       -0.8799       
140           140           +0.454        -0.1501       +0.3039       +0.3039       
141           141           +0.0869       -0.045        +0.0419       +0.0419       
142           142           +2.075        -0.2727       +1.8023       +1.8023       
143           143           +0.7576       -0.0204       +0.7372       +0.7372       
144           144           +0.7081       -0.036        +0.6721       +0.6721       
145           145           +0.31         -0.0152       +0.2948       +0.2948       
146           146           +0.1692       -0.0172       +0.152        +0.152        
147           147           +0.5608       -0.0639       +0.4969       +0.4969       
148           148           +0.8796       -0.0376       +0.842        +0.842        
149           149           -0.17         -0.093        -0.263        -0.263        
150           150           +0.5059       -0.049        +0.4569       +0.4569       
151           151           +0.6468       -0.0933       +0.5535       +0.5535       
152           152           +1.8713       -0.1593       +1.712        +1.712        
153           153           +0.5788       -0.233        +0.3458       +0.3458       
154           154           +2.5952       -1.4031       +1.1921       +1.1921       
155           155           +0.4954       -0.0397       +0.4557       +0.4557       
156           156           +2.7799       -0.4778       +2.3021       +2.3021       
157           157           +2.5426       -0.1455       +2.3971       +2.3971       
158           158           +1.4573       -0.0853       +1.372        +1.372        
159           159           +0.2805       -0.0046       +0.2759       +0.2759       
160           160           +0.4026       -0.0149       +0.3877       +0.3877       
161           161           +1.4764       -0.0655       +1.4109       +1.4109       
162           162           +1.2667       -0.0717       +1.195        +1.195        
163           163           +0.7993       -0.0788       +0.7205       +0.7205       
164           164           +1.3135       -0.1556       +1.1579       +1.1579       
165           165           +0.8205       -0.0353       +0.7852       +0.7852       
166           166           -0.2862       -0.1591       -0.4453       -0.4453       
167           167           -0.2073       -0.0213       -0.2286       -0.2286       
168           168           +0.1503       -0.132        +0.0183       +0.0183       
169           169           -0.4868       -0.0477       -0.5345       -0.5345       
170           170           -1.2332       -0.0746       -1.3078       -1.3078       
171           171           -0.5399       -0.0766       -0.6165       -0.6165       
172           172           -1.8988       -0.2068       -2.1056       -2.1056       
173           173           +1.518        -0.2931       +1.2249       +1.2249       
174           174           -0.2175       -0.1234       -0.3409       -0.3409       
175           175           +0.0202       -0.266        -0.2458       -0.2458       
176           176           -0.2213       -0.2387       -0.46         -0.46         
177           177           +0.1165       -0.0481       +0.0684       +0.0684       
178           178           +0.313        -0.1893       +0.1237       +0.1237       
179           179           -0.0085       -0.2526       -0.2611       -0.2611       
180           180           +2.6196       -0.6392       +1.9804       +1.9804       
181           181           -0.1358       -0.2023       -0.3381       -0.3381       
182           182           +0.9665       -0.198        +0.7685       +0.7685       
183           183           +2.0779       -0.5905       +1.4874       +1.4874       
184           184           +2.377        -0.0886       +2.2884       +2.2884       
185           185           +0.0221       -0.4177       -0.3956       -0.3956       
186           186           +0.2941       -1.9055       -1.6114       -1.6114       
187           187           -2.8106       -2.7109       -5.5215       -5.5215       
188           188           -4.2995       -2.3589       -6.6584       -6.6584       
189           189           -1.4858       -0.1498       -1.6356       -1.6356       
190           190           -4.4639       -0.5574       -5.0213       -5.0213       
191           191           -3.5603       -0.8354       -4.3957       -4.3957       
192           192           -3.0123       -0.2395       -3.2518       -3.2518       
193           193           -9.0994       -1.7864       -10.8858      -10.8858      
194           194           -4.1525       -1.3071       -5.4596       -5.4596       
195           195           -4.3974       -1.257        -5.6544       -5.6544       
196           196           -3.0886       -1.5079       -4.5965       -4.5965       
197           197           +0.5039       -1.2055       -0.7016       -0.7016       
198           198           -4.0543       -0.665        -4.7193       -4.7193       
199           199           -0.9001       -1.1701       -2.0702       -2.0702       
200           200           -0.5846       -0.4626       -1.0472       -1.0472       
201           201           -4.7133       -1.0907       -5.804        -5.804        
202           202           -6.9029       -0.6282       -7.5311       -7.5311       
203           203           -2.9905       -0.7204       -3.7109       -3.7109       
204           204           -1.259        -0.2515       -1.5105       -1.5105       
205           205           -0.4811       -2.303        -2.7841       -2.7841       
206           206           -3.9542       -0.2599       -4.2141       -4.2141       
207           207           -3.0981       -0.6285       -3.7266       -3.7266       
208           208           -6.9899       -1.3505       -8.3404       -8.3404       
209           209           -4.4699       -0.2105       -4.6804       -4.6804       
210           210           -6.9773       -1.1008       -8.0781       -8.0781       
211           211           -7.894        -2.2086       -10.1026      -10.1026      
212           212           -6.1528       -1.5276       -7.6804       -7.6804       
213           213           -9.6608       -2.9902       -12.651       -12.651       
214           214           -11.6885      -2.1106       -13.7991      -13.7991      
215           215           -7.1971       -3.1929       -10.39        -10.39        
216           216           -13.6954      -2.8044       -16.4998      -16.4998      
217           217           -13.8781      -4.362        -18.2401      -18.2401      
218           218           -12.9366      -5.4875       -18.4241      -18.4241      
219           219           -7.2202       -4.4195       -11.6397      -11.6397      
220           220           -13.9136      -2.253        -16.1666      -16.1666      
221           221           -2.8501       -2.6383       -5.4884       -5.4884       
222           222           -5.5582       -2.0985       -7.6567       -7.6567       
223           223           -8.39         -3.9361       -12.3261      -12.3261      
224           224           -6.4986       -3.6476       -10.1462      -10.1462      
225           225           -4.0693       -2.565        -6.6343       -6.6343       
226           226           -4.8919       -2.028        -6.9199       -6.9199       
227           227           -8.5319       -2.4147       -10.9466      -10.9466      
228           228           -5.8149       -1.7034       -7.5183       -7.5183       
229           229           -3.9058       -3.8814       -7.7872       -7.7872       
230           230           -6.5328       -4.5443       -11.0771      -11.0771      
231           231           -6.3891       -3.7453       -10.1344      -10.1344      
232           232           -4.1366       -4.5925       -8.7291       -8.7291       
233           233           -9.0784       -4.5038       -13.5822      -13.5822      
234           234           -4.9275       -3.8943       -8.8218       -8.8218       
235           235           -1.8124       -1.9231       -3.7355       -3.7355       
236           236           -3.8278       -3.9587       -7.7865       -7.7865       
237           237           -3.245        -2.1986       -5.4436       -5.4436       
238           238           -5.141        -3.1699       -8.3109       -8.3109       
239           239           +0.5565       -3.3745       -2.818        -2.818        
240           240           -5.8697       -2.5404       -8.4101       -8.4101       
241           241           -5.5533       -3.4579       -9.0112       -9.0112       
242           242           -2.4583       -0.2506       -2.7089       -2.7089       
243           243           -6.0995       -2.0371       -8.1366       -8.1366       
244           244           +1.1542       -2.1728       -1.0186       -1.0186       
245           245           -7.0096       -3.4475       -10.4571      -10.4571      
246           246           -9.1576       -1.8499       -11.0075      -11.0075      
247           247           -16.1862      -2.8359       -19.0221      -19.0221      
248           248           -11.6772      -3.8345       -15.5117      -15.5117      
249           249           -16.295       -2.4566       -18.7516      -18.7516      
250           250           -11.8095      -1.6192       -13.4287      -13.4287      
251           251           -12.0746      -3.6733       -15.7479      -15.7479      
252           252           -6.5655       -2.4499       -9.0154       -9.0154       
253           253           -4.9583       -2.5345       -7.4928       -7.4928       
254           254           -6.3826       -2.0338       -8.4164       -8.4164       
255           255           -5.6899       -3.7117       -9.4016       -9.4016       
256           256           -3.264        -1.175        -4.439        -4.439        
257           257           -3.2041       -0.6037       -3.8078       -3.8078       
258           258           -5.7118       -1.177        -6.8888       -6.8888       
259           259           -5.0436       -1.5321       -6.5757       -6.5757       
260           260           -6.5564       -1.1902       -7.7466       -7.7466       
261           261           -6.7819       -3.02         -9.8019       -9.8019       
262           262           -5.9272       -2.7365       -8.6637       -8.6637       
263           263           -8.4679       -4.6091       -13.077       -13.077       
264           264           -3.1577       -4.5619       -7.7196       -7.7196       
265           265           -7.8223       -3.8642       -11.6865      -11.6865      
266           266           -5.2778       -4.6175       -9.8953       -9.8953       
267           267           -7.3624       -5.854        -13.2164      -13.2164      
268           268           -12.5394      -6.1872       -18.7266      -18.7266      
269           269           -8.9156       -5.7358       -14.6514      -14.6514      
270           270           -8.2732       -3.8362       -12.1094      -12.1094      
271           271           -15.3002      +1.2577       -14.0425      -14.0425      
272           272           -12.4154      -2.8761       -15.2915      -15.2915      
273           273           -11.4629      -4.3475       -15.8104      -15.8104      
274           274           -0.8258       -3.7045       -4.5303       -4.5303       
275           275           +3.9866       -1.9077       +2.0789       +2.0789       
276           276           +1.48         -1.1593       +0.3207       +0.3207       
277           277           +5.3296       -2.3123       +3.0173       +3.0173       
278           278           +2.5632       -1.3128       +1.2504       +1.2504       
279           279           +3.3822       -1.7854       +1.5968       +1.5968       
280           280           -0.559        -3.08         -3.639        -3.639        
281           281           +3.6931       -2.5224       +1.1707       +1.1707       
282           282           +0.6404       -1.9098       -1.2694       -1.2694       
283           283           +1.2791       -3.3078       -2.0287       -2.0287       
284           284           +0.5858       -4.5069       -3.9211       -3.9211       
285           285           +1.5429       -5.7887       -4.2458       -4.2458       
286           286           +4.5188       -7.3663       -2.8475       -2.8475       
287           287           +3.346        -6.8262       -3.4802       -3.4802       
288           288           +5.9775       -7.7975       -1.82         -1.82         
289           289           +8.4398       -6.8863       +1.5535       +1.5535       
290           290           +2.4706       -3.4927       -1.0221       -1.0221       
291           291           +7.1803       -5.5382       +1.6421       +1.6421       
292           292           +7.9848       -4.3575       +3.6273       +3.6273       
293           293           +6.0617       -4.574        +1.4877       +1.4877       
294           294           +9.7107       -4.6818       +5.0289       +5.0289       
295           295           +6.6796       -4.6376       +2.042        +2.042        
296           296           +6.1636       -5.7035       +0.4601       +0.4601       
297           297           +0.0747       -4.2433       -4.1686       -4.1686       
298           298           -3.1689       -3.5243       -6.6932       -6.6932       
299           299           +0.06         -3.2972       -3.2372       -3.2372       
300           300           -1.6051       -4.7067       -6.3118       -6.3118       
301           301           +1.6378       -3.4513       -1.8135       -1.8135       
302           302           -4.4515       -2.1455       -6.597        -6.597        
303           303           -0.9722       -1.7156       -2.6878       -2.6878       
304           304           -2.6689       -4.7881       -7.457        -7.457        
305           305           -4.1413       -0.8836       -5.0249       -5.0249       
306           306           -3.4584       -2.0144       -5.4728       -5.4728       
307           307           +2.6806       -2.3804       +0.3002       +0.3002       
308           308           -1.7701       -3.2831       -5.0532       -5.0532       
309           309           -2.6103       -2.882        -5.4923       -5.4923       
310           310           -2.6262       -2.0309       -4.6571       -4.6571       
311           311           +1.3086       -0.422        +0.8866       +0.8866       
312           312           -6.8288       -1.3654       -8.1942       -8.1942       
313           313           -0.1828       -1.4956       -1.6784       -1.6784       
314           314           +0.9799       -0.7921       +0.1878       +0.1878       
315           315           -4.4189       -1.2768       -5.6957       -5.6957       
316           316           +3.3902       -1.6773       +1.7129       +1.7129       
317           317           -0.3091       -2.3126       -2.6217       -2.6217       
318           318           -4.9355       -2.9924       -7.9279       -7.9279       
319           319           -3.2829       -0.5619       -3.8448       -3.8448       
320           320           -5.1938       -0.2465       -5.4403       -5.4403       
321           321           -1.0537       -1.4659       -2.5196       -2.5196       
322           322           -4.1239       -1.9174       -6.0413       -6.0413       
323           323           -0.0341       -0.368        -0.4021       -0.4021       
324           324           -2.8643       -0.3811       -3.2454       -3.2454       
325           325           -2.1759       -1.2323       -3.4082       -3.4082       
326           326           +0.2727       -1.0701       -0.7974       -0.7974       
327           327           +2.0556       -0.8977       +1.1579       +1.1579       
328           328           -0.4535       -0.0643       -0.5178       -0.5178       
329           329           +1.4766       -0.1981       +1.2785       +1.2785       
330           330           +1.5188       -0.373        +1.1458       +1.1458       
331           331           -0.1808       -0.1889       -0.3697       -0.3697       
332           332           -4.5504       -0.2312       -4.7816       -4.7816       
333           333           -0.2861       -0.0407       -0.3268       -0.3268       
334           334           +0.7471       -0.0888       +0.6583       +0.6583       
335           335           +1.0946       -0.0593       +1.0353       +1.0353       
336           336           +1.3546       -0.0547       +1.2999       +1.2999       
337           337           +0.3642       -0.0319       +0.3323       +0.3323       
338           338           -1.4011       -0.0515       -1.4526       -1.4526       
339           339           -0.2692       -0.1527       -0.4219       -0.4219       
340           340           +0.3919       -0.2741       +0.1178       +0.1178       
341           341           +0.4009       -1.9554       -1.5545       -1.5545       
342           342           -1.5056       -1.9625       -3.4681       -3.4681       
343           343           -3.3143       -1.9303       -5.2446       -5.2446       
344           344           +3.5052       -1.1277       +2.3775       +2.3775       
345           345           +0.2132       -1.6041       -1.3909       -1.3909       
346           346           +0.4376       -0.4183       +0.0193       +0.0193       
347           347           +3.1108       -0.4078       +2.703        +2.703        
348           348           +3.4793       -0.2426       +3.2367       +3.2367       
349           349           +2.1346       -1.4438       +0.6908       +0.6908       
350           350           +2.4513       -1.5278       +0.9235       +0.9235       
351           351           +0.5487       -0.9369       -0.3882       -0.3882       
352           352           +1.6237       -0.3159       +1.3078       +1.3078       
353           353           +0.5654       -0.168        +0.3974       +0.3974       
354           354           -1.5425       -0.0381       -1.5806       -1.5806       
355           355           -2.6301       -0.3738       -3.0039       -3.0039       
