Frame         Time          Elec          VdW           Nonbond       Total         
0             0             -2.1449       -0.1851       -2.33         -2.33         
1             1             -5.3625       -0.4401       -5.8026       -5.8026       
2             2             -7.5217       -6.1367       -13.6584      -13.6584      
3             3             -3.9259       -1.1633       -5.0892       -5.0892       
4             4             -1.2479       -0.8939       -2.1418       -2.1418       
5             5             +0.1147       -0.3641       -0.2494       -0.2494       
6             6             -2.7414       -2.9205       -5.6619       -5.6619       
7             7             +1.7059       -0.8727       +0.8332       +0.8332       
8             8             -9.5304       -2.3837       -11.9141      -11.9141      
9             9             -9.5227       -3.1702       -12.6929      -12.6929      
10            10            -10.3499      -1.8301       -12.18        -12.18        
11            11            -7.4272       -2.7239       -10.1511      -10.1511      
12            12            -5.1115       -1.2721       -6.3836       -6.3836       
13            13            -8.7668       -2.8774       -11.6442      -11.6442      
14            14            -9.2204       -3.2372       -12.4576      -12.4576      
15            15            -6.7917       -0.4035       -7.1952       -7.1952       
16            16            -6.5691       -1.2564       -7.8255       -7.8255       
17            17            -13.0312      -1.7981       -14.8293      -14.8293      
18            18            -1.136        -0.1193       -1.2553       -1.2553       
19            19            -3.7935       -1.039        -4.8325       -4.8325       
20            20            -9.5794       +1.8974       -7.682        -7.682        
21            21            -0.2296       -0.3085       -0.5381       -0.5381       
22            22            -0.9084       -0.14         -1.0484       -1.0484       
23            23            -5.9509       -0.457        -6.4079       -6.4079       
24            24            -5.2702       -0.4261       -5.6963       -5.6963       
25            25            -2.7986       -0.0535       -2.8521       -2.8521       
26            26            -0.6332       -0.0212       -0.6544       -0.6544       
27            27            -1.0032       -0.008        -1.0112       -1.0112       
28            28            -1.9241       -0.0321       -1.9562       -1.9562       
29            29            -0.6723       -0.0019       -0.6742       -0.6742       
30            30            -1.8462       -0.1242       -1.9704       -1.9704       
31            31            -1.8835       -0.0518       -1.9353       -1.9353       
32            32            -0.952        -0.02         -0.972        -0.972        
33            33            -1.338        -0.0588       -1.3968       -1.3968       
34            34            -0.5831       -0.0022       -0.5853       -0.5853       
35            35            +0.0526       -0            +0.0526       +0.0526       
36            36            +0.2533       -0.0012       +0.2521       +0.2521       
37            37            -0.28         -0.0002       -0.2802       -0.2802       
38            38            +0.0128       -0            +0.0128       +0.0128       
39            39            -0.0164       -0            -0.0164       -0.0164       
40            40            +0            +0            +0            +0            
41            41            +0            +0            +0            +0            
42            42            +0            +0            +0            +0            
43            43            +0            +0            +0            +0            
44            44            +0            +0            +0            +0            
45            45            +0            +0            +0            +0            
46            46            +0            +0            +0            +0            
47            47            +0            +0            +0            +0            
48            48            +0            +0            +0            +0            
49            49            +0            +0            +0            +0            
50            50            +0            +0            +0            +0            
51            51            +0            +0            +0            +0            
52            52            +0            +0            +0            +0            
53            53            +0.0295       -0            +0.0295       +0.0295       
54            54            +0            +0            +0            +0            
55            55            +0            +0            +0            +0            
56            56            +0.0523       -0.0001       +0.0522       +0.0522       
57            57            +0            +0            +0            +0            
58            58            +0            +0            +0            +0            
59            59            +0            +0            +0            +0            
60            60            +0            +0            +0            +0            
61            61            +0            +0            +0            +0            
62            62            +0            +0            +0            +0            
63            63            +0            +0            +0            +0            
64            64            +0            +0            +0            +0            
65            65            +0            +0            +0            +0            
66            66            +0            +0            +0            +0            
67            67            +0.0047       -0            +0.0047       +0.0047       
68            68            +0            -0            +0            +0            
69            69            +0            +0            +0            +0            
70            70            +0            +0            +0            +0            
71            71            +0            +0            +0            +0            
72            72            +0            +0            +0            +0            
73            73            +0            +0            +0            +0            
74            74            +0            +0            +0            +0            
75            75            +0            +0            +0            +0            
76            76            +0            +0            +0            +0            
77            77            +0            +0            +0            +0            
78            78            +0            +0            +0            +0            
79            79            +0.1152       -0.0004       +0.1148       +0.1148       
80            80            +0.0187       -0            +0.0187       +0.0187       
81            81            +0.0612       -0            +0.0612       +0.0612       
82            82            +0.1138       -0.0002       +0.1136       +0.1136       
83            83            +0.0012       -0            +0.0012       +0.0012       
84            84            +0.0087       -0            +0.0087       +0.0087       
85            85            +0.0562       -0.0014       +0.0548       +0.0548       
86            86            -0.1647       -0.0098       -0.1745       -0.1745       
87            87            +0            +0            +0            +0            
88            88            +0            +0            +0            +0            
89            89            +0            +0            +0            +0            
90            90            +0.0287       -0            +0.0287       +0.0287       
91            91            +0.0687       -0            +0.0687       +0.0687       
92            92            +0            +0            +0            +0            
93            93            +0.0023       -0.0001       +0.0022       +0.0022       
94            94            +0            -0            +0            +0            
95            95            +0.0848       -0.0001       +0.0847       +0.0847       
96            96            +0            +0            +0            +0            
97            97            +0            +0            +0            +0            
98            98            +0            +0            +0            +0            
99            99            +0.2715       -0.0019       +0.2696       +0.2696       
100           100           +0.4006       -0.0394       +0.3612       +0.3612       
101           101           +0.2512       -0.0607       +0.1905       +0.1905       
102           102           +0.2915       -0.0014       +0.2901       +0.2901       
103           103           +0.5599       -0.0065       +0.5534       +0.5534       
104           104           +0.2806       -0.0178       +0.2628       +0.2628       
105           105           +0.7811       -0.0127       +0.7684       +0.7684       
106           106           +0.5049       -0.0113       +0.4936       +0.4936       
107           107           +0.3396       -0.0108       +0.3288       +0.3288       
108           108           -0.351        -0.1031       -0.4541       -0.4541       
109           109           -0.1177       -0.0082       -0.1259       -0.1259       
110           110           +0            +0            +0            +0            
111           111           +0.0661       -0.0001       +0.066        +0.066        
112           112           +0.0094       -0.0005       +0.0089       +0.0089       
113           113           +0            +0            +0            +0            
114           114           +0.0133       -0            +0.0133       +0.0133       
115           115           +0.0057       -0.0017       +0.004        +0.004        
116           116           +0.7357       -0.036        +0.6997       +0.6997       
117           117           -0.0002       -0            -0.0002       -0.0002       
118           118           -0.0979       -0.0001       -0.098        -0.098        
119           119           +0.0884       -0.0005       +0.0879       +0.0879       
120           120           +0            +0            +0            +0            
121           121           +0.1352       -0.0003       +0.1349       +0.1349       
122           122           +0.5974       -0.0007       +0.5967       +0.5967       
123           123           +0.5358       -0.0005       +0.5353       +0.5353       
124           124           -0.223        -0.0117       -0.2347       -0.2347       
125           125           +0.0637       -0            +0.0637       +0.0637       
126           126           +0.2251       -0.0018       +0.2233       +0.2233       
127           127           +0            +0            +0            +0            
128           128           +0            +0            +0            +0            
129           129           +0            +0            +0            +0            
130           130           +0            +0            +0            +0            
131           131           +0            +0            +0            +0            
132           132           +0            +0            +0            +0            
133           133           +0            +0            +0            +0            
134           134           +0            +0            +0            +0            
135           135           +0            +0            +0            +0            
136           136           +0            +0            +0            +0            
137           137           +0            +0            +0            +0            
138           138           +0            +0            +0            +0            
139           139           +0            +0            +0            +0            
140           140           +0            +0            +0            +0            
141           141           +0            +0            +0            +0            
142           142           +0            +0            +0            +0            
143           143           +0            +0            +0            +0            
144           144           +0            +0            +0            +0            
145           145           +0            +0            +0            +0            
146           146           +0            +0            +0            +0            
147           147           -0.0369       -0            -0.0369       -0.0369       
148           148           +0.5303       -0.0486       +0.4817       +0.4817       
149           149           +0.5763       -0.0995       +0.4768       +0.4768       
150           150           -0.3265       -0.0441       -0.3706       -0.3706       
151           151           -1.2561       -0.0082       -1.2643       -1.2643       
152           152           -0.022        -0.0005       -0.0225       -0.0225       
153           153           -0.6332       -0.0138       -0.647        -0.647        
154           154           -0.4459       -0.012        -0.4579       -0.4579       
155           155           -0.8239       -0.0368       -0.8607       -0.8607       
156           156           -0.3051       -0.0345       -0.3396       -0.3396       
157           157           -0.6691       -0.0087       -0.6778       -0.6778       
158           158           -0.5946       -0.0208       -0.6154       -0.6154       
159           159           +0.1952       -0.1783       +0.0169       +0.0169       
160           160           -1.663        -0.111        -1.774        -1.774        
161           161           -3.0313       -0.2855       -3.3168       -3.3168       
162           162           -0.9342       -0.0177       -0.9519       -0.9519       
163           163           -0.4535       -0.0394       -0.4929       -0.4929       
164           164           +0.597        -0.391        +0.206        +0.206        
165           165           +0.0842       -0.0117       +0.0725       +0.0725       
166           166           +0            +0            +0            +0            
167           167           +0.1073       -0.0001       +0.1072       +0.1072       
168           168           -0.0224       -0.0143       -0.0367       -0.0367       
169           169           +0.9206       -0.1809       +0.7397       +0.7397       
170           170           -0.1389       -0.0986       -0.2375       -0.2375       
171           171           -0.4769       -0.03         -0.5069       -0.5069       
172           172           -0.1883       -0.0006       -0.1889       -0.1889       
173           173           -0.1094       -0.0018       -0.1112       -0.1112       
174           174           -0.4157       -0.0005       -0.4162       -0.4162       
175           175           -0.7358       -0.0102       -0.746        -0.746        
176           176           -0.0133       -0.0005       -0.0138       -0.0138       
177           177           -0.2882       -0.0002       -0.2884       -0.2884       
178           178           -0.057        -0            -0.057        -0.057        
179           179           -0            -0            -0            -0            
180           180           +0            +0            +0            +0            
181           181           +0            +0            +0            +0            
182           182           +0            +0            +0            +0            
183           183           +0            +0            +0            +0            
184           184           +0            +0            +0            +0            
185           185           +0            +0            +0            +0            
186           186           +0            +0            +0            +0            
187           187           -0.0017       -0            -0.0017       -0.0017       
188           188           -0.1759       -0            -0.1759       -0.1759       
189           189           -0.0764       -0.0001       -0.0765       -0.0765       
190           190           -0.0141       -0            -0.0141       -0.0141       
191           191           -0.0668       -0.0001       -0.0669       -0.0669       
192           192           -0.2434       -0.0036       -0.247        -0.247        
193           193           +0.5206       -0.0215       +0.4991       +0.4991       
194           194           +0.4935       -0.0067       +0.4868       +0.4868       
195           195           -0.0043       -0.0006       -0.0049       -0.0049       
196           196           +0.2115       -0.0021       +0.2094       +0.2094       
197           197           -0.0288       -0            -0.0288       -0.0288       
198           198           -0.1071       -0.0001       -0.1072       -0.1072       
199           199           +0.0366       -0.0006       +0.036        +0.036        
200           200           -0.0623       -0            -0.0623       -0.0623       
201           201           +0.0003       -0            +0.0003       +0.0003       
202           202           -0.0211       -0.0001       -0.0212       -0.0212       
203           203           +0            +0            +0            +0            
204           204           +0            +0            +0            +0            
205           205           +0            +0            +0            +0            
206           206           -0.0285       -0.0001       -0.0286       -0.0286       
207           207           +0            +0            +0            +0            
208           208           -0.002        -0            -0.002        -0.002        
209           209           -0.3043       -0.0071       -0.3114       -0.3114       
210           210           -0.1871       -0.0031       -0.1902       -0.1902       
211           211           +0.3539       -0.001        +0.3529       +0.3529       
212           212           +0.0841       -0.0001       +0.084        +0.084        
213           213           +0.0434       -0.0022       +0.0412       +0.0412       
214           214           -0.0641       -0.0006       -0.0647       -0.0647       
215           215           -0.0045       -0            -0.0045       -0.0045       
216           216           +0.0663       -0.0089       +0.0574       +0.0574       
217           217           +0.586        -0.0179       +0.5681       +0.5681       
218           218           +0.4991       -0.0794       +0.4197       +0.4197       
219           219           -0.0747       -0.1151       -0.1898       -0.1898       
220           220           +0.1755       -0.0003       +0.1752       +0.1752       
221           221           +0.0042       -0            +0.0042       +0.0042       
222           222           -0.1539       -0.0001       -0.154        -0.154        
223           223           -0.1058       -0.0006       -0.1064       -0.1064       
224           224           +2.217        -0.1828       +2.0342       +2.0342       
225           225           +0.072        -0.001        +0.071        +0.071        
226           226           -0.0016       -0.0044       -0.006        -0.006        
227           227           -0.8409       -0.0149       -0.8558       -0.8558       
228           228           -1.1908       -0.1522       -1.343        -1.343        
229           229           -0.899        -0.031        -0.93         -0.93         
230           230           -0.6611       -0.0328       -0.6939       -0.6939       
231           231           -0.0816       -0.107        -0.1886       -0.1886       
232           232           +0.3962       -0.1075       +0.2887       +0.2887       
233           233           +0.2003       -0.0261       +0.1742       +0.1742       
234           234           -0.651        -0.013        -0.664        -0.664        
235           235           -0.4807       -0.0077       -0.4884       -0.4884       
236           236           +0.4862       -0.1107       +0.3755       +0.3755       
237           237           -1.4818       -0.0101       -1.4919       -1.4919       
238           238           -1.9376       -0.0185       -1.9561       -1.9561       
239           239           -1.3397       -0.0217       -1.3614       -1.3614       
240           240           -0.1898       -0.0007       -0.1905       -0.1905       
241           241           -0.2098       -0.0136       -0.2234       -0.2234       
242           242           -0.4062       -0.0089       -0.4151       -0.4151       
243           243           +1.3368       -0.0145       +1.3223       +1.3223       
244           244           +0.2986       -0.0163       +0.2823       +0.2823       
245           245           -0.214        -0.0008       -0.2148       -0.2148       
246           246           +1.2494       -0.1777       +1.0717       +1.0717       
247           247           +0.4153       -0.0771       +0.3382       +0.3382       
248           248           -1.0662       -0.067        -1.1332       -1.1332       
249           249           +0.0557       -0.0093       +0.0464       +0.0464       
250           250           +0.4143       -0.2561       +0.1582       +0.1582       
251           251           +1.5053       -0.0799       +1.4254       +1.4254       
252           252           +1.4933       -0.3424       +1.1509       +1.1509       
253           253           -0.0387       -0.117        -0.1557       -0.1557       
254           254           +0.7772       -0.0359       +0.7413       +0.7413       
255           255           +0.0565       -0            +0.0565       +0.0565       
256           256           -0.0182       -0            -0.0182       -0.0182       
257           257           +0.0162       -0            +0.0162       +0.0162       
258           258           -0.4355       -0.0011       -0.4366       -0.4366       
259           259           -2.2532       -0.1331       -2.3863       -2.3863       
260           260           -1.3001       -0.3838       -1.6839       -1.6839       
261           261           +0.0961       -0.1889       -0.0928       -0.0928       
262           262           +0.2606       -0.043        +0.2176       +0.2176       
263           263           -1.5376       -0.0501       -1.5877       -1.5877       
264           264           -1.0598       -0.2876       -1.3474       -1.3474       
265           265           -0.1531       -0.0372       -0.1903       -0.1903       
266           266           -0.7936       -0.1529       -0.9465       -0.9465       
267           267           +0.0934       -0.0426       +0.0508       +0.0508       
268           268           +0.0286       -0.0304       -0.0018       -0.0018       
269           269           -1.0873       -0.0034       -1.0907       -1.0907       
270           270           +0.1264       -0.0001       +0.1263       +0.1263       
271           271           -0.0006       -0            -0.0006       -0.0006       
272           272           -0.3741       -0.0569       -0.431        -0.431        
273           273           -2.642        -0.15         -2.792        -2.792        
274           274           -0.8906       -0.0014       -0.892        -0.892        
275           275           -0.3924       -0.0012       -0.3936       -0.3936       
276           276           -0.5371       -0.001        -0.5381       -0.5381       
277           277           -0.31         -0.0302       -0.3402       -0.3402       
278           278           -0.1172       -0.0557       -0.1729       -0.1729       
279           279           -0.5096       -0.0026       -0.5122       -0.5122       
280           280           -0.5342       -0.0225       -0.5567       -0.5567       
281           281           -0.2594       -0.0039       -0.2633       -0.2633       
282           282           +0.0617       -0.0348       +0.0269       +0.0269       
283           283           +0            -0            +0            +0            
284           284           -0.2332       -0.0012       -0.2344       -0.2344       
285           285           -0.0235       -0            -0.0235       -0.0235       
286           286           -0.1838       -0.0002       -0.184        -0.184        
287           287           -0.6775       -0.0007       -0.6782       -0.6782       
288           288           -1.7205       -0.007        -1.7275       -1.7275       
289           289           -0.5218       -0.0007       -0.5225       -0.5225       
290           290           -0.1222       -0            -0.1222       -0.1222       
291           291           -0.9436       -0.0042       -0.9478       -0.9478       
292           292           -0.7008       -0.0025       -0.7033       -0.7033       
293           293           +0            +0            +0            +0            
294           294           +0            +0            +0            +0            
295           295           +0            +0            +0            +0            
296           296           +0            +0            +0            +0            
297           297           +0            +0            +0            +0            
298           298           +0            +0            +0            +0            
299           299           +0            +0            +0            +0            
300           300           +0.0011       -0            +0.0011       +0.0011       
301           301           -0.1714       -0.0016       -0.173        -0.173        
302           302           +0.0474       -0            +0.0474       +0.0474       
303           303           +0            +0            +0            +0            
304           304           +0            +0            +0            +0            
305           305           -0.3708       -0.0016       -0.3724       -0.3724       
306           306           +0.1799       -0            +0.1799       +0.1799       
307           307           +0            +0            +0            +0            
308           308           +0.0625       -0            +0.0625       +0.0625       
309           309           +0.0698       -0.0004       +0.0694       +0.0694       
310           310           +0.1065       -0.0015       +0.105        +0.105        
311           311           +0            +0            +0            +0            
312           312           +0.0091       -0.0077       +0.0014       +0.0014       
313           313           +0.0024       -0            +0.0024       +0.0024       
314           314           +0            +0            +0            +0            
315           315           +0.2923       -0.0011       +0.2912       +0.2912       
316           316           +0            +0            +0            +0            
317           317           -0.3607       -0.0018       -0.3625       -0.3625       
318           318           -0.2173       -0.0051       -0.2224       -0.2224       
319           319           -0.0716       -0.0001       -0.0717       -0.0717       
320           320           +0.0001       -0            +0.0001       +0.0001       
321           321           +0.3948       -0.0045       +0.3903       +0.3903       
322           322           +0.0503       -0.0026       +0.0477       +0.0477       
323           323           +0            +0            +0            +0            
324           324           +0.0069       -0            +0.0069       +0.0069       
325           325           +0.1104       -0.0026       +0.1078       +0.1078       
326           326           +0.3001       -0.0003       +0.2998       +0.2998       
327           327           +0.0735       -0            +0.0735       +0.0735       
328           328           +0.0065       -0.003        +0.0035       +0.0035       
329           329           -0.4622       -0.0045       -0.4667       -0.4667       
330           330           -0.1219       -0.0002       -0.1221       -0.1221       
331           331           -0.172        -0.0001       -0.1721       -0.1721       
332           332           -0.065        -0            -0.065        -0.065        
333           333           -0.056        -0.0007       -0.0567       -0.0567       
334           334           -0.1794       -0.003        -0.1824       -0.1824       
335           335           -0.2174       -0.0017       -0.2191       -0.2191       
336           336           -0.0653       -0.0002       -0.0655       -0.0655       
337           337           +0.0804       -0.0007       +0.0797       +0.0797       
338           338           +0.0256       -0.0097       +0.0159       +0.0159       
339           339           +0            +0            +0            +0            
340           340           +0            +0            +0            +0            
341           341           -0.4613       -0.0015       -0.4628       -0.4628       
342           342           -0.2345       -0.0005       -0.235        -0.235        
343           343           -0.1755       -0.0016       -0.1771       -0.1771       
344           344           -0.0452       -0.0253       -0.0705       -0.0705       
345           345           -0.2812       -0.0078       -0.289        -0.289        
346           346           -0.0635       -0.018        -0.0815       -0.0815       
347           347           -0.2746       -0.0049       -0.2795       -0.2795       
348           348           -0.084        -0.0112       -0.0952       -0.0952       
349           349           -0.233        -0.0012       -0.2342       -0.2342       
350           350           +0.1825       -0.0088       +0.1737       +0.1737       
351           351           +0.0439       -0.0115       +0.0324       +0.0324       
352           352           -0.0501       -0.0087       -0.0588       -0.0588       
353           353           -0.3991       -0.0833       -0.4824       -0.4824       
354           354           -0.0951       -0.0008       -0.0959       -0.0959       
355           355           -0.1054       -0.0002       -0.1056       -0.1056       
