Frame         Time          Elec          VdW           Nonbond       Total         
0             0             -2.1551       -3.5367       -5.6918       -5.6918       
1             1             -1.9979       -2.7494       -4.7473       -4.7473       
2             2             -2.5638       -4.0302       -6.594        -6.594        
3             3             +1.3893       -4.5851       -3.1958       -3.1958       
4             4             +4.3159       -2.2219       +2.094        +2.094        
5             5             +5.6844       -1.4407       +4.2437       +4.2437       
6             6             -0.2538       -4.6617       -4.9155       -4.9155       
7             7             +0.6743       -2.6336       -1.9593       -1.9593       
8             8             -2.4489       -7.9517       -10.4006      -10.4006      
9             9             -5.5717       -7.442        -13.0137      -13.0137      
10            10            -5.1546       -6.7247       -11.8793      -11.8793      
11            11            -2.9324       -7.8381       -10.7705      -10.7705      
12            12            -6.1989       -6.2609       -12.4598      -12.4598      
13            13            -4.3041       -0.3468       -4.6509       -4.6509       
14            14            -1.8566       -1.5372       -3.3938       -3.3938       
15            15            +4.0638       -1.9083       +2.1555       +2.1555       
16            16            +1.8275       -3.6843       -1.8568       -1.8568       
17            17            +1.8422       -3.9657       -2.1235       -2.1235       
18            18            -3.6917       -4.7426       -8.4343       -8.4343       
19            19            -5.1291       -2.6226       -7.7517       -7.7517       
20            20            -2.5272       -5.1051       -7.6323       -7.6323       
21            21            -2.7488       -3.8707       -6.6195       -6.6195       
22            22            -3.684        -5.4365       -9.1205       -9.1205       
23            23            -11.4218      -4.2827       -15.7045      -15.7045      
24            24            +1.6133       -3.8025       -2.1892       -2.1892       
25            25            -1.6527       -3.8609       -5.5136       -5.5136       
26            26            +3.7604       -2.1961       +1.5643       +1.5643       
27            27            +0.1444       -0.8038       -0.6594       -0.6594       
28            28            +0.8164       -2.1845       -1.3681       -1.3681       
29            29            +2.9918       -0.5689       +2.4229       +2.4229       
30            30            +0.9372       -0.9454       -0.0082       -0.0082       
31            31            +1.013        -0.8551       +0.1579       +0.1579       
32            32            +1.2894       -2.3624       -1.073        -1.073        
33            33            +2.0337       -0.7625       +1.2712       +1.2712       
34            34            +2.4738       -0.7146       +1.7592       +1.7592       
35            35            +0.5539       -2.5054       -1.9515       -1.9515       
36            36            -1.3834       -3.8153       -5.1987       -5.1987       
37            37            -0.6976       -2.847        -3.5446       -3.5446       
38            38            +1.8026       -3.8299       -2.0273       -2.0273       
39            39            -1.7237       -2.007        -3.7307       -3.7307       
40            40            -6.2293       -2.6698       -8.8991       -8.8991       
41            41            -3.8478       -3.6794       -7.5272       -7.5272       
42            42            -0.5395       -5.1545       -5.694        -5.694        
43            43            +1.1774       -4.0425       -2.8651       -2.8651       
44            44            -1.7136       -2.5628       -4.2764       -4.2764       
45            45            +0.8763       -3.8293       -2.953        -2.953        
46            46            -1.7221       -3.249        -4.9711       -4.9711       
47            47            -0.7634       -2.0939       -2.8573       -2.8573       
48            48            -8.369        -5.8643       -14.2333      -14.2333      
49            49            -4.1785       -3.9074       -8.0859       -8.0859       
50            50            -5.2125       -1.4927       -6.7052       -6.7052       
51            51            -6.3436       -4.6652       -11.0088      -11.0088      
52            52            -1.1675       -3.1682       -4.3357       -4.3357       
53            53            -11.7859      -3.2389       -15.0248      -15.0248      
54            54            -3.9676       -2.045        -6.0126       -6.0126       
55            55            -3.6061       -2.401        -6.0071       -6.0071       
56            56            -3.8056       -0.8062       -4.6118       -4.6118       
57            57            +1.4548       -1.5552       -0.1004       -0.1004       
58            58            -3.2387       -1.0187       -4.2574       -4.2574       
59            59            -2.5466       -1.7034       -4.25         -4.25         
60            60            -1.8627       -2.0105       -3.8732       -3.8732       
61            61            -5.4871       -0.8286       -6.3157       -6.3157       
62            62            -0.156        -0.8587       -1.0147       -1.0147       
63            63            +0.1354       -1.2345       -1.0991       -1.0991       
64            64            +3.2638       -1.4902       +1.7736       +1.7736       
65            65            +2.6286       -1.5376       +1.091        +1.091        
66            66            -0.8626       -2.1762       -3.0388       -3.0388       
67            67            -3.8873       -3.5887       -7.476        -7.476        
68            68            -8.0216       -4.0693       -12.0909      -12.0909      
69            69            -1.6269       -3.3469       -4.9738       -4.9738       
70            70            +0.1271       -3.2643       -3.1372       -3.1372       
71            71            +0.2843       -1.5759       -1.2916       -1.2916       
72            72            +1.6189       -3.4325       -1.8136       -1.8136       
73            73            -0.0517       -2.4082       -2.4599       -2.4599       
74            74            +5.2162       -0.8284       +4.3878       +4.3878       
75            75            +0.847        -1.3719       -0.5249       -0.5249       
76            76            +9.7648       -2.2526       +7.5122       +7.5122       
77            77            +5.9712       -1.0089       +4.9623       +4.9623       
78            78            +0.9877       -0.4019       +0.5858       +0.5858       
79            79            +4.2085       -2.0482       +2.1603       +2.1603       
80            80            +0.6951       -3.4091       -2.714        -2.714        
81            81            +5.0218       -1.5763       +3.4455       +3.4455       
82            82            -2.4302       -2.2829       -4.7131       -4.7131       
83            83            -2.6032       -0.9394       -3.5426       -3.5426       
84            84            -1.2745       -0.8633       -2.1378       -2.1378       
85            85            -9.6564       -1.8633       -11.5197      -11.5197      
86            86            +0.1643       -2.7967       -2.6324       -2.6324       
87            87            -4.9049       -1.4615       -6.3664       -6.3664       
88            88            -7.0509       -3.2619       -10.3128      -10.3128      
89            89            -7.4037       -3.5506       -10.9543      -10.9543      
90            90            -4.4025       -2.8583       -7.2608       -7.2608       
91            91            -3.5186       -4.0902       -7.6088       -7.6088       
92            92            -5.8147       -4.4497       -10.2644      -10.2644      
93            93            -0.9562       -1.3527       -2.3089       -2.3089       
94            94            -1.2914       -2.7275       -4.0189       -4.0189       
95            95            +0.2179       -1.4389       -1.221        -1.221        
96            96            +3.9034       -1.8439       +2.0595       +2.0595       
97            97            +1.1105       -2.9353       -1.8248       -1.8248       
98            98            +2.8077       -2.3917       +0.416        +0.416        
99            99            +4.0381       -1.5008       +2.5373       +2.5373       
100           100           +2.8046       -3.5275       -0.7229       -0.7229       
101           101           +5.6822       -3.0024       +2.6798       +2.6798       
102           102           +0.1453       -5.0551       -4.9098       -4.9098       
103           103           +0.7136       -3.6468       -2.9332       -2.9332       
104           104           +0.2602       -1.8781       -1.6179       -1.6179       
105           105           +4.2135       -1.8568       +2.3567       +2.3567       
106           106           +3.7196       -2.7638       +0.9558       +0.9558       
107           107           +2.1421       -2.6571       -0.515        -0.515        
108           108           -1.9151       -2.4984       -4.4135       -4.4135       
109           109           -2.2334       -1.9318       -4.1652       -4.1652       
110           110           -3.2661       -2.9815       -6.2476       -6.2476       
111           111           -3.4302       -2.6799       -6.1101       -6.1101       
112           112           -1.631        -2.9554       -4.5864       -4.5864       
113           113           -2.7669       -1.9286       -4.6955       -4.6955       
114           114           -0.4495       -3.1266       -3.5761       -3.5761       
115           115           -1.4209       -0.879        -2.2999       -2.2999       
116           116           +0.1373       -1.3209       -1.1836       -1.1836       
117           117           -1.0964       -1.454        -2.5504       -2.5504       
118           118           -5.0264       -0.5872       -5.6136       -5.6136       
119           119           -4.8873       -1.0114       -5.8987       -5.8987       
120           120           -3.5374       -0.8999       -4.4373       -4.4373       
121           121           -1.9013       -3.7975       -5.6988       -5.6988       
122           122           -2.0054       -2.544        -4.5494       -4.5494       
123           123           +0.2884       -3.6279       -3.3395       -3.3395       
124           124           +0.5253       -0.9356       -0.4103       -0.4103       
125           125           -4.5573       -0.8363       -5.3936       -5.3936       
126           126           -5.4647       -0.8448       -6.3095       -6.3095       
127           127           -7.7664       -0.4622       -8.2286       -8.2286       
128           128           -3.2722       -0.6496       -3.9218       -3.9218       
129           129           -1.0995       -0.8114       -1.9109       -1.9109       
130           130           +0.2347       -1.8737       -1.639        -1.639        
131           131           -2.3099       -1.1325       -3.4424       -3.4424       
132           132           -12.0797      -0.6412       -12.7209      -12.7209      
133           133           +3.1783       -2.007        +1.1713       +1.1713       
134           134           +1.3376       -2.184        -0.8464       -0.8464       
135           135           -3.1681       -1.6633       -4.8314       -4.8314       
136           136           -0.6851       -1.6084       -2.2935       -2.2935       
137           137           -0.3692       -0.986        -1.3552       -1.3552       
138           138           -2.8284       -0.6333       -3.4617       -3.4617       
139           139           -2.6115       -0.5332       -3.1447       -3.1447       
140           140           -1.814        -0.352        -2.166        -2.166        
141           141           -1.0993       -0.6866       -1.7859       -1.7859       
142           142           +1.7972       -0.669        +1.1282       +1.1282       
143           143           +2.0127       -0.2152       +1.7975       +1.7975       
144           144           +0.5458       -0.0994       +0.4464       +0.4464       
145           145           +0.7163       -0.6245       +0.0918       +0.0918       
146           146           -1.4365       -0.4219       -1.8584       -1.8584       
147           147           -2.0411       -0.7913       -2.8324       -2.8324       
148           148           -0.3924       -0.2943       -0.6867       -0.6867       
149           149           -3.3274       -1.3477       -4.6751       -4.6751       
150           150           -3.35         -0.4195       -3.7695       -3.7695       
151           151           +2.2715       -0.5456       +1.7259       +1.7259       
152           152           -2.2478       -0.7156       -2.9634       -2.9634       
153           153           -6.2483       -0.4539       -6.7022       -6.7022       
154           154           -3.9799       -0.5289       -4.5088       -4.5088       
155           155           -3.753        -1.0551       -4.8081       -4.8081       
156           156           -2.965        -1.4452       -4.4102       -4.4102       
157           157           -0.5243       -0.4223       -0.9466       -0.9466       
158           158           +2.6276       -0.2046       +2.423        +2.423        
159           159           +4.8286       -1.0527       +3.7759       +3.7759       
160           160           -1.9935       -1.2777       -3.2712       -3.2712       
161           161           -0.8925       -0.3234       -1.2159       -1.2159       
162           162           -0.2113       -0.3015       -0.5128       -0.5128       
163           163           -1.3588       -0.4308       -1.7896       -1.7896       
164           164           -4.3004       -0.846        -5.1464       -5.1464       
165           165           -0.4127       -0.7153       -1.128        -1.128        
166           166           +0.3876       -2.392        -2.0044       -2.0044       
167           167           -2.3468       -2.6267       -4.9735       -4.9735       
168           168           -1.1332       -2.4804       -3.6136       -3.6136       
169           169           +1.9299       -2.3368       -0.4069       -0.4069       
170           170           -0.0834       -2.5749       -2.6583       -2.6583       
171           171           -0.9405       -1.6379       -2.5784       -2.5784       
172           172           +2.6359       -1.7048       +0.9311       +0.9311       
173           173           -1.6563       -0.9252       -2.5815       -2.5815       
174           174           -4.3888       -1.0297       -5.4185       -5.4185       
175           175           -5.2108       -1.4135       -6.6243       -6.6243       
176           176           -11.2468      -3.5344       -14.7812      -14.7812      
177           177           -18.2638      -0.5778       -18.8416      -18.8416      
178           178           -6.677        -1.7503       -8.4273       -8.4273       
179           179           -3.3448       -3.7231       -7.0679       -7.0679       
180           180           -9.76         -2.7506       -12.5106      -12.5106      
181           181           -14.9294      -1.2794       -16.2088      -16.2088      
182           182           -3.5218       -2.0379       -5.5597       -5.5597       
183           183           +0.383        -1.4715       -1.0885       -1.0885       
184           184           -3.5771       -1.219        -4.7961       -4.7961       
185           185           -4.9098       -1.0571       -5.9669       -5.9669       
186           186           -0.2728       -0.7212       -0.994        -0.994        
187           187           -0.0635       -0.7692       -0.8327       -0.8327       
188           188           +3.2114       -1.9175       +1.2939       +1.2939       
189           189           +2.9574       -1.4329       +1.5245       +1.5245       
190           190           +2.4435       -3.3521       -0.9086       -0.9086       
191           191           +1.3392       -1.1099       +0.2293       +0.2293       
192           192           +2.8693       -1.2921       +1.5772       +1.5772       
193           193           -9.6113       -1.2702       -10.8815      -10.8815      
194           194           -1.4638       -0.8203       -2.2841       -2.2841       
195           195           -3.6775       -1.6258       -5.3033       -5.3033       
196           196           +2.3763       -0.8628       +1.5135       +1.5135       
197           197           +0.801        -0.8195       -0.0185       -0.0185       
198           198           -1.3388       -6.0299       -7.3687       -7.3687       
199           199           -1.3363       -1.8589       -3.1952       -3.1952       
200           200           -0.2394       -0.6048       -0.8442       -0.8442       
201           201           -1.7284       -1.3363       -3.0647       -3.0647       
202           202           -0.6276       -0.9143       -1.5419       -1.5419       
203           203           -12.9675      -6.6226       -19.5901      -19.5901      
204           204           -9.9029       -5.0054       -14.9083      -14.9083      
205           205           -10.4203      -7.0835       -17.5038      -17.5038      
206           206           +2.8343       -4.8276       -1.9933       -1.9933       
207           207           +0.7006       -2.8077       -2.1071       -2.1071       
208           208           +2.3078       -4.0983       -1.7905       -1.7905       
209           209           +5.3288       -0.489        +4.8398       +4.8398       
210           210           -0.3224       -2.0168       -2.3392       -2.3392       
211           211           -0.7505       -1.4845       -2.235        -2.235        
212           212           -3.6961       -4.5175       -8.2136       -8.2136       
213           213           -3.5959       -3.8948       -7.4907       -7.4907       
214           214           -3.8248       -3.639        -7.4638       -7.4638       
215           215           -0.3849       -4.4008       -4.7857       -4.7857       
216           216           -3.3605       -2.8949       -6.2554       -6.2554       
217           217           -5.6369       -3.4042       -9.0411       -9.0411       
218           218           -2.6566       -1.9263       -4.5829       -4.5829       
219           219           -6.9672       -5.0949       -12.0621      -12.0621      
220           220           -4.3384       -2.6577       -6.9961       -6.9961       
221           221           -2.4669       -2.5289       -4.9958       -4.9958       
222           222           +0.4071       -0.4142       -0.0071       -0.0071       
223           223           -1.496        -0.8669       -2.3629       -2.3629       
224           224           -3.8648       -1.8822       -5.747        -5.747        
225           225           -2.3448       -0.6424       -2.9872       -2.9872       
226           226           +0.3443       -2.0042       -1.6599       -1.6599       
227           227           -1.5962       -2.4121       -4.0083       -4.0083       
228           228           +1.4624       -1.5872       -0.1248       -0.1248       
229           229           +3.4031       -2.6841       +0.719        +0.719        
230           230           +0.3988       -4.1464       -3.7476       -3.7476       
231           231           +0.1122       -0.7832       -0.671        -0.671        
232           232           -2.7523       -2.7023       -5.4546       -5.4546       
233           233           -3.5262       -2.8111       -6.3373       -6.3373       
234           234           -4.223        -6.0191       -10.2421      -10.2421      
235           235           -0.2368       -8.2077       -8.4445       -8.4445       
236           236           -4.3709       -3.5827       -7.9536       -7.9536       
237           237           -4.0272       -3.5689       -7.5961       -7.5961       
238           238           -5.6174       -3.3845       -9.0019       -9.0019       
239           239           -1.8201       -5.2641       -7.0842       -7.0842       
240           240           -2.4539       -2.8253       -5.2792       -5.2792       
241           241           -2.7113       -4.3475       -7.0588       -7.0588       
242           242           +0.0147       -4.5713       -4.5566       -4.5566       
243           243           -1.4348       -1.0763       -2.5111       -2.5111       
244           244           +1.7682       -3.5302       -1.762        -1.762        
245           245           -7.5934       -4.7925       -12.3859      -12.3859      
246           246           -1.3744       -4.4427       -5.8171       -5.8171       
247           247           +1.6494       -1.0257       +0.6237       +0.6237       
248           248           +0.3218       -2.7776       -2.4558       -2.4558       
249           249           -1.5089       -2.3736       -3.8825       -3.8825       
250           250           -4.3478       -3.4819       -7.8297       -7.8297       
251           251           -1.3205       -4.1624       -5.4829       -5.4829       
252           252           -3.9325       -2.8699       -6.8024       -6.8024       
253           253           -5.372        -2.1789       -7.5509       -7.5509       
254           254           -9.8928       -7.9798       -17.8726      -17.8726      
255           255           -3.3495       -5.8123       -9.1618       -9.1618       
256           256           -4.5152       -5.5373       -10.0525      -10.0525      
257           257           -3.5837       -2.5678       -6.1515       -6.1515       
258           258           -3.4022       -3.2153       -6.6175       -6.6175       
259           259           -1.1497       -1.3919       -2.5416       -2.5416       
260           260           -3.9865       -3.7815       -7.768        -7.768        
261           261           -5.665        -3.7468       -9.4118       -9.4118       
262           262           -4.0755       -5.6192       -9.6947       -9.6947       
263           263           -1.0721       -2.1108       -3.1829       -3.1829       
264           264           +0.0745       -5.8357       -5.7612       -5.7612       
265           265           -2.0322       -4.4144       -6.4466       -6.4466       
266           266           +0.8255       -5.6771       -4.8516       -4.8516       
267           267           -2.7642       -4.1087       -6.8729       -6.8729       
268           268           -4.4254       -3.4107       -7.8361       -7.8361       
269           269           -3.4579       -3.043        -6.5009       -6.5009       
270           270           -5.226        -3.6306       -8.8566       -8.8566       
271           271           -10.5905      -3.9614       -14.5519      -14.5519      
272           272           -10.8987      -6.5792       -17.4779      -17.4779      
273           273           -7.9717       -6.0453       -14.017       -14.017       
274           274           -6.7751       -5.761        -12.5361      -12.5361      
275           275           -7.5707       -5.1296       -12.7003      -12.7003      
276           276           -7.3812       -6.145        -13.5262      -13.5262      
277           277           -7.389        -7.2746       -14.6636      -14.6636      
278           278           -13.1218      -7.8414       -20.9632      -20.9632      
279           279           -13.1901      -8.7568       -21.9469      -21.9469      
280           280           -9.956        -6.8218       -16.7778      -16.7778      
281           281           +0.442        -2.8664       -2.4244       -2.4244       
282           282           -1.7093       -3.4835       -5.1928       -5.1928       
283           283           -5.6434       -5.8825       -11.5259      -11.5259      
284           284           +0.7901       -3.12         -2.3299       -2.3299       
285           285           +0.4361       -5.6105       -5.1744       -5.1744       
286           286           -3.3225       -5.0159       -8.3384       -8.3384       
287           287           -1.5764       -4.6405       -6.2169       -6.2169       
288           288           -7.248        -5.0497       -12.2977      -12.2977      
289           289           -5.0086       -5.9525       -10.9611      -10.9611      
290           290           -8.0309       -8.5034       -16.5343      -16.5343      
291           291           -7.4397       -9.5084       -16.9481      -16.9481      
292           292           -7.6672       -9.9007       -17.5679      -17.5679      
293           293           -5.412        -9.8398       -15.2518      -15.2518      
294           294           -5.8051       -8.8315       -14.6366      -14.6366      
295           295           -1.6881       -9.5215       -11.2096      -11.2096      
296           296           -13.3404      -11.2593      -24.5997      -24.5997      
297           297           -3.9472       -10.0284      -13.9756      -13.9756      
298           298           -7.7442       -9.538        -17.2822      -17.2822      
299           299           -7.4613       -9.2028       -16.6641      -16.6641      
300           300           -7.4949       -9.4058       -16.9007      -16.9007      
301           301           -11.1644      -9.7342       -20.8986      -20.8986      
302           302           -15.5224      -9.6891       -25.2115      -25.2115      
303           303           -12.7236      -8.4011       -21.1247      -21.1247      
304           304           -12.2523      -8.2309       -20.4832      -20.4832      
305           305           -14.2444      -7.2824       -21.5268      -21.5268      
306           306           -9.007        -8.4694       -17.4764      -17.4764      
307           307           -12.5919      -5.8594       -18.4513      -18.4513      
308           308           -17.4865      -5.2142       -22.7007      -22.7007      
309           309           -13.2568      -6.8442       -20.101       -20.101       
310           310           -15.768       -5.2869       -21.0549      -21.0549      
311           311           -5.7838       -6.32         -12.1038      -12.1038      
312           312           -11.2394      -5.1759       -16.4153      -16.4153      
313           313           -9.98         -7.1442       -17.1242      -17.1242      
314           314           -9.4812       -7.917        -17.3982      -17.3982      
315           315           -8.3002       -8.266        -16.5662      -16.5662      
316           316           -7.6473       -8.7091       -16.3564      -16.3564      
317           317           +1.4777       -7.0352       -5.5575       -5.5575       
318           318           +3.1404       -1.1642       +1.9762       +1.9762       
319           319           -2.6033       -1.6421       -4.2454       -4.2454       
320           320           +5.9742       -0.9883       +4.9859       +4.9859       
321           321           +1.5463       -1.2088       +0.3375       +0.3375       
322           322           +2.0527       -0.9731       +1.0796       +1.0796       
323           323           +2.1637       -1.0328       +1.1309       +1.1309       
324           324           -0.7446       -2.2669       -3.0115       -3.0115       
325           325           +8.3227       -3.8495       +4.4732       +4.4732       
326           326           +0.164        -5.152        -4.988        -4.988        
327           327           +1.4904       -4.6955       -3.2051       -3.2051       
328           328           -1.7165       -5.1075       -6.824        -6.824        
329           329           -6.842        -3.7954       -10.6374      -10.6374      
330           330           -1.2555       -6.3113       -7.5668       -7.5668       
331           331           -3.6437       -4.5103       -8.154        -8.154        
332           332           +1.7143       -4.3653       -2.651        -2.651        
333           333           +1.8717       -4.8144       -2.9427       -2.9427       
334           334           +0.2015       -7.1243       -6.9228       -6.9228       
335           335           -1.8747       -8.2936       -10.1683      -10.1683      
336           336           +5.5509       -4.5129       +1.038        +1.038        
337           337           -2.962        -5.2836       -8.2456       -8.2456       
338           338           -2.8933       -5.5853       -8.4786       -8.4786       
339           339           -0.9395       -7.566        -8.5055       -8.5055       
340           340           +1.918        -3.8426       -1.9246       -1.9246       
341           341           -4.7396       -6.0549       -10.7945      -10.7945      
342           342           -5.9222       -6.3602       -12.2824      -12.2824      
343           343           -4.2614       -7.3246       -11.586       -11.586       
344           344           -2.7312       -5.2455       -7.9767       -7.9767       
345           345           -2.2907       -6.2303       -8.521        -8.521        
346           346           -1.5231       -4.7213       -6.2444       -6.2444       
347           347           -1.5019       -5.7606       -7.2625       -7.2625       
348           348           -4.05         -9.5238       -13.5738      -13.5738      
349           349           +0.0273       -7.815        -7.7877       -7.7877       
350           350           -1.7995       -5.4258       -7.2253       -7.2253       
351           351           -4.7076       -7.6063       -12.3139      -12.3139      
352           352           -3.4181       -8.6515       -12.0696      -12.0696      
353           353           -5.3081       -9.1367       -14.4448      -14.4448      
354           354           -3.6159       -7.9471       -11.563       -11.563       
355           355           -1.921        -9.3928       -11.3138      -11.3138      
356           356           -1.1476       -6.3182       -7.4658       -7.4658       
357           357           -0.8371       -9.3931       -10.2302      -10.2302      
358           358           -2.5489       -7.5981       -10.147       -10.147       
359           359           -3.847        -8.1674       -12.0144      -12.0144      
360           360           -4.9031       -8.9979       -13.901       -13.901       
361           361           -5.2546       -9.8916       -15.1462      -15.1462      
362           362           -1.8024       -10.6799      -12.4823      -12.4823      
363           363           -3.8956       -9.1651       -13.0607      -13.0607      
364           364           -0.3117       -8.3871       -8.6988       -8.6988       
365           365           -2.813        -8.8711       -11.6841      -11.6841      
366           366           -1.0417       -12.8216      -13.8633      -13.8633      
367           367           -4.4814       -10.818       -15.2994      -15.2994      
368           368           -2.2874       -9.3286       -11.616       -11.616       
369           369           +2.6215       -10.2278      -7.6063       -7.6063       
370           370           -10.2308      -9.5754       -19.8062      -19.8062      
371           371           -9.1964       -8.5112       -17.7076      -17.7076      
372           372           -0.6588       -5.951        -6.6098       -6.6098       
373           373           -10.3514      -8.0172       -18.3686      -18.3686      
374           374           -11.8507      -11.2026      -23.0533      -23.0533      
375           375           -1.9123       -9.6696       -11.5819      -11.5819      
376           376           -9.1531       -7.9359       -17.089       -17.089       
377           377           -9.4052       -10.7244      -20.1296      -20.1296      
378           378           -8.9444       -12.0789      -21.0233      -21.0233      
379           379           -7.572        -13.5854      -21.1574      -21.1574      
380           380           -6.8938       -10.322       -17.2158      -17.2158      
381           381           -17.264       -10.6334      -27.8974      -27.8974      
382           382           -13.1441      -14.2255      -27.3696      -27.3696      
383           383           -11.1325      -13.7591      -24.8916      -24.8916      
384           384           -14.4061      -12.979       -27.3851      -27.3851      
385           385           -17.6954      -12.555       -30.2504      -30.2504      
386           386           -11.2406      -13.3974      -24.638       -24.638       
387           387           -16.4075      -14.3688      -30.7763      -30.7763      
388           388           -3.6479       -11.9155      -15.5634      -15.5634      
389           389           -6.2261       -11.8581      -18.0842      -18.0842      
390           390           -11.3358      -11.7264      -23.0622      -23.0622      
391           391           -8.1667       -14.3276      -22.4943      -22.4943      
392           392           -18.0566      -14.0651      -32.1217      -32.1217      
393           393           -13.1739      -13.0857      -26.2596      -26.2596      
394           394           -14.0358      -9.9528       -23.9886      -23.9886      
395           395           -9.6152       -11.7986      -21.4138      -21.4138      
396           396           -9.7349       -9.6738       -19.4087      -19.4087      
397           397           -5.239        -9.2391       -14.4781      -14.4781      
398           398           -3.9638       -11.7295      -15.6933      -15.6933      
399           399           -13.4132      -12.3102      -25.7234      -25.7234      
400           400           -9.9019       -8.4348       -18.3367      -18.3367      
