Frame         Time          Elec          VdW           Nonbond       Total         
0             0             -15.1327      -2.1173       -17.25        -17.25        
1             1             -14.2428      -0.0523       -14.2951      -14.2951      
2             2             -13.2743      -4.2493       -17.5236      -17.5236      
3             3             -14.2025      -3.5209       -17.7234      -17.7234      
4             4             -20.2275      -2.9981       -23.2256      -23.2256      
5             5             -24.2044      -3.2268       -27.4312      -27.4312      
6             6             -16.9063      -2.8969       -19.8032      -19.8032      
7             7             -18.5081      -3.6923       -22.2004      -22.2004      
8             8             -17.8505      -4.6896       -22.5401      -22.5401      
9             9             -23.1311      -4.0263       -27.1574      -27.1574      
10            10            -22.7973      -6.203        -29.0003      -29.0003      
11            11            -22.477       -6.7254       -29.2024      -29.2024      
12            12            -15.5821      -6.9555       -22.5376      -22.5376      
13            13            -20.3468      -3.4238       -23.7706      -23.7706      
14            14            -22.544       -3.685        -26.229       -26.229       
15            15            -17.5108      -3.534        -21.0448      -21.0448      
16            16            -15.1763      -3.8568       -19.0331      -19.0331      
17            17            -22.0111      -2.2224       -24.2335      -24.2335      
18            18            -18.5617      -5.168        -23.7297      -23.7297      
19            19            -20.1087      -5.2395       -25.3482      -25.3482      
20            20            -12.5021      -2.5021       -15.0042      -15.0042      
21            21            -14.0265      -4.1671       -18.1936      -18.1936      
22            22            -12.3088      -6.9621       -19.2709      -19.2709      
23            23            -10.839       -5.9718       -16.8108      -16.8108      
24            24            -13.5942      -5.0097       -18.6039      -18.6039      
25            25            -11.7043      -4.8047       -16.509       -16.509       
26            26            -16.422       -5.8344       -22.2564      -22.2564      
27            27            -16.6828      -5.4595       -22.1423      -22.1423      
28            28            -12.8216      -4.5509       -17.3725      -17.3725      
29            29            -18.1634      -6.1109       -24.2743      -24.2743      
30            30            -10.7371      -7.5028       -18.2399      -18.2399      
31            31            -9.7771       -6.4907       -16.2678      -16.2678      
32            32            -8.1211       -7.443        -15.5641      -15.5641      
33            33            -5.5143       -6.3222       -11.8365      -11.8365      
34            34            -12.1009      -5.8719       -17.9728      -17.9728      
35            35            -14.5842      -6.0888       -20.673       -20.673       
36            36            -7.8396       -4.1063       -11.9459      -11.9459      
37            37            -1.2749       -3.6867       -4.9616       -4.9616       
38            38            -5.2355       -3.0511       -8.2866       -8.2866       
39            39            -11.3844      -2.073        -13.4574      -13.4574      
40            40            -4.1952       -3.028        -7.2232       -7.2232       
41            41            -10.2504      -2.9721       -13.2225      -13.2225      
42            42            -11.3698      -3.173        -14.5428      -14.5428      
43            43            -4.8805       -3.3098       -8.1903       -8.1903       
44            44            -2.7027       -3.0771       -5.7798       -5.7798       
45            45            -4.5245       -1.293        -5.8175       -5.8175       
46            46            -5.2875       -2.9723       -8.2598       -8.2598       
47            47            -4.5214       -2.5439       -7.0653       -7.0653       
48            48            -3.1692       -1.188        -4.3572       -4.3572       
49            49            -2.8039       -1.0563       -3.8602       -3.8602       
50            50            -6.7314       -4.0426       -10.774       -10.774       
51            51            -4.7492       -2.8133       -7.5625       -7.5625       
52            52            -0.7203       -3.9376       -4.6579       -4.6579       
53            53            -4.9319       -3.4043       -8.3362       -8.3362       
54            54            -3.7356       -1.9226       -5.6582       -5.6582       
55            55            -2.9709       -1.8329       -4.8038       -4.8038       
56            56            -5.6281       -1.7095       -7.3376       -7.3376       
57            57            -5.1661       -1.179        -6.3451       -6.3451       
58            58            +1.1361       -0.8364       +0.2997       +0.2997       
59            59            +2.5279       -0.6314       +1.8965       +1.8965       
60            60            -0.049        -1.1933       -1.2423       -1.2423       
61            61            +3.4938       -0.6281       +2.8657       +2.8657       
62            62            +2.5004       -0.4902       +2.0102       +2.0102       
63            63            +2.7555       -0.7188       +2.0367       +2.0367       
64            64            +3.0286       -0.5532       +2.4754       +2.4754       
65            65            +2.3832       -1.4519       +0.9313       +0.9313       
66            66            -3.9898       -0.5954       -4.5852       -4.5852       
67            67            -5.5219       -0.4598       -5.9817       -5.9817       
68            68            -3.7558       -0.9119       -4.6677       -4.6677       
69            69            -6.0219       -1.0261       -7.048        -7.048        
70            70            -5.4167       -0.9888       -6.4055       -6.4055       
71            71            -4.1147       -2.8027       -6.9174       -6.9174       
72            72            -8.8331       -2.581        -11.4141      -11.4141      
73            73            -5.7607       -1.2013       -6.962        -6.962        
74            74            -8.6783       -3.2921       -11.9704      -11.9704      
75            75            -7.9122       -1.734        -9.6462       -9.6462       
76            76            -1.5078       -0.845        -2.3528       -2.3528       
77            77            -3.3489       -0.743        -4.0919       -4.0919       
78            78            -3.2369       -1.1153       -4.3522       -4.3522       
79            79            -1.6439       -1.6185       -3.2624       -3.2624       
80            80            -0.4111       -1.5352       -1.9463       -1.9463       
81            81            +5.4726       -1.5887       +3.8839       +3.8839       
82            82            +2.7388       -1.5818       +1.157        +1.157        
83            83            +0.6495       -1.0673       -0.4178       -0.4178       
84            84            +1.4079       -1.0433       +0.3646       +0.3646       
85            85            -0.8248       -0.8005       -1.6253       -1.6253       
86            86            -1.6033       -1.0234       -2.6267       -2.6267       
87            87            -2.8871       -0.9821       -3.8692       -3.8692       
88            88            -4.8458       -0.6218       -5.4676       -5.4676       
89            89            -1.16         -0.4967       -1.6567       -1.6567       
90            90            -1.5206       -0.5982       -2.1188       -2.1188       
91            91            -0.6345       -0.5168       -1.1513       -1.1513       
92            92            -1.5117       -0.5781       -2.0898       -2.0898       
93            93            +3.7121       -1.1797       +2.5324       +2.5324       
94            94            +1.7787       -1.3469       +0.4318       +0.4318       
95            95            -2.7052       -0.9932       -3.6984       -3.6984       
96            96            +5.3117       -2.0541       +3.2576       +3.2576       
97            97            +0.5762       -0.9845       -0.4083       -0.4083       
98            98            -0.5188       -0.7004       -1.2192       -1.2192       
99            99            -0.6565       -1.0104       -1.6669       -1.6669       
100           100           -4.9361       -2.1407       -7.0768       -7.0768       
101           101           -2.1321       -1.5447       -3.6768       -3.6768       
102           102           -8.0729       -2.2261       -10.299       -10.299       
103           103           -9.2262       -2.2235       -11.4497      -11.4497      
104           104           -4.5627       -3.1623       -7.725        -7.725        
105           105           -4.3478       -2.0967       -6.4445       -6.4445       
106           106           +1.6667       -1.7817       -0.115        -0.115        
107           107           -0.7615       -1.5036       -2.2651       -2.2651       
108           108           -5.4404       -0.7302       -6.1706       -6.1706       
109           109           -7.9467       -1.1706       -9.1173       -9.1173       
110           110           -5.4152       -2.4681       -7.8833       -7.8833       
111           111           -4.537        -1.8011       -6.3381       -6.3381       
112           112           +3.5121       -2.2881       +1.224        +1.224        
113           113           -4.3636       -0.5005       -4.8641       -4.8641       
114           114           -2.3471       -2.3802       -4.7273       -4.7273       
115           115           -6.8355       -3.2108       -10.0463      -10.0463      
116           116           +0.1741       -0.7897       -0.6156       -0.6156       
117           117           -0.5349       -0.4632       -0.9981       -0.9981       
118           118           +0.8125       -0.4709       +0.3416       +0.3416       
119           119           +4.3862       -0.8691       +3.5171       +3.5171       
120           120           +2.6844       -0.7186       +1.9658       +1.9658       
121           121           -0.7182       -0.9484       -1.6666       -1.6666       
122           122           +2.1365       -0.7778       +1.3587       +1.3587       
123           123           -1.7816       -1.0874       -2.869        -2.869        
124           124           -5.444        -1.4712       -6.9152       -6.9152       
125           125           -8.1885       -1.7431       -9.9316       -9.9316       
126           126           -7.5463       -1.2259       -8.7722       -8.7722       
127           127           -5.3072       -1.0953       -6.4025       -6.4025       
128           128           -3.5748       -1.5462       -5.121        -5.121        
129           129           -4.2487       -1.5661       -5.8148       -5.8148       
130           130           -4.278        -1.0568       -5.3348       -5.3348       
131           131           +1.0372       -1.0517       -0.0145       -0.0145       
132           132           -0.1643       -0.4835       -0.6478       -0.6478       
133           133           +0.8993       -0.3114       +0.5879       +0.5879       
134           134           -0.7266       -0.4665       -1.1931       -1.1931       
135           135           +1.5802       -0.4119       +1.1683       +1.1683       
136           136           +0.8631       -0.5335       +0.3296       +0.3296       
137           137           -0.3114       -0.379        -0.6904       -0.6904       
138           138           -0.8726       -0.5296       -1.4022       -1.4022       
139           139           +1.1704       -0.5413       +0.6291       +0.6291       
140           140           -1.9772       -0.9261       -2.9033       -2.9033       
141           141           -7.8779       -2.754        -10.6319      -10.6319      
142           142           -6.0226       -2.2034       -8.226        -8.226        
143           143           -2.5953       -0.9357       -3.531        -3.531        
144           144           -4.303        -0.6333       -4.9363       -4.9363       
145           145           -0.7775       -0.7153       -1.4928       -1.4928       
146           146           -1.9215       -1.2631       -3.1846       -3.1846       
147           147           +1.3475       -0.8908       +0.4567       +0.4567       
148           148           -2.4823       -0.3882       -2.8705       -2.8705       
149           149           +0.0578       -0.5127       -0.4549       -0.4549       
150           150           -2.2454       -0.3314       -2.5768       -2.5768       
151           151           -1.0529       -0.4744       -1.5273       -1.5273       
152           152           -1.5008       -0.1683       -1.6691       -1.6691       
153           153           -1.215        -0.3963       -1.6113       -1.6113       
154           154           -0.7089       -0.3718       -1.0807       -1.0807       
155           155           -6.0909       -0.4681       -6.559        -6.559        
156           156           -1.7276       -0.4898       -2.2174       -2.2174       
157           157           -0.6316       -0.6726       -1.3042       -1.3042       
158           158           -3.2594       -0.6803       -3.9397       -3.9397       
159           159           -5.5795       -0.902        -6.4815       -6.4815       
160           160           -5.1208       -1.0849       -6.2057       -6.2057       
161           161           -0.0722       -0.7512       -0.8234       -0.8234       
162           162           -4.9522       -2.4634       -7.4156       -7.4156       
163           163           -1.9249       -0.7066       -2.6315       -2.6315       
164           164           -6.6032       -0.9694       -7.5726       -7.5726       
165           165           -3.1263       -0.3883       -3.5146       -3.5146       
166           166           -2.8082       -0.5616       -3.3698       -3.3698       
167           167           -4.7128       -0.3123       -5.0251       -5.0251       
168           168           -2.9255       -0.2916       -3.2171       -3.2171       
169           169           -4.6657       -0.4726       -5.1383       -5.1383       
170           170           -5.4057       -0.4643       -5.87         -5.87         
171           171           -4.8841       -0.5003       -5.3844       -5.3844       
172           172           -6.6147       -0.7595       -7.3742       -7.3742       
173           173           -3.1565       -0.515        -3.6715       -3.6715       
174           174           -4.3466       -0.6197       -4.9663       -4.9663       
175           175           -2.2505       -0.3615       -2.612        -2.612        
176           176           -2.265        -0.5642       -2.8292       -2.8292       
177           177           -5.8757       -0.4845       -6.3602       -6.3602       
178           178           -1.9721       -0.6354       -2.6075       -2.6075       
179           179           -4.9371       -0.824        -5.7611       -5.7611       
180           180           +0.4307       -0.6608       -0.2301       -0.2301       
181           181           -1.5894       -0.6583       -2.2477       -2.2477       
182           182           -6.4073       -1.6775       -8.0848       -8.0848       
183           183           -8.2544       -1.8962       -10.1506      -10.1506      
184           184           +2.3484       -0.6812       +1.6672       +1.6672       
185           185           +0.4106       -0.5196       -0.109        -0.109        
186           186           -0.0267       -0.4673       -0.494        -0.494        
187           187           +0.2697       -0.7962       -0.5265       -0.5265       
188           188           +0.5854       -0.4436       +0.1418       +0.1418       
189           189           +0.3822       -0.8182       -0.436        -0.436        
190           190           -1.0626       -0.6469       -1.7095       -1.7095       
191           191           +0.7514       -1.6991       -0.9477       -0.9477       
192           192           +0.981        -0.3929       +0.5881       +0.5881       
193           193           -0.2898       -1.3537       -1.6435       -1.6435       
194           194           +3.5321       -3.2542       +0.2779       +0.2779       
195           195           +2.4413       -1.9697       +0.4716       +0.4716       
196           196           +3.3879       -3.0439       +0.344        +0.344        
197           197           +2.8367       -1.9917       +0.845        +0.845        
198           198           +2.6029       -3.102        -0.4991       -0.4991       
199           199           +3.18         -3.1987       -0.0187       -0.0187       
200           200           +0.9885       -2.5907       -1.6022       -1.6022       
201           201           +1.0811       -2.5723       -1.4912       -1.4912       
202           202           +2.0027       -4.2576       -2.2549       -2.2549       
203           203           +1.3108       -4.8799       -3.5691       -3.5691       
204           204           +2.8873       -2.798        +0.0893       +0.0893       
205           205           +3.4053       -4.2246       -0.8193       -0.8193       
206           206           +5.2746       -3.8966       +1.378        +1.378        
207           207           +3.994        -4.2712       -0.2772       -0.2772       
208           208           +6.5787       -3.7661       +2.8126       +2.8126       
209           209           +2.3154       -4.2432       -1.9278       -1.9278       
210           210           -0.1919       -4.3214       -4.5133       -4.5133       
211           211           +2.2573       -1.7998       +0.4575       +0.4575       
212           212           +0.1366       -2.8841       -2.7475       -2.7475       
213           213           -0.2948       -3.2473       -3.5421       -3.5421       
214           214           -2.6817       -2.768        -5.4497       -5.4497       
215           215           -1.507        -1.9257       -3.4327       -3.4327       
216           216           +0.2442       -1.9119       -1.6677       -1.6677       
217           217           +2.8349       -2.5017       +0.3332       +0.3332       
218           218           +1.3458       -3.5182       -2.1724       -2.1724       
219           219           -0.5422       -2.184        -2.7262       -2.7262       
220           220           +0.1398       -0.5605       -0.4207       -0.4207       
221           221           +1.2337       -1.4515       -0.2178       -0.2178       
222           222           +5.4663       -2.8786       +2.5877       +2.5877       
223           223           -3.4393       -1.5453       -4.9846       -4.9846       
224           224           -1.9834       -0.8407       -2.8241       -2.8241       
225           225           -8.724        -3.5205       -12.2445      -12.2445      
226           226           -9.0462       -2.0509       -11.0971      -11.0971      
227           227           -10.9877      -2.8457       -13.8334      -13.8334      
228           228           -8.1851       -3.6546       -11.8397      -11.8397      
229           229           -5.1999       -2.3314       -7.5313       -7.5313       
230           230           -6.892        -2.7366       -9.6286       -9.6286       
231           231           -3.1811       -1.3754       -4.5565       -4.5565       
232           232           -1.9544       -0.8661       -2.8205       -2.8205       
233           233           +0.4364       -1.1773       -0.7409       -0.7409       
234           234           +0.7039       -0.8453       -0.1414       -0.1414       
235           235           +2.1642       -0.7339       +1.4303       +1.4303       
236           236           -2.3628       -0.6749       -3.0377       -3.0377       
237           237           -2.0434       -3.1356       -5.179        -5.179        
238           238           -3.7473       -2.2595       -6.0068       -6.0068       
239           239           -1.0375       -1.953        -2.9905       -2.9905       
240           240           -3.4782       -0.4254       -3.9036       -3.9036       
241           241           -0.302        -1.0083       -1.3103       -1.3103       
242           242           -4.437        -0.8102       -5.2472       -5.2472       
243           243           -0.684        -0.7002       -1.3842       -1.3842       
244           244           -1.1619       -1.5603       -2.7222       -2.7222       
245           245           -1.5068       -0.995        -2.5018       -2.5018       
246           246           -0.919        -1.9497       -2.8687       -2.8687       
247           247           -7.0102       -2.6205       -9.6307       -9.6307       
248           248           -3.2516       -1.3957       -4.6473       -4.6473       
249           249           -1.6844       -0.5913       -2.2757       -2.2757       
250           250           -0.2718       -1.9896       -2.2614       -2.2614       
251           251           +0.7099       -1.5489       -0.839        -0.839        
252           252           -7.5288       -2.0545       -9.5833       -9.5833       
253           253           -3.7589       -1.15         -4.9089       -4.9089       
254           254           +2.8196       -3.1166       -0.297        -0.297        
255           255           -0.2093       -1.2469       -1.4562       -1.4562       
256           256           -3.4049       -1.2231       -4.628        -4.628        
257           257           -4.4526       -1.2478       -5.7004       -5.7004       
258           258           -4.5395       -1.4219       -5.9614       -5.9614       
259           259           -2.6371       -0.7147       -3.3518       -3.3518       
260           260           -3.1974       -0.6845       -3.8819       -3.8819       
261           261           -1.6153       -0.9019       -2.5172       -2.5172       
262           262           -7.114        -2.6609       -9.7749       -9.7749       
263           263           -1.6869       -1.11         -2.7969       -2.7969       
264           264           -9.6586       -3.8492       -13.5078      -13.5078      
265           265           -4.3951       -2.9349       -7.33         -7.33         
266           266           -3.0618       -0.7844       -3.8462       -3.8462       
267           267           -8.0172       -3.0388       -11.056       -11.056       
268           268           -7.6026       -1.0674       -8.67         -8.67         
269           269           -1.3763       -1.61         -2.9863       -2.9863       
270           270           -2.5597       -1.39         -3.9497       -3.9497       
271           271           -4.6377       -1.787        -6.4247       -6.4247       
272           272           +0.8626       -0.508        +0.3546       +0.3546       
273           273           +1.6886       -1.881        -0.1924       -0.1924       
274           274           +3.9051       -1.9031       +2.002        +2.002        
275           275           +3.5347       -1.4165       +2.1182       +2.1182       
276           276           +7.7316       -1.0205       +6.7111       +6.7111       
277           277           +1.155        -0.2199       +0.9351       +0.9351       
278           278           -3.2194       -0.4542       -3.6736       -3.6736       
279           279           -3.4637       -0.6617       -4.1254       -4.1254       
280           280           -4.1966       -0.5736       -4.7702       -4.7702       
281           281           -2.192        -0.673        -2.865        -2.865        
282           282           -6.4001       -0.6076       -7.0077       -7.0077       
283           283           -5.976        -0.6151       -6.5911       -6.5911       
284           284           -8.2655       -0.7856       -9.0511       -9.0511       
285           285           -6.1855       -0.3853       -6.5708       -6.5708       
286           286           -13.4953      -1.3597       -14.855       -14.855       
287           287           -5.2533       -0.3565       -5.6098       -5.6098       
288           288           -4.1394       -0.4006       -4.54         -4.54         
289           289           -6.4917       -0.3618       -6.8535       -6.8535       
290           290           -5.4313       -0.4415       -5.8728       -5.8728       
291           291           -3.5222       -0.6412       -4.1634       -4.1634       
292           292           -1.2588       -0.5095       -1.7683       -1.7683       
293           293           -5.4408       -0.3563       -5.7971       -5.7971       
294           294           -2.9178       -0.762        -3.6798       -3.6798       
295           295           -1.2805       -0.9182       -2.1987       -2.1987       
296           296           -3.9896       -0.793        -4.7826       -4.7826       
297           297           -1.3701       -0.552        -1.9221       -1.9221       
298           298           -2.4267       -0.5311       -2.9578       -2.9578       
299           299           -1.6529       -0.8717       -2.5246       -2.5246       
300           300           -0.1368       -0.5281       -0.6649       -0.6649       
301           301           +0.4722       -0.717        -0.2448       -0.2448       
302           302           -1.4284       -0.6752       -2.1036       -2.1036       
303           303           -0.1374       -1.5883       -1.7257       -1.7257       
304           304           -0.6553       -0.9992       -1.6545       -1.6545       
305           305           +0.9935       -1.0526       -0.0591       -0.0591       
306           306           -0.5834       -0.6451       -1.2285       -1.2285       
307           307           -3.8569       -0.8275       -4.6844       -4.6844       
308           308           -0.3015       -0.4393       -0.7408       -0.7408       
309           309           -1.5125       -0.562        -2.0745       -2.0745       
310           310           -4.9529       -0.6676       -5.6205       -5.6205       
311           311           -5.1895       -0.5129       -5.7024       -5.7024       
312           312           -4.3929       -0.5496       -4.9425       -4.9425       
313           313           -4.8154       -0.4201       -5.2355       -5.2355       
314           314           -4.3134       -0.8406       -5.154        -5.154        
315           315           -4.4989       -0.7599       -5.2588       -5.2588       
316           316           -4.311        -1.1009       -5.4119       -5.4119       
317           317           -5.4344       -0.8268       -6.2612       -6.2612       
318           318           -5.3983       -0.8508       -6.2491       -6.2491       
319           319           -5.068        -0.7684       -5.8364       -5.8364       
320           320           -3.8485       -1.1597       -5.0082       -5.0082       
321           321           -8.3339       -2.043        -10.3769      -10.3769      
322           322           -2.9573       -1.4452       -4.4025       -4.4025       
323           323           -4.0579       -1.0139       -5.0718       -5.0718       
324           324           -5.4949       -1.8304       -7.3253       -7.3253       
325           325           -2.8514       -1.9534       -4.8048       -4.8048       
326           326           -4.9595       -2.1949       -7.1544       -7.1544       
327           327           -3.9184       -2.405        -6.3234       -6.3234       
328           328           +0.4849       -1.3195       -0.8346       -0.8346       
329           329           -1.2574       -1.1032       -2.3606       -2.3606       
330           330           -0.4442       -1.1066       -1.5508       -1.5508       
331           331           -6.1906       -1.475        -7.6656       -7.6656       
332           332           -3.2447       -1.9264       -5.1711       -5.1711       
333           333           -7.2107       -1.6516       -8.8623       -8.8623       
334           334           -17.2068      -0.0959       -17.3027      -17.3027      
335           335           -9.979        -1.0238       -11.0028      -11.0028      
336           336           -11.2098      -2.1405       -13.3503      -13.3503      
337           337           -19.0442      -0.1373       -19.1815      -19.1815      
338           338           -5.7663       -2.1999       -7.9662       -7.9662       
339           339           -4.7541       -0.9283       -5.6824       -5.6824       
340           340           -3.6122       -2.1689       -5.7811       -5.7811       
341           341           -5.6927       -1.9972       -7.6899       -7.6899       
342           342           -7.2709       -2.2978       -9.5687       -9.5687       
343           343           -10.6342      -2.0656       -12.6998      -12.6998      
344           344           -11.4533      -2.2158       -13.6691      -13.6691      
345           345           -16.2049      +0.3527       -15.8522      -15.8522      
346           346           -13.4625      -2.0225       -15.485       -15.485       
347           347           -10.7341      -2.2756       -13.0097      -13.0097      
348           348           -16.4228      -3.1841       -19.6069      -19.6069      
349           349           -9.7777       -2.0812       -11.8589      -11.8589      
350           350           -11.8352      -2.537        -14.3722      -14.3722      
351           351           -8.0338       -2.5959       -10.6297      -10.6297      
352           352           -1.7453       -4.4195       -6.1648       -6.1648       
353           353           -5.6626       -1.3479       -7.0105       -7.0105       
354           354           -2.6555       -1.1361       -3.7916       -3.7916       
355           355           -4.6849       -0.7575       -5.4424       -5.4424       
