Frame         Time          Elec          VdW           Nonbond       Total         
0             0             -4.7567       -2.0931       -6.8498       -6.8498       
1             1             -9.4561       -1.3801       -10.8362      -10.8362      
2             2             -8.2963       -2.7636       -11.0599      -11.0599      
3             3             -9.4824       -2.7316       -12.214       -12.214       
4             4             -9.0388       -2.0873       -11.1261      -11.1261      
5             5             -13.6091      -1.5323       -15.1414      -15.1414      
6             6             -7.7712       -2.3453       -10.1165      -10.1165      
7             7             -2.6967       -2.42         -5.1167       -5.1167       
8             8             -7.192        -1.9679       -9.1599       -9.1599       
9             9             -7.1342       -1.1302       -8.2644       -8.2644       
10            10            -7.6427       -1.4328       -9.0755       -9.0755       
11            11            -4.3598       -1.4894       -5.8492       -5.8492       
12            12            -2.4745       -2.2962       -4.7707       -4.7707       
13            13            -0.9819       -0.4967       -1.4786       -1.4786       
14            14            +1.65         -0.8462       +0.8038       +0.8038       
15            15            -0.4964       -1.2085       -1.7049       -1.7049       
16            16            -1.2824       -1.9924       -3.2748       -3.2748       
17            17            +1.8683       -0.8179       +1.0504       +1.0504       
18            18            -2.6027       -1.3416       -3.9443       -3.9443       
19            19            -2.1624       -1.4125       -3.5749       -3.5749       
20            20            -0.6609       -1.1474       -1.8083       -1.8083       
21            21            +1.2915       -1.8173       -0.5258       -0.5258       
22            22            +2.8861       -2.1799       +0.7062       +0.7062       
23            23            -2.4744       -2.348        -4.8224       -4.8224       
24            24            -1.1306       -3.9022       -5.0328       -5.0328       
25            25            -5.3866       -3.1403       -8.5269       -8.5269       
26            26            -8.1174       -4.5147       -12.6321      -12.6321      
27            27            -5.2355       -3.6183       -8.8538       -8.8538       
28            28            -1.5056       -2.8304       -4.336        -4.336        
29            29            -3.6488       -3.4315       -7.0803       -7.0803       
30            30            -5.9309       -2.5183       -8.4492       -8.4492       
31            31            -5.1525       -2.6449       -7.7974       -7.7974       
32            32            -7.1307       -2.435        -9.5657       -9.5657       
33            33            -6.2616       -1.1083       -7.3699       -7.3699       
34            34            -0.7705       -2.3814       -3.1519       -3.1519       
35            35            -11.0561      -2.2708       -13.3269      -13.3269      
36            36            -1.2067       -2.3409       -3.5476       -3.5476       
37            37            +0.1746       -1.4699       -1.2953       -1.2953       
38            38            +0.7635       -2.4256       -1.6621       -1.6621       
39            39            -0.4499       -3.4044       -3.8543       -3.8543       
40            40            +6.1822       -2.8815       +3.3007       +3.3007       
41            41            -3.9464       -3.7758       -7.7222       -7.7222       
42            42            -8.4571       -2.5254       -10.9825      -10.9825      
43            43            -11.5408      +0.6129       -10.9279      -10.9279      
44            44            -3.3877       -3.7254       -7.1131       -7.1131       
45            45            -2.4334       -1.491        -3.9244       -3.9244       
46            46            -4.9963       -2.9682       -7.9645       -7.9645       
47            47            -1.3154       -2.6412       -3.9566       -3.9566       
48            48            +2.5007       -3.6333       -1.1326       -1.1326       
49            49            +1.0514       -1.9183       -0.8669       -0.8669       
50            50            +1.1124       -2.6936       -1.5812       -1.5812       
51            51            -6.4449       -2.5338       -8.9787       -8.9787       
52            52            -9.3674       -3.1665       -12.5339      -12.5339      
53            53            -9.3306       -3.493        -12.8236      -12.8236      
54            54            -9.4857       -4.0887       -13.5744      -13.5744      
55            55            -11.6789      -3.9327       -15.6116      -15.6116      
56            56            -10.3286      -4.1035       -14.4321      -14.4321      
57            57            -7.0746       -3.293        -10.3676      -10.3676      
58            58            -14.3317      -2.8438       -17.1755      -17.1755      
59            59            -8.6567       -4.9171       -13.5738      -13.5738      
60            60            -8.3259       -4.1012       -12.4271      -12.4271      
61            61            -9.1184       -4.1901       -13.3085      -13.3085      
62            62            -10.7669      -2.825        -13.5919      -13.5919      
63            63            -8.8731       -4.0985       -12.9716      -12.9716      
64            64            -11.3369      -4.2858       -15.6227      -15.6227      
65            65            -8.5784       -3.5352       -12.1136      -12.1136      
66            66            -10.3159      -1.247        -11.5629      -11.5629      
67            67            -9.3328       -3.7539       -13.0867      -13.0867      
68            68            -9.9864       -2.2401       -12.2265      -12.2265      
69            69            -9.1359       -0.2492       -9.3851       -9.3851       
70            70            -10.0185      -3.0282       -13.0467      -13.0467      
71            71            -9.3106       -2.2032       -11.5138      -11.5138      
72            72            -1.081        -1.8497       -2.9307       -2.9307       
73            73            -1.2212       -2.4683       -3.6895       -3.6895       
74            74            -2.986        -3.1519       -6.1379       -6.1379       
75            75            -4.621        -3.1338       -7.7548       -7.7548       
76            76            -2.7934       -3.3165       -6.1099       -6.1099       
77            77            -4.4052       -3.7978       -8.203        -8.203        
78            78            -6.3484       -4.9311       -11.2795      -11.2795      
79            79            -6.7269       -3.7136       -10.4405      -10.4405      
80            80            -0.6343       -3.5003       -4.1346       -4.1346       
81            81            -1.7415       -4.2056       -5.9471       -5.9471       
82            82            +0.1363       -3.4348       -3.2985       -3.2985       
83            83            -2.2696       -3.3667       -5.6363       -5.6363       
84            84            -0.4409       -3.6093       -4.0502       -4.0502       
85            85            -3.4877       -4.2414       -7.7291       -7.7291       
86            86            -10.3717      -4.9235       -15.2952      -15.2952      
87            87            +0.0046       -2.9994       -2.9948       -2.9948       
88            88            +1.8392       -3.794        -1.9548       -1.9548       
89            89            -4.6373       -4.9602       -9.5975       -9.5975       
90            90            -10.2782      -4.4807       -14.7589      -14.7589      
91            91            -10.9397      -3.2297       -14.1694      -14.1694      
92            92            -2.9515       -3.6283       -6.5798       -6.5798       
93            93            -8.4183       -3.1948       -11.6131      -11.6131      
94            94            -13.3346      -2.8768       -16.2114      -16.2114      
95            95            -8.6677       -3.7829       -12.4506      -12.4506      
96            96            -15.0539      -3.3462       -18.4001      -18.4001      
97            97            -6.5706       -4.6491       -11.2197      -11.2197      
98            98            -2.8347       -3.2004       -6.0351       -6.0351       
99            99            -4.3335       -3.0835       -7.417        -7.417        
100           100           -12.5846      -1.2332       -13.8178      -13.8178      
101           101           -4.5662       -2.5273       -7.0935       -7.0935       
102           102           -12.4537      -2.4955       -14.9492      -14.9492      
103           103           -15.4465      -2.3871       -17.8336      -17.8336      
104           104           -11.7409      -3.3951       -15.136       -15.136       
105           105           -8.1657       -4.3852       -12.5509      -12.5509      
106           106           -8.1484       -2.9549       -11.1033      -11.1033      
107           107           -14.693       -4.0808       -18.7738      -18.7738      
108           108           -15.9651      -4.261        -20.2261      -20.2261      
109           109           -2.9452       -3.789        -6.7342       -6.7342       
110           110           -1.6231       -3.352        -4.9751       -4.9751       
111           111           -5.4965       -5.5526       -11.0491      -11.0491      
112           112           -6.0734       -5.1816       -11.255       -11.255       
113           113           -8.5765       -3.8864       -12.4629      -12.4629      
114           114           -1.3692       -5.1324       -6.5016       -6.5016       
115           115           -8.268        -4.8376       -13.1056      -13.1056      
116           116           -7.0885       -4.8153       -11.9038      -11.9038      
117           117           -0.802        -5.5422       -6.3442       -6.3442       
118           118           -4.4383       -2.6298       -7.0681       -7.0681       
119           119           -12.4774      -4.2929       -16.7703      -16.7703      
120           120           -5.0523       -4.6535       -9.7058       -9.7058       
121           121           -1.7584       -4.8363       -6.5947       -6.5947       
122           122           -2.1254       -4.8802       -7.0056       -7.0056       
123           123           -2.0989       -3.6472       -5.7461       -5.7461       
124           124           +2.3558       -3.6292       -1.2734       -1.2734       
125           125           +2.0424       -4.6662       -2.6238       -2.6238       
126           126           +0.6245       -4.2207       -3.5962       -3.5962       
127           127           -3.8831       -4.6797       -8.5628       -8.5628       
128           128           -1.0232       -4.3798       -5.403        -5.403        
129           129           +0.8866       -4.1821       -3.2955       -3.2955       
130           130           -2.2115       -3.4381       -5.6496       -5.6496       
131           131           +1.9701       -5.7536       -3.7835       -3.7835       
132           132           +2.7157       -4.8747       -2.159        -2.159        
133           133           -0.4977       -4.671        -5.1687       -5.1687       
134           134           +2.8135       -5.395        -2.5815       -2.5815       
135           135           +6.7714       -5.0612       +1.7102       +1.7102       
136           136           +1.0934       -4.4314       -3.338        -3.338        
137           137           -1.0361       -4.7371       -5.7732       -5.7732       
138           138           -3.3146       -3.8655       -7.1801       -7.1801       
139           139           -0.6706       -5.8337       -6.5043       -6.5043       
140           140           +1.4253       -4.7982       -3.3729       -3.3729       
141           141           +1.1621       -5.0662       -3.9041       -3.9041       
142           142           +3.5983       -5.1248       -1.5265       -1.5265       
143           143           +0.0987       -3.8113       -3.7126       -3.7126       
144           144           -4.5494       -5.148        -9.6974       -9.6974       
145           145           -3.8388       -3.1937       -7.0325       -7.0325       
146           146           -9.3123       -3.7108       -13.0231      -13.0231      
147           147           -4.621        -3.1686       -7.7896       -7.7896       
148           148           -3.1616       -4.0314       -7.193        -7.193        
149           149           -8.7508       -4.4946       -13.2454      -13.2454      
150           150           -4.2908       -4.9983       -9.2891       -9.2891       
151           151           -8.8902       -2.9948       -11.885       -11.885       
152           152           -10.2618      -2.7987       -13.0605      -13.0605      
153           153           -8.3988       -4.4107       -12.8095      -12.8095      
154           154           -4.1758       -4.4609       -8.6367       -8.6367       
155           155           -9.5784       -5.1251       -14.7035      -14.7035      
156           156           -9.3091       -3.9708       -13.2799      -13.2799      
157           157           -9.282        -2.7237       -12.0057      -12.0057      
158           158           -3.6861       -4.5033       -8.1894       -8.1894       
159           159           -6.6268       -4.6668       -11.2936      -11.2936      
160           160           -10.9116      -4.7858       -15.6974      -15.6974      
161           161           -11.2191      -4.4296       -15.6487      -15.6487      
162           162           -4.2172       -5.0737       -9.2909       -9.2909       
163           163           -4.7776       -5.6843       -10.4619      -10.4619      
164           164           -9.1535       -4.0719       -13.2254      -13.2254      
165           165           -9.4516       -4.6611       -14.1127      -14.1127      
166           166           -2.8942       -4.5864       -7.4806       -7.4806       
167           167           -0.9211       -3.3261       -4.2472       -4.2472       
168           168           -0.4302       -4.1311       -4.5613       -4.5613       
169           169           -3.1359       -4.4122       -7.5481       -7.5481       
170           170           -2.9441       -4.4235       -7.3676       -7.3676       
171           171           -4.5473       -4.8598       -9.4071       -9.4071       
172           172           -6.2075       -4.6575       -10.865       -10.865       
173           173           -1.0262       -4.3524       -5.3786       -5.3786       
174           174           -4.06         -4.3273       -8.3873       -8.3873       
175           175           -2.2385       -4.0408       -6.2793       -6.2793       
176           176           -1.53         -3.6103       -5.1403       -5.1403       
177           177           -3.1308       -4.516        -7.6468       -7.6468       
178           178           -0.3713       -4.0275       -4.3988       -4.3988       
179           179           -1.244        -4.9934       -6.2374       -6.2374       
180           180           -1.9691       -4.217        -6.1861       -6.1861       
181           181           -4.9395       -4.7543       -9.6938       -9.6938       
182           182           +1.5285       -4.3538       -2.8253       -2.8253       
183           183           -1.9324       -5.3022       -7.2346       -7.2346       
184           184           -8.4522       -4.9023       -13.3545      -13.3545      
185           185           -5.7409       -5.5451       -11.286       -11.286       
186           186           -4.4244       -5.7801       -10.2045      -10.2045      
187           187           -5.4454       -4.6174       -10.0628      -10.0628      
188           188           -11.3001      -5.4308       -16.7309      -16.7309      
189           189           -4.3504       -6.0114       -10.3618      -10.3618      
190           190           -5.5172       -6.347        -11.8642      -11.8642      
191           191           -7.6401       -1.7179       -9.358        -9.358        
192           192           -2.6209       -5.0574       -7.6783       -7.6783       
193           193           -8.3005       -3.9584       -12.2589      -12.2589      
194           194           -7.8722       -5.7397       -13.6119      -13.6119      
195           195           -7.2616       -5.1506       -12.4122      -12.4122      
196           196           -7.2579       -5.0927       -12.3506      -12.3506      
197           197           -6.3889       -4.8136       -11.2025      -11.2025      
198           198           -4.2973       -5.3823       -9.6796       -9.6796       
199           199           -8.5507       -4.5889       -13.1396      -13.1396      
200           200           -8.5376       -5.4098       -13.9474      -13.9474      
201           201           -7.0769       -5.8042       -12.8811      -12.8811      
202           202           -0.4337       -4.3708       -4.8045       -4.8045       
203           203           -5.8799       -3.0712       -8.9511       -8.9511       
204           204           -4.5181       -4.7752       -9.2933       -9.2933       
205           205           -5.766        -3.9489       -9.7149       -9.7149       
206           206           -4.7192       -5.9193       -10.6385      -10.6385      
207           207           -6.6213       -5.7355       -12.3568      -12.3568      
208           208           -5.9727       -5.7206       -11.6933      -11.6933      
209           209           -6.4955       -5.9213       -12.4168      -12.4168      
210           210           -4.5144       -3.9841       -8.4985       -8.4985       
211           211           -5.0607       -4.689        -9.7497       -9.7497       
212           212           -5.6652       -5.1754       -10.8406      -10.8406      
213           213           -1.0939       -4.5181       -5.612        -5.612        
214           214           -2.7192       -4.5608       -7.28         -7.28         
215           215           -5.0157       -5.1186       -10.1343      -10.1343      
216           216           -3.092        -4.3041       -7.3961       -7.3961       
217           217           -3.5127       -4.3462       -7.8589       -7.8589       
218           218           -3.4325       -5.1451       -8.5776       -8.5776       
219           219           +2.3423       -3.7503       -1.408        -1.408        
220           220           +2.4325       -4.5813       -2.1488       -2.1488       
221           221           -2.634        -3.8593       -6.4933       -6.4933       
222           222           -2.3434       -3.889        -6.2324       -6.2324       
223           223           -6.2493       -5.5303       -11.7796      -11.7796      
224           224           -6.0068       -5.4239       -11.4307      -11.4307      
225           225           -1.7332       -4.7913       -6.5245       -6.5245       
226           226           -3.8378       -4.6141       -8.4519       -8.4519       
227           227           -4.6324       -5.9074       -10.5398      -10.5398      
228           228           -4.5625       -5.6911       -10.2536      -10.2536      
229           229           -4.1426       -5.3701       -9.5127       -9.5127       
230           230           -5.9076       -5.6873       -11.5949      -11.5949      
231           231           -3.3633       -5.9395       -9.3028       -9.3028       
232           232           -2.8885       -3.9357       -6.8242       -6.8242       
233           233           -1.168        -6.3346       -7.5026       -7.5026       
234           234           -1.4262       -5.8123       -7.2385       -7.2385       
235           235           -3.0292       -5.3848       -8.414        -8.414        
236           236           +0.935        -4.816        -3.881        -3.881        
237           237           -4.0953       -5.8796       -9.9749       -9.9749       
238           238           -2.8231       -5.6044       -8.4275       -8.4275       
239           239           -5.0584       -4.9536       -10.012       -10.012       
240           240           -6.4958       -5.4446       -11.9404      -11.9404      
241           241           -4.9438       -5.2503       -10.1941      -10.1941      
242           242           -8.7961       -5.0949       -13.891       -13.891       
243           243           -8.2676       -5.3205       -13.5881      -13.5881      
244           244           -6.9628       -5.7421       -12.7049      -12.7049      
245           245           -6.3482       -5.0362       -11.3844      -11.3844      
246           246           -6.0887       -4.6388       -10.7275      -10.7275      
247           247           -5.0807       -3.9233       -9.004        -9.004        
248           248           -5.0215       -5.273        -10.2945      -10.2945      
249           249           -6.4042       -5.9493       -12.3535      -12.3535      
250           250           -10.4264      -1.4189       -11.8453      -11.8453      
251           251           -9.4141       -3.4222       -12.8363      -12.8363      
252           252           -8.992        -4.2579       -13.2499      -13.2499      
253           253           -6.921        -4.0427       -10.9637      -10.9637      
254           254           -10.0178      -4.7713       -14.7891      -14.7891      
255           255           -13.3762      -3.5623       -16.9385      -16.9385      
256           256           -9.5037       -5.4297       -14.9334      -14.9334      
257           257           -9.2958       -4.48         -13.7758      -13.7758      
258           258           -13.0014      -5.2748       -18.2762      -18.2762      
259           259           -10.798       -4.4582       -15.2562      -15.2562      
260           260           -8.817        -3.8685       -12.6855      -12.6855      
261           261           -4.7362       -5.7793       -10.5155      -10.5155      
262           262           -5.9304       -4.366        -10.2964      -10.2964      
263           263           -2.7564       -4.6465       -7.4029       -7.4029       
264           264           -4.6484       -4.3572       -9.0056       -9.0056       
265           265           -5.0369       -3.6627       -8.6996       -8.6996       
266           266           -4.8761       -5.4543       -10.3304      -10.3304      
267           267           -7.0495       -5.1826       -12.2321      -12.2321      
268           268           -4.4871       -4.507        -8.9941       -8.9941       
269           269           -4.1127       -4.5198       -8.6325       -8.6325       
270           270           -5.2018       -5.1585       -10.3603      -10.3603      
271           271           -3.7544       -4.6364       -8.3908       -8.3908       
272           272           -3.2418       -4.7094       -7.9512       -7.9512       
273           273           -6.8103       -6.0817       -12.892       -12.892       
274           274           -4.4077       -5.3475       -9.7552       -9.7552       
275           275           -2.6683       -4.53         -7.1983       -7.1983       
276           276           +0.7897       -3.9149       -3.1252       -3.1252       
277           277           -0.569        -4.2651       -4.8341       -4.8341       
278           278           -2.5097       -4.5228       -7.0325       -7.0325       
279           279           -0.3708       -3.7728       -4.1436       -4.1436       
280           280           -1.417        -3.0821       -4.4991       -4.4991       
281           281           +1.4205       -3.5526       -2.1321       -2.1321       
282           282           +4.7737       -4.34         +0.4337       +0.4337       
283           283           +3.2843       -5.1285       -1.8442       -1.8442       
284           284           +3.1442       -4.9339       -1.7897       -1.7897       
285           285           +0.5537       -4.8638       -4.3101       -4.3101       
286           286           +3.092        -3.3989       -0.3069       -0.3069       
287           287           +5.5832       -4.9384       +0.6448       +0.6448       
288           288           +3.197        -3.8409       -0.6439       -0.6439       
289           289           +3.1872       -4.2237       -1.0365       -1.0365       
290           290           +0.8058       -4.5614       -3.7556       -3.7556       
291           291           +2.4161       -3.8805       -1.4644       -1.4644       
292           292           +1.5927       -4.6044       -3.0117       -3.0117       
293           293           +0.9118       -5.2359       -4.3241       -4.3241       
294           294           +3.2657       -4.085        -0.8193       -0.8193       
295           295           +5.2474       -4.1464       +1.101        +1.101        
296           296           +4.3243       -4.5553       -0.231        -0.231        
297           297           +2.9796       -4.347        -1.3674       -1.3674       
298           298           +2.0395       -3.7703       -1.7308       -1.7308       
299           299           +2.0172       -5.3242       -3.307        -3.307        
300           300           -4.3157       -4.0374       -8.3531       -8.3531       
301           301           -3.3421       -4.9665       -8.3086       -8.3086       
302           302           -2.0604       -4.7585       -6.8189       -6.8189       
303           303           +2.0371       -4.5009       -2.4638       -2.4638       
304           304           -0.7229       -4.5245       -5.2474       -5.2474       
305           305           -5.6475       -4.5349       -10.1824      -10.1824      
306           306           -11.5448      -3.0035       -14.5483      -14.5483      
307           307           -12.6858      -4.774        -17.4598      -17.4598      
308           308           -9.1181       -4.2937       -13.4118      -13.4118      
309           309           -12.3281      -3.9883       -16.3164      -16.3164      
310           310           -12.773       -4.2303       -17.0033      -17.0033      
311           311           -2.0828       -5.1018       -7.1846       -7.1846       
312           312           -3.894        -4.5191       -8.4131       -8.4131       
313           313           -6.9845       -4.8058       -11.7903      -11.7903      
314           314           +0.3815       -5.0991       -4.7176       -4.7176       
315           315           -10.7149      -4.6583       -15.3732      -15.3732      
316           316           -7.1149       -5.0797       -12.1946      -12.1946      
317           317           -5.1967       -5.2563       -10.453       -10.453       
318           318           -6.7971       -4.8709       -11.668       -11.668       
319           319           -7.0367       -4.5611       -11.5978      -11.5978      
320           320           -6.5997       -4.531        -11.1307      -11.1307      
321           321           -11.5857      -3.6863       -15.272       -15.272       
322           322           -6.1152       -5.1244       -11.2396      -11.2396      
323           323           -4.9609       -4.0064       -8.9673       -8.9673       
324           324           -3.4233       -3.8238       -7.2471       -7.2471       
325           325           -3.0278       -4.4479       -7.4757       -7.4757       
326           326           -0.9804       -3.7328       -4.7132       -4.7132       
327           327           -4.4444       -3.0741       -7.5185       -7.5185       
328           328           -7.0407       -4.6042       -11.6449      -11.6449      
329           329           -10.1851      -4.7094       -14.8945      -14.8945      
330           330           -10.3515      -4.7597       -15.1112      -15.1112      
331           331           -6.6552       -2.7474       -9.4026       -9.4026       
332           332           -8.4449       -5.5071       -13.952       -13.952       
333           333           -9.0404       -3.9143       -12.9547      -12.9547      
334           334           -3.4853       -5.157        -8.6423       -8.6423       
335           335           -7.7246       -4.3652       -12.0898      -12.0898      
336           336           -9.6939       -4.2085       -13.9024      -13.9024      
337           337           -5.1618       -4.5143       -9.6761       -9.6761       
338           338           -8.3124       -4.6663       -12.9787      -12.9787      
339           339           -6.4402       -4.7611       -11.2013      -11.2013      
340           340           -9.7778       -5.3873       -15.1651      -15.1651      
341           341           -9.6493       -4.6532       -14.3025      -14.3025      
342           342           -8.8012       -3.6657       -12.4669      -12.4669      
343           343           -13.0364      -4.9109       -17.9473      -17.9473      
344           344           -10.076       -4.1815       -14.2575      -14.2575      
345           345           -10.4404      -4.0386       -14.479       -14.479       
346           346           -6.7079       -5.5367       -12.2446      -12.2446      
347           347           -6.2077       -5.3342       -11.5419      -11.5419      
348           348           -7.3919       -5.7778       -13.1697      -13.1697      
349           349           -10.2057      -5.0511       -15.2568      -15.2568      
350           350           -11.3109      -4.2323       -15.5432      -15.5432      
351           351           -6.6404       -5.8315       -12.4719      -12.4719      
352           352           -6.4885       -5.0245       -11.513       -11.513       
353           353           -2.8898       -5.175        -8.0648       -8.0648       
354           354           -8.0678       -5.4248       -13.4926      -13.4926      
355           355           -12.1433      -5.086        -17.2293      -17.2293      
356           356           -10.2024      -3.8664       -14.0688      -14.0688      
357           357           -13.6947      -5.3422       -19.0369      -19.0369      
358           358           -12.6984      -5.2943       -17.9927      -17.9927      
359           359           -10.3187      -4.7932       -15.1119      -15.1119      
360           360           -9.119        -5.2405       -14.3595      -14.3595      
361           361           -2.0958       -5.8243       -7.9201       -7.9201       
362           362           -10.5045      -2.3342       -12.8387      -12.8387      
363           363           -8.8685       -4.6356       -13.5041      -13.5041      
364           364           -5.2273       -4.9953       -10.2226      -10.2226      
365           365           -10.7325      -5.1853       -15.9178      -15.9178      
366           366           -10.8071      -4.2811       -15.0882      -15.0882      
367           367           -7.763        -5.1786       -12.9416      -12.9416      
368           368           -8.9247       -4.5714       -13.4961      -13.4961      
369           369           -6.8307       -5.3157       -12.1464      -12.1464      
370           370           -5.7753       -5.0985       -10.8738      -10.8738      
371           371           -4.3467       -6.0684       -10.4151      -10.4151      
372           372           -7.3311       -3.2087       -10.5398      -10.5398      
373           373           -5.1539       -4.7556       -9.9095       -9.9095       
374           374           -4.8955       -6.1176       -11.0131      -11.0131      
375           375           -7.3257       -5.0802       -12.4059      -12.4059      
376           376           -2.368        -5.0744       -7.4424       -7.4424       
377           377           -5.1079       -3.7866       -8.8945       -8.8945       
378           378           +0.5737       -4.0969       -3.5232       -3.5232       
379           379           -1.7939       -4.8303       -6.6242       -6.6242       
380           380           -5.8771       -4.8026       -10.6797      -10.6797      
381           381           -10.9176      -3.9755       -14.8931      -14.8931      
382           382           -15.3625      -3.894        -19.2565      -19.2565      
383           383           -21.2038      -4.5106       -25.7144      -25.7144      
384           384           -16.932       -3.4308       -20.3628      -20.3628      
385           385           -11.3056      -4.0526       -15.3582      -15.3582      
386           386           -7.3403       -3.6773       -11.0176      -11.0176      
387           387           -6.9116       -3.9057       -10.8173      -10.8173      
388           388           -11.3191      -5.657        -16.9761      -16.9761      
389           389           -8.2515       -4.7604       -13.0119      -13.0119      
390           390           -5.9211       -4.5777       -10.4988      -10.4988      
391           391           -7.1972       -6.3389       -13.5361      -13.5361      
392           392           -5.5745       -5.6483       -11.2228      -11.2228      
393           393           -5.6897       -6.2072       -11.8969      -11.8969      
394           394           -7.1116       -5.4836       -12.5952      -12.5952      
395           395           -3.6783       -5.3187       -8.997        -8.997        
396           396           -4.1356       -5.6921       -9.8277       -9.8277       
397           397           -6.468        -3.7205       -10.1885      -10.1885      
398           398           -10.4452      -5.4348       -15.88        -15.88        
399           399           -9.7277       -2.4635       -12.1912      -12.1912      
400           400           -5.7974       -4.138        -9.9354       -9.9354       
