Frame         Time          Elec          VdW           Nonbond       Total         
0             0             -0.058        -0.0202       -0.0782       -0.0782       
1             1             -0.2539       -0.0008       -0.2547       -0.2547       
2             2             -0.4941       -0.0082       -0.5023       -0.5023       
3             3             -1.4236       -0.0211       -1.4447       -1.4447       
4             4             +0.2245       -0.0068       +0.2177       +0.2177       
5             5             -0.0715       -0.01         -0.0815       -0.0815       
6             6             -1.7343       -0.0189       -1.7532       -1.7532       
7             7             -2.3324       -0.028        -2.3604       -2.3604       
8             8             +0.1942       -0.0661       +0.1281       +0.1281       
9             9             -0.8447       -0.0671       -0.9118       -0.9118       
10            10            -1.7482       -0.084        -1.8322       -1.8322       
11            11            -2.4337       -0.0348       -2.4685       -2.4685       
12            12            -3.4195       -0.0721       -3.4916       -3.4916       
13            13            -2.6575       -0.0677       -2.7252       -2.7252       
14            14            -0.6386       -0.0808       -0.7194       -0.7194       
15            15            -1.5528       -0.0223       -1.5751       -1.5751       
16            16            +1.4267       -0.0499       +1.3768       +1.3768       
17            17            -0.8958       -0.008        -0.9038       -0.9038       
18            18            +2.4559       -0.1006       +2.3553       +2.3553       
19            19            +0.2611       -0.0816       +0.1795       +0.1795       
20            20            -1.9184       -0.1186       -2.037        -2.037        
21            21            +0.4804       -0.0042       +0.4762       +0.4762       
22            22            +0.9065       -0.0187       +0.8878       +0.8878       
23            23            +1.7964       -0.0173       +1.7791       +1.7791       
24            24            -0.4199       -0.0086       -0.4285       -0.4285       
25            25            +0.4908       -0.0048       +0.486        +0.486        
26            26            +0.0603       -0.0021       +0.0582       +0.0582       
27            27            +0.8337       -0.0605       +0.7732       +0.7732       
28            28            +0.9132       -0.0126       +0.9006       +0.9006       
29            29            +1.9288       -0.0334       +1.8954       +1.8954       
30            30            +1.7034       -0.0337       +1.6697       +1.6697       
31            31            -0.5603       -0.015        -0.5753       -0.5753       
32            32            +2.2581       -0.029        +2.2291       +2.2291       
33            33            +1.0424       -0.0063       +1.0361       +1.0361       
34            34            +0.2019       -0.0003       +0.2016       +0.2016       
35            35            +0.0012       -0            +0.0012       +0.0012       
36            36            +0.178        -0.0032       +0.1748       +0.1748       
37            37            -0.2077       -0.0007       -0.2084       -0.2084       
38            38            +0.0027       -0            +0.0027       +0.0027       
39            39            +0            +0            +0            +0            
40            40            -0.0404       -0.0003       -0.0407       -0.0407       
41            41            +0            +0            +0            +0            
42            42            -0.4461       -0.0018       -0.4479       -0.4479       
43            43            -0.2584       -0.0045       -0.2629       -0.2629       
44            44            -0.4199       -0.0256       -0.4455       -0.4455       
45            45            -0.7144       -0.0241       -0.7385       -0.7385       
46            46            -0.7331       -0.0211       -0.7542       -0.7542       
47            47            -0.4392       -0.0057       -0.4449       -0.4449       
48            48            +0.1447       -0.0067       +0.138        +0.138        
49            49            -0.0593       -0.0079       -0.0672       -0.0672       
50            50            -0.4497       -0.0156       -0.4653       -0.4653       
51            51            -1.0751       -0.0601       -1.1352       -1.1352       
52            52            -0.9427       -0.0373       -0.98         -0.98         
53            53            +1.5028       -0.1155       +1.3873       +1.3873       
54            54            -2.2484       -0.682        -2.9304       -2.9304       
55            55            -0.1121       -0.0832       -0.1953       -0.1953       
56            56            +0.3073       -0.0561       +0.2512       +0.2512       
57            57            +0.2594       -0.0407       +0.2187       +0.2187       
58            58            +4.4911       -0.2229       +4.2682       +4.2682       
59            59            +3.7305       -0.2617       +3.4688       +3.4688       
60            60            +3.7411       -0.1377       +3.6034       +3.6034       
61            61            +0.052        -0            +0.052        +0.052        
62            62            -0.0128       -0            -0.0128       -0.0128       
63            63            -0.3517       -0.0002       -0.3519       -0.3519       
64            64            -1.0117       -0.0174       -1.0291       -1.0291       
65            65            -0.3067       -0.1357       -0.4424       -0.4424       
66            66            -0.2288       -0.008        -0.2368       -0.2368       
67            67            -1.4321       -0.0208       -1.4529       -1.4529       
68            68            -3.1683       -0.0743       -3.2426       -3.2426       
69            69            -0.6677       -0.0103       -0.678        -0.678        
70            70            -0.2722       -0.0009       -0.2731       -0.2731       
71            71            +0.032        -0            +0.032        +0.032        
72            72            +0.5104       -0.0115       +0.4989       +0.4989       
73            73            -0.2454       -0.0204       -0.2658       -0.2658       
74            74            -0.1186       -0.0342       -0.1528       -0.1528       
75            75            -0.027        -0.0065       -0.0335       -0.0335       
76            76            +0.4964       -0.0602       +0.4362       +0.4362       
77            77            -0.0211       -0.0175       -0.0386       -0.0386       
78            78            +0.3607       -0.3247       +0.036        +0.036        
79            79            -0.1917       -0.1819       -0.3736       -0.3736       
80            80            -2.1977       -0.1363       -2.334        -2.334        
81            81            -0.7491       -0.044        -0.7931       -0.7931       
82            82            +0.5047       -0.0514       +0.4533       +0.4533       
83            83            +0.0033       -0.0001       +0.0032       +0.0032       
84            84            +0.0422       -0            +0.0422       +0.0422       
85            85            +0            +0            +0            +0            
86            86            +0            +0            +0            +0            
87            87            +0            +0            +0            +0            
88            88            +0            +0            +0            +0            
89            89            +0            +0            +0            +0            
90            90            +0.0314       -0.0008       +0.0306       +0.0306       
91            91            +0.3169       -0.0002       +0.3167       +0.3167       
92            92            +0            +0            +0            +0            
93            93            +0            +0            +0            +0            
94            94            +0            +0            +0            +0            
95            95            -0.0811       -0            -0.0811       -0.0811       
96            96            -1.0412       -0.0112       -1.0524       -1.0524       
97            97            -1.5421       -0.0191       -1.5612       -1.5612       
98            98            +0            +0            +0            +0            
99            99            -0.0665       -0            -0.0665       -0.0665       
100           100           -0.3631       -0.0004       -0.3635       -0.3635       
101           101           -0.6486       -0.0096       -0.6582       -0.6582       
102           102           -1.3432       -0.1888       -1.532        -1.532        
103           103           -2.4406       -0.1135       -2.5541       -2.5541       
104           104           -2.8633       -0.1216       -2.9849       -2.9849       
105           105           -3.5784       -0.2085       -3.7869       -3.7869       
106           106           -2.3467       -0.0357       -2.3824       -2.3824       
107           107           -2.6233       -0.0801       -2.7034       -2.7034       
108           108           -3.9476       -0.2212       -4.1688       -4.1688       
109           109           +2.593        -1.7887       +0.8043       +0.8043       
110           110           -1.069        -0.45         -1.519        -1.519        
111           111           -2.6732       -1.3127       -3.9859       -3.9859       
112           112           +3.3325       -0.6867       +2.6458       +2.6458       
113           113           +1.3581       -0.4999       +0.8582       +0.8582       
114           114           -2.5663       -0.0338       -2.6001       -2.6001       
115           115           -1.5944       -0.0112       -1.6056       -1.6056       
116           116           +0.8657       -0.0097       +0.856        +0.856        
117           117           -0.6202       -0.0019       -0.6221       -0.6221       
118           118           -3.9764       -0.077        -4.0534       -4.0534       
119           119           +0.2727       -0.1727       +0.1          +0.1          
120           120           -1.2118       -0.0114       -1.2232       -1.2232       
121           121           -1.1119       -0.0244       -1.1363       -1.1363       
122           122           -1.6549       -0.0199       -1.6748       -1.6748       
123           123           -0.878        -0.0326       -0.9106       -0.9106       
124           124           +1.7782       -0.1446       +1.6336       +1.6336       
125           125           -1.1888       -0.1678       -1.3566       -1.3566       
126           126           -5.113        -0.1708       -5.2838       -5.2838       
127           127           -5.4549       -0.3372       -5.7921       -5.7921       
128           128           -6.131        -0.158        -6.289        -6.289        
129           129           -3.3449       -0.0923       -3.4372       -3.4372       
130           130           -11.4542      -0.2897       -11.7439      -11.7439      
131           131           -5.2528       -0.2256       -5.4784       -5.4784       
132           132           +3.9173       -0.7061       +3.2112       +3.2112       
133           133           -3.5768       -0.1283       -3.7051       -3.7051       
134           134           -0.3983       -0.0288       -0.4271       -0.4271       
135           135           -0.4666       -0.0025       -0.4691       -0.4691       
136           136           +0.1531       -0.0957       +0.0574       +0.0574       
137           137           -0.4269       -0.0008       -0.4277       -0.4277       
138           138           -1.5869       -0.0074       -1.5943       -1.5943       
139           139           -0.8672       -0.0042       -0.8714       -0.8714       
140           140           -0.0699       -0.0036       -0.0735       -0.0735       
141           141           +0            +0            +0            +0            
142           142           +0.0478       -0            +0.0478       +0.0478       
143           143           +0.0214       -0            +0.0214       +0.0214       
144           144           +0            +0            +0            +0            
145           145           +0            +0            +0            +0            
146           146           +0            +0            +0            +0            
147           147           -0.3121       -0.0004       -0.3125       -0.3125       
148           148           -0.4299       -0.0044       -0.4343       -0.4343       
149           149           -0.327        -0.0039       -0.3309       -0.3309       
150           150           -1.9208       -0.0269       -1.9477       -1.9477       
151           151           +0.0389       -0.0703       -0.0314       -0.0314       
152           152           +0.9886       -0.0894       +0.8992       +0.8992       
153           153           -5.3473       -0.1433       -5.4906       -5.4906       
154           154           -2.1751       -0.0588       -2.2339       -2.2339       
155           155           -4.4232       -0.0966       -4.5198       -4.5198       
156           156           -0.2203       -0.028        -0.2483       -0.2483       
157           157           -2.7112       -0.1036       -2.8148       -2.8148       
158           158           -0.9401       -0.0611       -1.0012       -1.0012       
159           159           -1.3394       -0.0173       -1.3567       -1.3567       
160           160           -1.1276       -0.0089       -1.1365       -1.1365       
161           161           -4.5627       -0.1282       -4.6909       -4.6909       
162           162           -3.6176       -0.1068       -3.7244       -3.7244       
163           163           -0.4228       -0.0055       -0.4283       -0.4283       
164           164           -0.0866       -0.0011       -0.0877       -0.0877       
165           165           +0.0518       -0.0022       +0.0496       +0.0496       
166           166           -0.6929       -0.0027       -0.6956       -0.6956       
167           167           -0.231        -0.0008       -0.2318       -0.2318       
168           168           -3.5518       -0.0525       -3.6043       -3.6043       
169           169           -2.6686       -0.0352       -2.7038       -2.7038       
170           170           -1.1575       -0.0322       -1.1897       -1.1897       
171           171           -1.0659       -0.0246       -1.0905       -1.0905       
172           172           -0.0851       -0.0249       -0.11         -0.11         
173           173           -0.9378       -0.0331       -0.9709       -0.9709       
174           174           +0.4507       -0.0081       +0.4426       +0.4426       
175           175           -0.2629       -0.0956       -0.3585       -0.3585       
176           176           -0.2525       -0.0596       -0.3121       -0.3121       
177           177           +1.8303       -0.0278       +1.8025       +1.8025       
178           178           -0.6089       -0.0146       -0.6235       -0.6235       
179           179           -0.8362       -0.0095       -0.8457       -0.8457       
180           180           +0.2185       -0.0255       +0.193        +0.193        
181           181           -1.9096       -0.0165       -1.9261       -1.9261       
182           182           -1.5266       -0.0939       -1.6205       -1.6205       
183           183           -1.04         -0.1099       -1.1499       -1.1499       
184           184           +4.0479       -0.1515       +3.8964       +3.8964       
185           185           -6.0348       -0.0745       -6.1093       -6.1093       
186           186           -1.9781       -0.1263       -2.1044       -2.1044       
187           187           -2.0051       -0.0442       -2.0493       -2.0493       
188           188           -1.5516       -0.024        -1.5756       -1.5756       
189           189           -4.1111       -0.1399       -4.251        -4.251        
190           190           -0.8991       -0.1193       -1.0184       -1.0184       
191           191           -1.2509       -0.0389       -1.2898       -1.2898       
192           192           -1.3816       -0.0276       -1.4092       -1.4092       
193           193           -0.944        -0.0437       -0.9877       -0.9877       
194           194           -1.4909       -0.0063       -1.4972       -1.4972       
195           195           -3.9116       -0.0709       -3.9825       -3.9825       
196           196           -1.3756       -0.06         -1.4356       -1.4356       
197           197           -1.1412       -0.0097       -1.1509       -1.1509       
198           198           +0.0404       -0.0027       +0.0377       +0.0377       
199           199           -2.3466       -0.0498       -2.3964       -2.3964       
200           200           -2.2938       -0.0577       -2.3515       -2.3515       
201           201           -0.6039       -0.105        -0.7089       -0.7089       
202           202           -2.9621       -0.0994       -3.0615       -3.0615       
203           203           -2.1873       -0.0539       -2.2412       -2.2412       
204           204           -2.0886       -0.0977       -2.1863       -2.1863       
205           205           -0.7078       -0.0317       -0.7395       -0.7395       
206           206           -1.081        -0.001        -1.082        -1.082        
207           207           -3.1377       -0.0645       -3.2022       -3.2022       
208           208           -0.8168       -0.0655       -0.8823       -0.8823       
209           209           -0.4663       -0.0492       -0.5155       -0.5155       
210           210           +1.5989       -0.0612       +1.5377       +1.5377       
211           211           -1.6786       -0.0247       -1.7033       -1.7033       
212           212           -2.3665       -0.0203       -2.3868       -2.3868       
213           213           -1.413        -0.1108       -1.5238       -1.5238       
214           214           -0.8443       -0.0899       -0.9342       -0.9342       
215           215           -0.2422       -0.0006       -0.2428       -0.2428       
216           216           -0.1276       -0.0163       -0.1439       -0.1439       
217           217           -1.2361       -0.0164       -1.2525       -1.2525       
218           218           -1.4417       -0.0131       -1.4548       -1.4548       
219           219           -0.7841       -0.0019       -0.786        -0.786        
220           220           -0.8008       -0.0042       -0.805        -0.805        
221           221           +0.6067       -0.0214       +0.5853       +0.5853       
222           222           -2.8558       -0.0293       -2.8851       -2.8851       
223           223           -0.4487       -0.0185       -0.4672       -0.4672       
224           224           -0.871        -0.0537       -0.9247       -0.9247       
225           225           +0.0291       -0.0011       +0.028        +0.028        
226           226           -1.6477       -0.0473       -1.695        -1.695        
227           227           -1.2738       -0.025        -1.2988       -1.2988       
228           228           -1.6711       -0.0659       -1.737        -1.737        
229           229           -0.8538       -0.0249       -0.8787       -0.8787       
230           230           +0.617        -0.1079       +0.5091       +0.5091       
231           231           -0.7606       -0.2197       -0.9803       -0.9803       
232           232           -0.0727       -0.2601       -0.3328       -0.3328       
233           233           -3.0808       -0.0475       -3.1283       -3.1283       
234           234           -0.45         -0.0425       -0.4925       -0.4925       
235           235           -1.6411       -0.0032       -1.6443       -1.6443       
236           236           -3.1514       -0.02         -3.1714       -3.1714       
237           237           -0.8633       -0.003        -0.8663       -0.8663       
238           238           -0.1717       -0.0013       -0.173        -0.173        
239           239           +0.0507       -0            +0.0507       +0.0507       
240           240           +0            +0            +0            +0            
241           241           -0.6538       -0.0072       -0.661        -0.661        
242           242           -0.0121       -0            -0.0121       -0.0121       
243           243           +0.0115       -0.0002       +0.0113       +0.0113       
244           244           -0.5109       -0.0011       -0.512        -0.512        
245           245           +0.003        -0            +0.003        +0.003        
246           246           +0            +0            +0            +0            
247           247           -0.0103       -0            -0.0103       -0.0103       
248           248           +0            +0            +0            +0            
249           249           +0.0359       -0            +0.0359       +0.0359       
250           250           +0.1005       -0.0007       +0.0998       +0.0998       
251           251           +0.0043       -0            +0.0043       +0.0043       
252           252           +0.0029       -0            +0.0029       +0.0029       
253           253           +2.3064       -0.0141       +2.2923       +2.2923       
254           254           +5.9726       -0.0515       +5.9211       +5.9211       
255           255           +5.4173       -0.4899       +4.9274       +4.9274       
256           256           -0.9378       -0.1572       -1.095        -1.095        
257           257           +4.799        -0.4229       +4.3761       +4.3761       
258           258           -1.0617       -0.0941       -1.1558       -1.1558       
259           259           +4.4434       -0.1471       +4.2963       +4.2963       
260           260           +1.7255       -0.4058       +1.3197       +1.3197       
261           261           -2.6631       -0.6791       -3.3422       -3.3422       
262           262           -4.0465       -0.8835       -4.93         -4.93         
263           263           -0.1799       -0.5609       -0.7408       -0.7408       
264           264           -5.4361       -0.3959       -5.832        -5.832        
265           265           -4.6938       -0.5264       -5.2202       -5.2202       
266           266           -0.7369       -0.2944       -1.0313       -1.0313       
267           267           +0.3497       -1.3863       -1.0366       -1.0366       
268           268           +1.9698       -1.744        +0.2258       +0.2258       
269           269           -6.6165       -1.0541       -7.6706       -7.6706       
270           270           +0.8079       -1.136        -0.3281       -0.3281       
271           271           +2.891        -1.3704       +1.5206       +1.5206       
272           272           -5.8479       -3.7821       -9.63         -9.63         
273           273           -1.777        -1.6878       -3.4648       -3.4648       
274           274           +0.4622       -1.3889       -0.9267       -0.9267       
275           275           -4.6556       -1.2156       -5.8712       -5.8712       
276           276           +1.4506       -0.5557       +0.8949       +0.8949       
277           277           -0.2386       -1.0922       -1.3308       -1.3308       
278           278           -8.4433       -0.5161       -8.9594       -8.9594       
279           279           -12.3999      -0.5646       -12.9645      -12.9645      
280           280           -8.4565       -0.6079       -9.0644       -9.0644       
281           281           -8.2246       -0.948        -9.1726       -9.1726       
282           282           -2.104        -0.9572       -3.0612       -3.0612       
283           283           +0.1651       -0.9743       -0.8092       -0.8092       
284           284           -9.4341       -4.6197       -14.0538      -14.0538      
285           285           -3.6027       -2.3286       -5.9313       -5.9313       
286           286           -11.7168      -1.5086       -13.2254      -13.2254      
287           287           -7.0451       -0.6901       -7.7352       -7.7352       
288           288           -7.8907       -0.4742       -8.3649       -8.3649       
289           289           -6.453        -0.474        -6.927        -6.927        
290           290           -9.7595       -0.8813       -10.6408      -10.6408      
291           291           -2.4626       -0.8106       -3.2732       -3.2732       
292           292           -5.7681       -0.7912       -6.5593       -6.5593       
293           293           -3.6503       -1.2376       -4.8879       -4.8879       
294           294           -6.8307       -4.2399       -11.0706      -11.0706      
295           295           +2.3875       -2.7669       -0.3794       -0.3794       
296           296           +2.0191       -1.719        +0.3001       +0.3001       
297           297           -1.8213       -1.7224       -3.5437       -3.5437       
298           298           -14.7217      -2.5211       -17.2428      -17.2428      
299           299           -7.102        -1.4754       -8.5774       -8.5774       
300           300           -7.0739       -2.5725       -9.6464       -9.6464       
301           301           -5.9192       -0.6787       -6.5979       -6.5979       
302           302           +4.0213       -1.6076       +2.4137       +2.4137       
303           303           -4.8859       -0.5343       -5.4202       -5.4202       
304           304           -4.152        -2.5242       -6.6762       -6.6762       
305           305           -6.8008       -3.6581       -10.4589      -10.4589      
306           306           -8.6822       -3.3905       -12.0727      -12.0727      
307           307           -9.6579       -3.8333       -13.4912      -13.4912      
308           308           -4.4723       -0.5644       -5.0367       -5.0367       
309           309           -17.1486      -2.8037       -19.9523      -19.9523      
310           310           -16.7386      -4.807        -21.5456      -21.5456      
311           311           -21.1011      -2.8629       -23.964       -23.964       
312           312           -15.0203      -1.8256       -16.8459      -16.8459      
313           313           -8.5045       -0.7948       -9.2993       -9.2993       
314           314           -12.0346      -2.9163       -14.9509      -14.9509      
315           315           -11.8788      -1.9195       -13.7983      -13.7983      
316           316           -12.0415      -4.6789       -16.7204      -16.7204      
317           317           -11.5199      -3.943        -15.4629      -15.4629      
318           318           -17.8119      -3.4561       -21.268       -21.268       
319           319           -7.7504       -1.0923       -8.8427       -8.8427       
320           320           -7.7791       -1.3557       -9.1348       -9.1348       
321           321           -10.1846      -2.899        -13.0836      -13.0836      
322           322           -19.3588      -5.4781       -24.8369      -24.8369      
323           323           -17.6784      -4.3893       -22.0677      -22.0677      
324           324           -18.2555      -5.2159       -23.4714      -23.4714      
325           325           -15.9142      -5.5063       -21.4205      -21.4205      
326           326           -17.0981      -3.9722       -21.0703      -21.0703      
327           327           -13.7405      -2.3065       -16.047       -16.047       
328           328           +1.7778       -3.7818       -2.004        -2.004        
329           329           -1.7087       -5.77         -7.4787       -7.4787       
330           330           +0.883        -4.7099       -3.8269       -3.8269       
331           331           -3.0959       -4.4112       -7.5071       -7.5071       
332           332           -2.0881       -4.9755       -7.0636       -7.0636       
333           333           -8.9221       -4.2358       -13.1579      -13.1579      
334           334           -9.5434       -5.0082       -14.5516      -14.5516      
335           335           -19.8296      -2.7495       -22.5791      -22.5791      
336           336           -2.0422       -3.3451       -5.3873       -5.3873       
337           337           -13.9095      -2.3467       -16.2562      -16.2562      
338           338           -3.6807       -2.9772       -6.6579       -6.6579       
339           339           +3.5962       -0.5097       +3.0865       +3.0865       
340           340           -0.5212       -1.2015       -1.7227       -1.7227       
341           341           +0.8299       -0.657        +0.1729       +0.1729       
342           342           +4.3196       -0.7054       +3.6142       +3.6142       
343           343           +0.9264       -0.6705       +0.2559       +0.2559       
344           344           -8.3945       -0.9089       -9.3034       -9.3034       
345           345           +1.9735       -2.2995       -0.326        -0.326        
346           346           +2.0443       -0.1692       +1.8751       +1.8751       
347           347           +1.6688       -0.8597       +0.8091       +0.8091       
348           348           +6.8121       -0.7534       +6.0587       +6.0587       
349           349           -0.0609       -0.5014       -0.5623       -0.5623       
350           350           +1.2128       -0.4156       +0.7972       +0.7972       
351           351           -3.8475       -1.0725       -4.92         -4.92         
352           352           -0.056        -1.384        -1.44         -1.44         
353           353           -5.335        -1.1209       -6.4559       -6.4559       
354           354           -7.3054       -5.9917       -13.2971      -13.2971      
355           355           -17.7317      -4.3787       -22.1104      -22.1104      
356           356           -7.1366       -4.8331       -11.9697      -11.9697      
357           357           -10.6001      -5.2406       -15.8407      -15.8407      
358           358           -10.0151      -4.8985       -14.9136      -14.9136      
359           359           -8.3803       -5.8237       -14.204       -14.204       
360           360           +1.0348       -6.6803       -5.6455       -5.6455       
361           361           -6.8991       -4.2978       -11.1969      -11.1969      
362           362           -9.7047       -5.3829       -15.0876      -15.0876      
363           363           -5.4007       -5.5889       -10.9896      -10.9896      
364           364           -16.8633      -8.9087       -25.772       -25.772       
365           365           -20.4759      -9.7122       -30.1881      -30.1881      
366           366           -15.156       -7.5675       -22.7235      -22.7235      
367           367           -18.3202      -11.5856      -29.9058      -29.9058      
368           368           -15.994       -9.6182       -25.6122      -25.6122      
369           369           -10.4605      -9.3418       -19.8023      -19.8023      
370           370           -15.9904      -10.4362      -26.4266      -26.4266      
371           371           -16.6285      -9.7845       -26.413       -26.413       
372           372           -14.5653      -9.027        -23.5923      -23.5923      
373           373           -6.1168       -8.1307       -14.2475      -14.2475      
374           374           -14.7928      -7.0204       -21.8132      -21.8132      
375           375           -4.2563       -8.1447       -12.401       -12.401       
376           376           -7.2577       -7.111        -14.3687      -14.3687      
377           377           -15.4052      -7.3654       -22.7706      -22.7706      
378           378           -20.056       -6.0018       -26.0578      -26.0578      
379           379           -9.0442       -5.0316       -14.0758      -14.0758      
380           380           -1.1728       -7.6508       -8.8236       -8.8236       
381           381           +2.9516       -6.6932       -3.7416       -3.7416       
382           382           -10.4347      -6.4975       -16.9322      -16.9322      
383           383           -2.4798       -6.4564       -8.9362       -8.9362       
384           384           -3.5772       -5.7876       -9.3648       -9.3648       
385           385           -13.1662      -9.462        -22.6282      -22.6282      
386           386           -0.4649       -8.2309       -8.6958       -8.6958       
387           387           -0.9937       -8.9906       -9.9843       -9.9843       
388           388           -4.917        -9.2141       -14.1311      -14.1311      
389           389           -6.1418       -8.2791       -14.4209      -14.4209      
390           390           -10.4221      -7.9403       -18.3624      -18.3624      
391           391           -4.8487       -10.809       -15.6577      -15.6577      
392           392           -6.9257       -11.4539      -18.3796      -18.3796      
393           393           -4.9253       -9.4225       -14.3478      -14.3478      
394           394           +4.3346       -10.1632      -5.8286       -5.8286       
395           395           -7.5763       -12.5099      -20.0862      -20.0862      
396           396           -9.599        -13.6022      -23.2012      -23.2012      
397           397           -13.8569      -11.6559      -25.5128      -25.5128      
398           398           -12.9036      -10.9472      -23.8508      -23.8508      
399           399           -7.2528       -5.0359       -12.2887      -12.2887      
400           400           -4.5305       -8.4165       -12.947       -12.947       
