Frame         Time          Elec          VdW           Nonbond       Total         
0             0             -0.4901       -0.0366       -0.5267       -0.5267       
1             1             -41.6354      -2.2761       -43.9115      -43.9115      
2             2             -8.7592       -0.2517       -9.0109       -9.0109       
3             3             -7.0713       -0.1785       -7.2498       -7.2498       
4             4             +0            +0            +0            +0            
5             5             -31.0169      -0.9192       -31.9361      -31.9361      
6             6             +0.2677       -0.0059       +0.2618       +0.2618       
7             7             +0.3116       -0.0279       +0.2837       +0.2837       
8             8             +0.2597       -0.0102       +0.2495       +0.2495       
9             9             -3.4221       -0.1463       -3.5684       -3.5684       
10            10            +1.822        -0.1585       +1.6635       +1.6635       
11            11            -5.4593       -0.0319       -5.4912       -5.4912       
12            12            -5.8236       -0.0497       -5.8733       -5.8733       
13            13            -10.6261      -0.055        -10.6811      -10.6811      
14            14            -4.7907       -0.1935       -4.9842       -4.9842       
15            15            -5.0786       -0.1058       -5.1844       -5.1844       
16            16            -1.2567       -0.0066       -1.2633       -1.2633       
17            17            -64.9518      -1.0768       -66.0286      -66.0286      
18            18            -62.8428      -0.6647       -63.5075      -63.5075      
19            19            -9.6471       -0.2338       -9.8809       -9.8809       
20            20            -7.6043       -0.1012       -7.7055       -7.7055       
21            21            -22.6076      -2.7422       -25.3498      -25.3498      
22            22            -36.3028      -2.6827       -38.9855      -38.9855      
23            23            -6.0212       -0.3209       -6.3421       -6.3421       
24            24            -2.3599       -0.1448       -2.5047       -2.5047       
25            25            -1.6081       -0.1016       -1.7097       -1.7097       
26            26            -1.1117       -0.0064       -1.1181       -1.1181       
27            27            -5.9245       -0.0154       -5.9399       -5.9399       
28            28            -4.3098       -0.0114       -4.3212       -4.3212       
29            29            -6.3395       -0.0096       -6.3491       -6.3491       
30            30            -0.6827       -0.105        -0.7877       -0.7877       
31            31            +0.6857       -0.0278       +0.6579       +0.6579       
32            32            -8.846        -1.3405       -10.1865      -10.1865      
33            33            -36.9836      -0.4453       -37.4289      -37.4289      
34            34            -41.4336      -2.8546       -44.2882      -44.2882      
35            35            -11.9527      -0.2785       -12.2312      -12.2312      
36            36            -13.3424      -0.7224       -14.0648      -14.0648      
37            37            -1.5705       -0.0153       -1.5858       -1.5858       
38            38            +0.3183       -0.0156       +0.3027       +0.3027       
39            39            +0.0509       -0            +0.0509       +0.0509       
40            40            +0.3349       -0.0017       +0.3332       +0.3332       
41            41            -2.7646       -0.0624       -2.827        -2.827        
42            42            +0.7414       -0.0271       +0.7143       +0.7143       
43            43            -9.8702       -1.0062       -10.8764      -10.8764      
44            44            -9.2142       -0.4803       -9.6945       -9.6945       
45            45            -24.5859      -3.5139       -28.0998      -28.0998      
46            46            -18.1231      -2.5046       -20.6277      -20.6277      
47            47            -1.3387       -0.1154       -1.4541       -1.4541       
48            48            +0.4601       -0.0597       +0.4004       +0.4004       
49            49            -0.3665       -0.004        -0.3705       -0.3705       
50            50            -12.5888      -1.2953       -13.8841      -13.8841      
51            51            -15.2199      -1.1761       -16.396       -16.396       
52            52            -3.4754       -0.1568       -3.6322       -3.6322       
53            53            -0.3027       -0.0052       -0.3079       -0.3079       
54            54            -6.5972       -0.1066       -6.7038       -6.7038       
55            55            -29.0253      -0.2474       -29.2727      -29.2727      
56            56            -23.035       -0.3252       -23.3602      -23.3602      
57            57            -44.9309      -0.5687       -45.4996      -45.4996      
58            58            -42.0898      -1.3415       -43.4313      -43.4313      
59            59            -12.8306      -3.4949       -16.3255      -16.3255      
60            60            -18.7017      -3.7322       -22.4339      -22.4339      
61            61            -20.7958      -2.4104       -23.2062      -23.2062      
62            62            -26.9362      -1.5836       -28.5198      -28.5198      
63            63            -34.2779      -4.2736       -38.5515      -38.5515      
64            64            -19.6598      -2.1701       -21.8299      -21.8299      
65            65            -7.9075       -0.118        -8.0255       -8.0255       
66            66            -62.4225      -1.4474       -63.8699      -63.8699      
67            67            -46.8218      -3.6231       -50.4449      -50.4449      
68            68            -67.7183      -3.8904       -71.6087      -71.6087      
69            69            -36.8553      -0.4961       -37.3514      -37.3514      
70            70            -15.4266      -0.3257       -15.7523      -15.7523      
71            71            -10.8397      -1.4552       -12.2949      -12.2949      
72            72            -16.0781      -1.188        -17.2661      -17.2661      
73            73            -12.7109      -0.2396       -12.9505      -12.9505      
74            74            -16.4478      -1.4231       -17.8709      -17.8709      
75            75            -38.7926      -2.218        -41.0106      -41.0106      
76            76            -12.0941      -0.2673       -12.3614      -12.3614      
77            77            -7.5166       -0.0462       -7.5628       -7.5628       
78            78            -13.1171      -0.3579       -13.475       -13.475       
79            79            -21.9786      -0.5639       -22.5425      -22.5425      
80            80            -11.546       -0.3511       -11.8971      -11.8971      
81            81            -17.7635      -0.2151       -17.9786      -17.9786      
82            82            +0.0051       -0            +0.0051       +0.0051       
83            83            -2.0745       -0.0455       -2.12         -2.12         
84            84            -6.6351       -0.0419       -6.677        -6.677        
85            85            +4.1718       -0.7621       +3.4097       +3.4097       
86            86            -1.1191       -0.1963       -1.3154       -1.3154       
87            87            -4.4828       -0.1803       -4.6631       -4.6631       
88            88            -2.9108       -0.1356       -3.0464       -3.0464       
89            89            -9.2483       -0.1807       -9.429        -9.429        
90            90            -5.4933       -0.0131       -5.5064       -5.5064       
91            91            -38.2268      -0.634        -38.8608      -38.8608      
92            92            -18.6954      -1.3548       -20.0502      -20.0502      
93            93            -11.9663      -0.0676       -12.0339      -12.0339      
94            94            -0.1653       -0.0067       -0.172        -0.172        
95            95            -24.9384      -0.3393       -25.2777      -25.2777      
96            96            -42.6287      -2.2248       -44.8535      -44.8535      
97            97            -27.5036      -0.6408       -28.1444      -28.1444      
98            98            -13.8503      -2.2122       -16.0625      -16.0625      
99            99            -15.1581      -1.4665       -16.6246      -16.6246      
100           100           -12.8508      -0.1258       -12.9766      -12.9766      
101           101           -16.3784      -1.2831       -17.6615      -17.6615      
102           102           -13.831       -1.2931       -15.1241      -15.1241      
103           103           -13.563       -2.3837       -15.9467      -15.9467      
104           104           -23.7588      -1.7004       -25.4592      -25.4592      
105           105           -21.938       -0.7692       -22.7072      -22.7072      
106           106           -72.4019      -4.7825       -77.1844      -77.1844      
107           107           -45.1863      -2.8531       -48.0394      -48.0394      
108           108           -38.9503      -0.3603       -39.3106      -39.3106      
109           109           -4.6717       -0.0418       -4.7135       -4.7135       
110           110           -25.0284      -1.5536       -26.582       -26.582       
111           111           -3.9747       -0.1056       -4.0803       -4.0803       
112           112           +0.0345       -0            +0.0345       +0.0345       
113           113           -1.2801       -0.0036       -1.2837       -1.2837       
114           114           -0.0322       -0            -0.0322       -0.0322       
115           115           +0            +0            +0            +0            
116           116           +0.0936       -0.0011       +0.0925       +0.0925       
117           117           -5.0975       -0.0128       -5.1103       -5.1103       
118           118           -17.6622      -0.224        -17.8862      -17.8862      
119           119           -19.9843      -0.9214       -20.9057      -20.9057      
120           120           -24.2094      -0.3306       -24.54        -24.54        
121           121           -4.3065       -0.0112       -4.3177       -4.3177       
122           122           +0.0104       -0.0062       +0.0042       +0.0042       
123           123           +0            +0            +0            +0            
124           124           +0.1342       -0.0002       +0.134        +0.134        
125           125           +0.0054       -0.0467       -0.0413       -0.0413       
126           126           +0.5114       -0.0415       +0.4699       +0.4699       
127           127           +0.0005       -0            +0.0005       +0.0005       
128           128           +0            +0            +0            +0            
129           129           +0            +0            +0            +0            
130           130           +0            +0            +0            +0            
131           131           +0.1381       -0.0001       +0.138        +0.138        
132           132           +0            +0            +0            +0            
133           133           +0.1933       -0.0022       +0.1911       +0.1911       
134           134           -0.407        -0.012        -0.419        -0.419        
135           135           +0.0002       -0.0013       -0.0011       -0.0011       
136           136           -1.1139       -0.0181       -1.132        -1.132        
137           137           -1.137        -0.0082       -1.1452       -1.1452       
138           138           -2.0694       -0.0279       -2.0973       -2.0973       
139           139           -0.7923       -0.0135       -0.8058       -0.8058       
140           140           +0.1794       -0.0015       +0.1779       +0.1779       
141           141           +0.1271       -0.0004       +0.1267       +0.1267       
142           142           +0.4497       -0.0005       +0.4492       +0.4492       
143           143           +0            +0            +0            +0            
144           144           +0.0114       -0            +0.0114       +0.0114       
145           145           +0            +0            +0            +0            
146           146           +0            +0            +0            +0            
147           147           +0            +0            +0            +0            
148           148           +0            +0            +0            +0            
149           149           +0.0435       -0            +0.0435       +0.0435       
150           150           +0.0541       -0.0001       +0.054        +0.054        
151           151           +0.0474       -0            +0.0474       +0.0474       
152           152           -0.1869       -0.0757       -0.2626       -0.2626       
153           153           +0.2166       -0.012        +0.2046       +0.2046       
154           154           -10.541       -0.119        -10.66        -10.66        
155           155           +0            +0            +0            +0            
156           156           +0.2209       -0.0045       +0.2164       +0.2164       
157           157           +0            +0            +0            +0            
158           158           -0.0856       -0            -0.0856       -0.0856       
159           159           +0            +0            +0            +0            
160           160           +0            +0            +0            +0            
161           161           +0            +0            +0            +0            
162           162           +0.0924       -0            +0.0924       +0.0924       
163           163           +0            +0            +0            +0            
164           164           +0            +0            +0            +0            
165           165           +0            +0            +0            +0            
166           166           +0.0026       -0            +0.0026       +0.0026       
167           167           -0.0126       -0            -0.0126       -0.0126       
168           168           -1.2837       -0.0013       -1.285        -1.285        
169           169           +0.4603       -0.0048       +0.4555       +0.4555       
170           170           +0.0213       -0            +0.0213       +0.0213       
171           171           +0.06         -0            +0.06         +0.06         
172           172           +0.1601       -0.0147       +0.1454       +0.1454       
173           173           -0.4526       -0.0073       -0.4599       -0.4599       
174           174           +0.2284       -0.0071       +0.2213       +0.2213       
175           175           +0.2668       -0.0001       +0.2667       +0.2667       
176           176           -6.0474       -0.026        -6.0734       -6.0734       
177           177           +0.1034       -0.0001       +0.1033       +0.1033       
178           178           -2.2314       -0.0097       -2.2411       -2.2411       
179           179           -0.244        -0.0011       -0.2451       -0.2451       
180           180           -0.1919       -0.0095       -0.2014       -0.2014       
181           181           -0.0519       -0.0303       -0.0822       -0.0822       
182           182           -3.0973       -0.0601       -3.1574       -3.1574       
183           183           -0.5086       -0.0038       -0.5124       -0.5124       
184           184           -0.0017       -0            -0.0017       -0.0017       
185           185           -20.3791      -0.8716       -21.2507      -21.2507      
186           186           -2.9005       -2.3181       -5.2186       -5.2186       
187           187           -19.8479      -2.3479       -22.1958      -22.1958      
188           188           -57.2838      -2.8914       -60.1752      -60.1752      
189           189           -16.0367      -2.4578       -18.4945      -18.4945      
190           190           -13.169       -0.7724       -13.9414      -13.9414      
191           191           -9.029        -1.1006       -10.1296      -10.1296      
192           192           -10.1172      -0.1126       -10.2298      -10.2298      
193           193           -25.2432      -1.7352       -26.9784      -26.9784      
194           194           -59.2907      -2.0195       -61.3102      -61.3102      
195           195           -26.0275      -1.1556       -27.1831      -27.1831      
196           196           -37.9198      -2.1839       -40.1037      -40.1037      
197           197           -2.8597       -2.1652       -5.0249       -5.0249       
198           198           -22.672       -4.5447       -27.2167      -27.2167      
199           199           -34.1297      -3.1161       -37.2458      -37.2458      
200           200           -15.3233      -3.1335       -18.4568      -18.4568      
201           201           -21.4983      -1.4618       -22.9601      -22.9601      
202           202           -19.4313      -1.0485       -20.4798      -20.4798      
203           203           -15.8048      -1.521        -17.3258      -17.3258      
204           204           -8.1666       -0.344        -8.5106       -8.5106       
205           205           -6.7787       -0.0514       -6.8301       -6.8301       
206           206           -6.8693       -0.2216       -7.0909       -7.0909       
207           207           -41.8779      -3.694        -45.5719      -45.5719      
208           208           -17.8557      -3.7388       -21.5945      -21.5945      
209           209           -17.9441      -1.3253       -19.2694      -19.2694      
210           210           -10.3301      -1.4004       -11.7305      -11.7305      
211           211           -15.4057      -3.1796       -18.5853      -18.5853      
212           212           -3.682        -2.6274       -6.3094       -6.3094       
213           213           +1.6045       -4.4312       -2.8267       -2.8267       
214           214           +3.5547       -3.5414       +0.0133       +0.0133       
215           215           +14.0524      -3.6635       +10.3889      +10.3889      
216           216           -24.2658      -1.6551       -25.9209      -25.9209      
217           217           -43.8514      -3.3353       -47.1867      -47.1867      
218           218           -35.189       -4.574        -39.763       -39.763       
219           219           -49.9637      -3.4858       -53.4495      -53.4495      
220           220           -71.3238      -3.6693       -74.9931      -74.9931      
221           221           -33.534       -2.9277       -36.4617      -36.4617      
222           222           -38.0313      -2.18         -40.2113      -40.2113      
223           223           -4.908        -0.8525       -5.7605       -5.7605       
224           224           -26.2915      -1.0664       -27.3579      -27.3579      
225           225           +0.0717       -0.2604       -0.1887       -0.1887       
226           226           -1.662        -0.2851       -1.9471       -1.9471       
227           227           -6.8039       -0.6534       -7.4573       -7.4573       
228           228           -3.0318       -0.3562       -3.388        -3.388        
229           229           -13.7517      -1.4341       -15.1858      -15.1858      
230           230           +0.0537       -0.8575       -0.8038       -0.8038       
231           231           -5.9635       -0.5066       -6.4701       -6.4701       
232           232           +10.1848      -1.2203       +8.9645       +8.9645       
233           233           -12.6594      -2.8201       -15.4795      -15.4795      
234           234           -2.1721       -4.6849       -6.857        -6.857        
235           235           +6.6656       -0.5538       +6.1118       +6.1118       
236           236           -36.6895      -2.4739       -39.1634      -39.1634      
237           237           -3.995        -0.1964       -4.1914       -4.1914       
238           238           -3.2343       -2.0322       -5.2665       -5.2665       
239           239           +2.5145       -0.4021       +2.1124       +2.1124       
240           240           -5.4072       -0.1702       -5.5774       -5.5774       
241           241           -3.2468       -0.3397       -3.5865       -3.5865       
242           242           +0.265        -0.0023       +0.2627       +0.2627       
243           243           -4.5707       -0.7275       -5.2982       -5.2982       
244           244           +1.1956       -0.3291       +0.8665       +0.8665       
245           245           +1.4768       -0.3433       +1.1335       +1.1335       
246           246           -33.4111      -2.5694       -35.9805      -35.9805      
247           247           -44.2824      -1.9483       -46.2307      -46.2307      
248           248           -36.5289      -3.056        -39.5849      -39.5849      
249           249           -42.9968      -3.5844       -46.5812      -46.5812      
250           250           -44.9892      -2.1043       -47.0935      -47.0935      
251           251           -39.0959      -4.9433       -44.0392      -44.0392      
252           252           -11.6117      -0.4311       -12.0428      -12.0428      
253           253           -12.5421      -3.9264       -16.4685      -16.4685      
254           254           -31.5155      -4.3494       -35.8649      -35.8649      
255           255           -21.7257      -0.7515       -22.4772      -22.4772      
256           256           -33.7093      -3.6497       -37.359       -37.359       
257           257           -18.8404      -0.8191       -19.6595      -19.6595      
258           258           -19.4344      -4.4206       -23.855       -23.855       
259           259           -17.0087      -0.7472       -17.7559      -17.7559      
260           260           -7.1542       -0.4525       -7.6067       -7.6067       
261           261           -23.2721      -5.1279       -28.4         -28.4         
262           262           -17.8466      -4.0309       -21.8775      -21.8775      
263           263           -31.117       -2.6451       -33.7621      -33.7621      
264           264           -13.136       -4.3915       -17.5275      -17.5275      
265           265           -24.7169      -4.0924       -28.8093      -28.8093      
266           266           -9.1847       -1.3027       -10.4874      -10.4874      
267           267           -36.1829      -2.9998       -39.1827      -39.1827      
268           268           -25.1434      -4.2046       -29.348       -29.348       
269           269           -5.6825       -3.1259       -8.8084       -8.8084       
270           270           -11.2029      -3.2932       -14.4961      -14.4961      
271           271           -19.4204      -2.8962       -22.3166      -22.3166      
272           272           -39.7839      -5.1732       -44.9571      -44.9571      
273           273           -29.6153      -4.1858       -33.8011      -33.8011      
274           274           -14.799       -3.4463       -18.2453      -18.2453      
275           275           -6.0851       -6.1765       -12.2616      -12.2616      
276           276           +10.7881      -1.2762       +9.5119       +9.5119       
277           277           -0.2665       -2.2851       -2.5516       -2.5516       
278           278           -6.2798       -1.8491       -8.1289       -8.1289       
279           279           -12.0226      -2.0305       -14.0531      -14.0531      
280           280           -13.4946      -1.9514       -15.446       -15.446       
281           281           -15.1825      -5.1699       -20.3524      -20.3524      
282           282           -4.7537       -1.1385       -5.8922       -5.8922       
283           283           -7.9965       -3.7304       -11.7269      -11.7269      
284           284           -11.3802      -8.1325       -19.5127      -19.5127      
285           285           -12.867       -6.8317       -19.6987      -19.6987      
286           286           -15.104       -5.4591       -20.5631      -20.5631      
287           287           -38.7487      -7.9827       -46.7314      -46.7314      
288           288           +1.967        -7.4965       -5.5295       -5.5295       
289           289           -5.7869       -10.1179      -15.9048      -15.9048      
290           290           -5.8113       -7.9032       -13.7145      -13.7145      
291           291           -1.9399       -7.6589       -9.5988       -9.5988       
292           292           +2.7261       -8.3769       -5.6508       -5.6508       
293           293           -18.3034      -7.4111       -25.7145      -25.7145      
294           294           -26.7679      -9.3554       -36.1233      -36.1233      
295           295           +2.6646       -7.6249       -4.9603       -4.9603       
296           296           +23.6104      -8.2072       +15.4032      +15.4032      
297           297           -36.5967      -7.3641       -43.9608      -43.9608      
298           298           -85.0795      -7.3003       -92.3798      -92.3798      
299           299           -40.3802      -6.4725       -46.8527      -46.8527      
300           300           -14.605       -2.2816       -16.8866      -16.8866      
301           301           -8.8734       -3.7951       -12.6685      -12.6685      
302           302           -19.5842      -0.4569       -20.0411      -20.0411      
303           303           -21.335       -1.1288       -22.4638      -22.4638      
304           304           -10.598       -0.1495       -10.7475      -10.7475      
305           305           -2.5786       -0.0515       -2.6301       -2.6301       
306           306           -5.1036       -0.1939       -5.2975       -5.2975       
307           307           -15.4347      -0.6732       -16.1079      -16.1079      
308           308           -36.1428      -2.7085       -38.8513      -38.8513      
309           309           -5.304        -0.6675       -5.9715       -5.9715       
310           310           -18.161       -0.2334       -18.3944      -18.3944      
311           311           -24.5123      -1.728        -26.2403      -26.2403      
312           312           -25.9652      -1.7171       -27.6823      -27.6823      
313           313           -5.9937       -0.3769       -6.3706       -6.3706       
314           314           -24.4677      -0.8001       -25.2678      -25.2678      
315           315           -36.5643      -1.3017       -37.866       -37.866       
316           316           -28.4936      -0.3925       -28.8861      -28.8861      
317           317           -27.0801      -2.1491       -29.2292      -29.2292      
318           318           -14.5552      -0.9739       -15.5291      -15.5291      
319           319           -12.7358      -0.5392       -13.275       -13.275       
320           320           -12.3601      -1.4667       -13.8268      -13.8268      
321           321           -15.3225      -0.651        -15.9735      -15.9735      
322           322           -9.4769       -1.1723       -10.6492      -10.6492      
323           323           -1.7125       -0.092        -1.8045       -1.8045       
324           324           -15.4594      -0.1721       -15.6315      -15.6315      
325           325           -40.0394      -3.9872       -44.0266      -44.0266      
326           326           -32.4132      -1.8805       -34.2937      -34.2937      
327           327           -2.2444       -0.0147       -2.2591       -2.2591       
328           328           +0.2644       -0.0218       +0.2426       +0.2426       
329           329           -1.6203       -0.0266       -1.6469       -1.6469       
330           330           -2.7855       -0.0507       -2.8362       -2.8362       
331           331           -0.7921       -0.0232       -0.8153       -0.8153       
332           332           -0.9195       -0.1251       -1.0446       -1.0446       
333           333           +0.2108       -0.0015       +0.2093       +0.2093       
334           334           +0.0607       -0            +0.0607       +0.0607       
335           335           +0.0191       -0            +0.0191       +0.0191       
336           336           +0.6904       -0.0121       +0.6783       +0.6783       
337           337           +0.0906       -0.0001       +0.0905       +0.0905       
338           338           +0.3544       -0.0131       +0.3413       +0.3413       
339           339           -1.8299       -0.0094       -1.8393       -1.8393       
340           340           -10.2184      -0.0883       -10.3067      -10.3067      
341           341           -16.9173      -0.829        -17.7463      -17.7463      
342           342           -8.4063       -0.6091       -9.0154       -9.0154       
343           343           -17.4644      -0.6234       -18.0878      -18.0878      
344           344           -0.855        -0.0116       -0.8666       -0.8666       
345           345           -7.6064       -0.3275       -7.9339       -7.9339       
346           346           -1.8659       -0.0193       -1.8852       -1.8852       
347           347           -21.4797      -0.2974       -21.7771      -21.7771      
348           348           -31.8425      -0.2139       -32.0564      -32.0564      
349           349           -34.0552      -0.5343       -34.5895      -34.5895      
350           350           -32.6706      -0.7387       -33.4093      -33.4093      
351           351           +1.6933       -0.0477       +1.6456       +1.6456       
352           352           +1.3582       -0.2949       +1.0633       +1.0633       
353           353           -2.5994       -0.2414       -2.8408       -2.8408       
354           354           -18.2647      -1.1416       -19.4063      -19.4063      
355           355           -3.8441       -0.6429       -4.487        -4.487        
