Frame         Time          Elec          VdW           Nonbond       Total         
0             0             -92.4194      -7.8961       -100.316      -100.316      
1             1             -100.667      -8.7676       -109.435      -109.435      
2             2             -89.0601      -9.78         -98.8401      -98.8401      
3             3             -66.689       -12.8273      -79.5163      -79.5163      
4             4             -93.3339      -10.5978      -103.932      -103.932      
5             5             -82.024       -7.7091       -89.7331      -89.7331      
6             6             -86.5379      -7.5366       -94.0745      -94.0745      
7             7             -101.476      -8.108        -109.584      -109.584      
8             8             -87.7371      -9.9106       -97.6477      -97.6477      
9             9             -98.1635      -12.8887      -111.052      -111.052      
10            10            -85.9532      -12.8653      -98.8185      -98.8185      
11            11            -92.1083      -11.9451      -104.053      -104.053      
12            12            -90.663       -12.4109      -103.074      -103.074      
13            13            -79.2771      -9.9521       -89.2292      -89.2292      
14            14            -99.5796      -5.3657       -104.945      -104.945      
15            15            -84.2802      -11.0376      -95.3178      -95.3178      
16            16            -83.2111      -11.7792      -94.9903      -94.9903      
17            17            -87.489       -6.6483       -94.1373      -94.1373      
18            18            -98.3578      -8.1167       -106.474      -106.474      
19            19            -63.1621      -10.2373      -73.3994      -73.3994      
20            20            -105.612      -8.7622       -114.375      -114.375      
21            21            -82.7667      -8.7154       -91.4821      -91.4821      
22            22            -93.4942      -10.3158      -103.81       -103.81       
23            23            -91.839       -8.6973       -100.536      -100.536      
24            24            -45.6162      -9.7654       -55.3816      -55.3816      
25            25            -59.116       -11.7551      -70.8711      -70.8711      
26            26            -82.6886      -9.8604       -92.549       -92.549       
27            27            -54.9512      -7.6685       -62.6197      -62.6197      
28            28            -14.0842      -6.1773       -20.2615      -20.2615      
29            29            -87.2169      -3.3785       -90.5954      -90.5954      
30            30            -45.7869      -5.2429       -51.0298      -51.0298      
31            31            -51.2299      -7.5412       -58.7711      -58.7711      
32            32            -34.6836      -6.0905       -40.7741      -40.7741      
33            33            -20.5558      -8.5834       -29.1392      -29.1392      
34            34            -50.3428      -2.3098       -52.6526      -52.6526      
35            35            -10.1879      -2.1893       -12.3772      -12.3772      
36            36            -15.7743      -3.7068       -19.4811      -19.4811      
37            37            +14.3246      -2.8135       +11.5111      +11.5111      
38            38            +6.0083       -2.4926       +3.5157       +3.5157       
39            39            -17.1048      -1.352        -18.4568      -18.4568      
40            40            +1.7842       -1.4207       +0.3635       +0.3635       
41            41            +1.2268       -0.7109       +0.5159       +0.5159       
42            42            -0.1216       -0.0493       -0.1709       -0.1709       
43            43            -0.7274       -0.0425       -0.7699       -0.7699       
44            44            +0.8664       -0.0268       +0.8396       +0.8396       
45            45            +0.6377       -0.0348       +0.6029       +0.6029       
46            46            +4.0019       -0.0433       +3.9586       +3.9586       
47            47            +0.9453       -0.1717       +0.7736       +0.7736       
48            48            +6.1248       -0.058        +6.0668       +6.0668       
49            49            +0.6498       -0.0127       +0.6371       +0.6371       
50            50            +3.3827       -0.162        +3.2207       +3.2207       
51            51            +8.1017       -0.1663       +7.9354       +7.9354       
52            52            +12.0224      -0.2205       +11.8019      +11.8019      
53            53            +3.2752       -0.9579       +2.3173       +2.3173       
54            54            +1.6659       -0.5977       +1.0682       +1.0682       
55            55            +1.2864       -0.2823       +1.0041       +1.0041       
56            56            +5.0788       -0.0709       +5.0079       +5.0079       
57            57            +25.6493      -0.4935       +25.1558      +25.1558      
58            58            +19.2354      -0.5504       +18.685       +18.685       
59            59            +12.6041      -0.1344       +12.4697      +12.4697      
60            60            +10.518       -0.507        +10.011       +10.011       
61            61            +6.9916       -0.0938       +6.8978       +6.8978       
62            62            +3.2124       -0.0415       +3.1709       +3.1709       
63            63            +6.6866       -0.1212       +6.5654       +6.5654       
64            64            +17.812       -0.2496       +17.5624      +17.5624      
65            65            +2.3559       -0.0367       +2.3192       +2.3192       
66            66            +13.9608      -0.3526       +13.6082      +13.6082      
67            67            +1.6022       -0.0448       +1.5574       +1.5574       
68            68            +9.8149       -0.3617       +9.4532       +9.4532       
69            69            -1.0664       -0.4173       -1.4837       -1.4837       
70            70            -9.8531       -0.1994       -10.0525      -10.0525      
71            71            +7.8119       -0.1518       +7.6601       +7.6601       
72            72            +7.3303       -0.4274       +6.9029       +6.9029       
73            73            -39.9346      -0.6531       -40.5877      -40.5877      
74            74            -18.6305      +2.8533       -15.7772      -15.7772      
75            75            +10.8754      -1.2505       +9.6249       +9.6249       
76            76            -0.3627       -0.1751       -0.5378       -0.5378       
77            77            +21.8624      -1.6711       +20.1913      +20.1913      
78            78            +11.9733      -0.2589       +11.7144      +11.7144      
79            79            +13.9211      -2.2417       +11.6794      +11.6794      
80            80            +11.9821      -3.1561       +8.826        +8.826        
81            81            -2.9393       -0.9465       -3.8858       -3.8858       
82            82            -12.1045      -1.3004       -13.4049      -13.4049      
83            83            -0.5402       -0.7805       -1.3207       -1.3207       
84            84            -20.7124      -3.7489       -24.4613      -24.4613      
85            85            -24.791       -4.3631       -29.1541      -29.1541      
86            86            -37.1329      -6.9238       -44.0567      -44.0567      
87            87            -15.9631      -5.6995       -21.6626      -21.6626      
88            88            +21.6528      -2.6878       +18.965       +18.965       
89            89            +16.1731      -0.3976       +15.7755      +15.7755      
90            90            +18.7594      -0.4832       +18.2762      +18.2762      
91            91            +18.3523      -0.4164       +17.9359      +17.9359      
92            92            +19.0703      -0.4413       +18.629       +18.629       
93            93            +21.7488      -0.5398       +21.209       +21.209       
94            94            +23.8451      -0.3998       +23.4453      +23.4453      
95            95            +13.4202      -0.3198       +13.1004      +13.1004      
96            96            +8.9602       -0.1817       +8.7785       +8.7785       
97            97            +15.9247      -0.5044       +15.4203      +15.4203      
98            98            +9.4274       -0.4218       +9.0056       +9.0056       
99            99            +18.1605      -0.4972       +17.6633      +17.6633      
100           100           +26.1633      -0.8941       +25.2692      +25.2692      
101           101           +7.2858       -0.2591       +7.0267       +7.0267       
102           102           +15.8128      -0.6676       +15.1452      +15.1452      
103           103           +32.2681      -3.1682       +29.0999      +29.0999      
104           104           +16.046       -1.5598       +14.4862      +14.4862      
105           105           +8.6962       -1.8113       +6.8849       +6.8849       
106           106           -31.9986      -6.0676       -38.0662      -38.0662      
107           107           -10.8813      -4.7065       -15.5878      -15.5878      
108           108           -24.8612      -2.1611       -27.0223      -27.0223      
109           109           -8.7838       -3.6153       -12.3991      -12.3991      
110           110           -28.7555      -3.721        -32.4765      -32.4765      
111           111           -1.5062       -2.4409       -3.9471       -3.9471       
112           112           +14.7962      -1.6909       +13.1053      +13.1053      
113           113           +10.0745      -3.2887       +6.7858       +6.7858       
114           114           +10.4381      -2.1535       +8.2846       +8.2846       
115           115           +26.808       -3.1596       +23.6484      +23.6484      
116           116           +22.144       -3.8753       +18.2687      +18.2687      
117           117           +0.4842       -2.3061       -1.8219       -1.8219       
118           118           -0.8337       -1.1987       -2.0324       -2.0324       
119           119           +14.8431      -0.2388       +14.6043      +14.6043      
120           120           +10.5617      -0.2634       +10.2983      +10.2983      
121           121           +10.7698      -1.1249       +9.6449       +9.6449       
122           122           +27.5157      -3.231        +24.2847      +24.2847      
123           123           +24.1501      -3.765        +20.3851      +20.3851      
124           124           -12.099       -0.6475       -12.7465      -12.7465      
125           125           -12.6238      -0.3918       -13.0156      -13.0156      
126           126           -3.7274       -0.4893       -4.2167       -4.2167       
127           127           +3.1413       -0.5316       +2.6097       +2.6097       
128           128           -5.8564       -0.4566       -6.313        -6.313        
129           129           -17.1558      -1.0041       -18.1599      -18.1599      
130           130           -1.5716       -0.7716       -2.3432       -2.3432       
131           131           -5.2314       -0.3478       -5.5792       -5.5792       
132           132           +22.6186      -1.1853       +21.4333      +21.4333      
133           133           +7.0543       -0.4874       +6.5669       +6.5669       
134           134           -8.8697       -0.4662       -9.3359       -9.3359       
135           135           +13.6989      -1.0593       +12.6396      +12.6396      
136           136           +31.8166      -2.519        +29.2976      +29.2976      
137           137           +34.8036      -1.5652       +33.2384      +33.2384      
138           138           +21.1384      -0.661        +20.4774      +20.4774      
139           139           +6.0028       -0.1502       +5.8526       +5.8526       
140           140           +14.2103      -0.5168       +13.6935      +13.6935      
141           141           +10.4772      -0.3962       +10.081       +10.081       
142           142           +15.4719      -0.5737       +14.8982      +14.8982      
143           143           +30.4441      -3.8744       +26.5697      +26.5697      
144           144           +1.9874       -3.0204       -1.033        -1.033        
145           145           -3.6851       -1.5834       -5.2685       -5.2685       
146           146           +6.2904       -2.6858       +3.6046       +3.6046       
147           147           +29.3676      -1.5113       +27.8563      +27.8563      
148           148           +31.0771      -1.8366       +29.2405      +29.2405      
149           149           +28.0818      -1.3157       +26.7661      +26.7661      
150           150           +18.4814      -0.2816       +18.1998      +18.1998      
151           151           +38.3524      -1.0346       +37.3178      +37.3178      
152           152           +25.5482      -1.2397       +24.3085      +24.3085      
153           153           +20.1668      -0.311        +19.8558      +19.8558      
154           154           +21.8969      -0.4818       +21.4151      +21.4151      
155           155           +20.7844      -0.4971       +20.2873      +20.2873      
156           156           +14.1543      -0.3281       +13.8262      +13.8262      
157           157           +7.1713       -0.7887       +6.3826       +6.3826       
158           158           +23.5863      -1.6235       +21.9628      +21.9628      
159           159           +28.2254      -1.3646       +26.8608      +26.8608      
160           160           +9.8064       -0.8649       +8.9415       +8.9415       
161           161           +17.7599      -0.6517       +17.1082      +17.1082      
162           162           +24.8304      -0.5888       +24.2416      +24.2416      
163           163           +26.9374      -1.3656       +25.5718      +25.5718      
164           164           +16.363       -0.4852       +15.8778      +15.8778      
165           165           +20.6471      -0.6895       +19.9576      +19.9576      
166           166           +12.3586      -0.1418       +12.2168      +12.2168      
167           167           +22.8183      -0.6945       +22.1238      +22.1238      
168           168           +21.2347      -1.3691       +19.8656      +19.8656      
169           169           +2.8307       -1.0546       +1.7761       +1.7761       
170           170           +30.6347      -0.8804       +29.7543      +29.7543      
171           171           +22.1126      -2.1746       +19.938       +19.938       
172           172           +9.8427       -0.9238       +8.9189       +8.9189       
173           173           +0.6544       -0.2677       +0.3867       +0.3867       
174           174           -2.8546       -0.3769       -3.2315       -3.2315       
175           175           +5.0128       -0.4937       +4.5191       +4.5191       
176           176           +12.045       -0.176        +11.869       +11.869       
177           177           +2.1403       -0.2938       +1.8465       +1.8465       
178           178           -8.7169       -0.378        -9.0949       -9.0949       
179           179           +16.4383      -0.2548       +16.1835      +16.1835      
180           180           +17.8255      -0.5006       +17.3249      +17.3249      
181           181           +5.9542       -0.2311       +5.7231       +5.7231       
182           182           +20.0763      -0.4849       +19.5914      +19.5914      
183           183           +9.9715       -0.1768       +9.7947       +9.7947       
184           184           +7.406        -0.1795       +7.2265       +7.2265       
185           185           -4.4663       -0.2097       -4.676        -4.676        
186           186           +11.8954      -0.3017       +11.5937      +11.5937      
187           187           +21.7614      -0.4239       +21.3375      +21.3375      
188           188           +15.1174      -0.3763       +14.7411      +14.7411      
189           189           +9.6482       -0.4342       +9.214        +9.214        
190           190           +8.4565       -0.1402       +8.3163       +8.3163       
191           191           +7.2498       -0.1632       +7.0866       +7.0866       
192           192           +6.9997       -0.3319       +6.6678       +6.6678       
193           193           +9.923        -0.2241       +9.6989       +9.6989       
194           194           +17.7459      -0.5164       +17.2295      +17.2295      
195           195           +4.5049       -1.1795       +3.3254       +3.3254       
196           196           -0.3262       -0.0588       -0.385        -0.385        
197           197           +1.6334       -0.1439       +1.4895       +1.4895       
198           198           +6.435        -0.2336       +6.2014       +6.2014       
199           199           +13.7619      -0.3677       +13.3942      +13.3942      
200           200           +7.9025       -0.3781       +7.5244       +7.5244       
201           201           +9.2769       -0.4302       +8.8467       +8.8467       
202           202           -2.121        -0.078        -2.199        -2.199        
203           203           +4.2648       -0.508        +3.7568       +3.7568       
204           204           +29.3929      -1.9838       +27.4091      +27.4091      
205           205           +21.8946      -0.8019       +21.0927      +21.0927      
206           206           +40.0606      -0.9643       +39.0963      +39.0963      
207           207           +15.1635      -1.2538       +13.9097      +13.9097      
208           208           +21.7639      -0.9751       +20.7888      +20.7888      
209           209           +22.5736      -3.0681       +19.5055      +19.5055      
210           210           +28.4305      -1.3191       +27.1114      +27.1114      
211           211           +31.4799      -0.8065       +30.6734      +30.6734      
212           212           +14.9954      -1.2433       +13.7521      +13.7521      
213           213           +27.3487      -1.9304       +25.4183      +25.4183      
214           214           +34.5694      -2.1008       +32.4686      +32.4686      
215           215           +27.2367      -1.8963       +25.3404      +25.3404      
216           216           +30.0924      -1.5755       +28.5169      +28.5169      
217           217           +8.0516       -1.9435       +6.1081       +6.1081       
218           218           +23.085       -1.7092       +21.3758      +21.3758      
219           219           +56.5582      -2.7842       +53.774       +53.774       
220           220           +18.0792      -0.8258       +17.2534      +17.2534      
221           221           +31.9098      -1.56         +30.3498      +30.3498      
222           222           +29.7764      -1.3693       +28.4071      +28.4071      
223           223           +20.0348      -0.5581       +19.4767      +19.4767      
224           224           +8.5789       -0.8644       +7.7145       +7.7145       
225           225           +22.8546      -0.9732       +21.8814      +21.8814      
226           226           +30.1301      -1.292        +28.8381      +28.8381      
227           227           +25.2081      -1.0759       +24.1322      +24.1322      
228           228           +32.7676      -1.3595       +31.4081      +31.4081      
229           229           +29.993       -0.8205       +29.1725      +29.1725      
230           230           +20.4269      -0.5968       +19.8301      +19.8301      
231           231           +12.79        -0.4488       +12.3412      +12.3412      
232           232           +28.2731      -0.7117       +27.5614      +27.5614      
233           233           +24.4489      -0.7649       +23.684       +23.684       
234           234           +22.3505      -0.8029       +21.5476      +21.5476      
235           235           +30.4006      -1.3582       +29.0424      +29.0424      
236           236           +25.8324      -1.0303       +24.8021      +24.8021      
237           237           +26.7607      -1.3148       +25.4459      +25.4459      
238           238           +25.0476      -1.0479       +23.9997      +23.9997      
239           239           +23.1982      -1.0073       +22.1909      +22.1909      
240           240           +21.5753      -1.2809       +20.2944      +20.2944      
241           241           +17.0307      -1.4108       +15.6199      +15.6199      
242           242           +25.7048      -1.0983       +24.6065      +24.6065      
243           243           +19.8598      -0.5797       +19.2801      +19.2801      
244           244           +29.8764      -1.4822       +28.3942      +28.3942      
245           245           +18.0759      -0.9727       +17.1032      +17.1032      
246           246           +25.6343      -1.0008       +24.6335      +24.6335      
247           247           +14.4489      -0.7968       +13.6521      +13.6521      
248           248           +17.3339      -0.6144       +16.7195      +16.7195      
249           249           +15.3933      -0.359        +15.0343      +15.0343      
250           250           +27.6391      -1.3442       +26.2949      +26.2949      
251           251           +36.0339      -0.6752       +35.3587      +35.3587      
252           252           +28.2524      -1.0107       +27.2417      +27.2417      
253           253           +31.8865      -1.6436       +30.2429      +30.2429      
254           254           +5.501        -1.4838       +4.0172       +4.0172       
255           255           +27.5522      -2.3145       +25.2377      +25.2377      
256           256           +24.4423      -2.2548       +22.1875      +22.1875      
257           257           +31.1653      -3.2517       +27.9136      +27.9136      
258           258           +25.3731      -1.5894       +23.7837      +23.7837      
259           259           +38.2209      -1.988        +36.2329      +36.2329      
260           260           +11.3595      -2.1863       +9.1732       +9.1732       
261           261           +8.8979       -1.0601       +7.8378       +7.8378       
262           262           +11.0679      -3.1331       +7.9348       +7.9348       
263           263           -2.6925       -2.623        -5.3155       -5.3155       
264           264           +19.8801      -2.1636       +17.7165      +17.7165      
265           265           +28.076       -2.4465       +25.6295      +25.6295      
266           266           +35.2204      -2.3165       +32.9039      +32.9039      
267           267           +8.3762       -3.0616       +5.3146       +5.3146       
268           268           +11.2728      -1.329        +9.9438       +9.9438       
269           269           +12.4947      -1.3545       +11.1402      +11.1402      
270           270           +12.5164      -1.5653       +10.9511      +10.9511      
271           271           +23.9303      -1.2541       +22.6762      +22.6762      
272           272           +36.2289      -2.0008       +34.2281      +34.2281      
273           273           -3.5263       -1.7895       -5.3158       -5.3158       
274           274           +18.0163      -2.3769       +15.6394      +15.6394      
275           275           +30.7858      -3.1185       +27.6673      +27.6673      
276           276           +14.3472      -1.7681       +12.5791      +12.5791      
277           277           +14.1425      -1.3419       +12.8006      +12.8006      
278           278           +6.9955       -1.4732       +5.5223       +5.5223       
279           279           +15.3433      -1.9896       +13.3537      +13.3537      
280           280           +14.799       -1.4135       +13.3855      +13.3855      
281           281           +13.7005      -1.3735       +12.327       +12.327       
282           282           -1.3289       -1.1211       -2.45         -2.45         
283           283           +9.3332       -1.4709       +7.8623       +7.8623       
284           284           +17.9004      -1.4882       +16.4122      +16.4122      
285           285           +15.4957      -1.4098       +14.0859      +14.0859      
286           286           +4.2659       -1.422        +2.8439       +2.8439       
287           287           +5.4701       -1.3716       +4.0985       +4.0985       
288           288           -3.3601       -1.3096       -4.6697       -4.6697       
289           289           +5.6299       -0.7248       +4.9051       +4.9051       
290           290           +3.9476       -0.6096       +3.338        +3.338        
291           291           +2.9933       -0.6291       +2.3642       +2.3642       
292           292           +6.1879       -0.4177       +5.7702       +5.7702       
293           293           +8.1886       -0.781        +7.4076       +7.4076       
294           294           -7.6629       -1.1313       -8.7942       -8.7942       
295           295           +27.5242      -1.5253       +25.9989      +25.9989      
296           296           +45.322       -2.0442       +43.2778      +43.2778      
297           297           +24.9681      -1.2979       +23.6702      +23.6702      
298           298           +13.7354      -2.3138       +11.4216      +11.4216      
299           299           +26.6427      -2.1563       +24.4864      +24.4864      
300           300           +11.7299      -2.8391       +8.8908       +8.8908       
301           301           +18.2309      -3.1105       +15.1204      +15.1204      
302           302           +23.3658      -3.8286       +19.5372      +19.5372      
303           303           +12.385       -2.2468       +10.1382      +10.1382      
304           304           +11.2132      -2.6396       +8.5736       +8.5736       
305           305           +28.5837      -2.5507       +26.033       +26.033       
306           306           +5.2271       -2.216        +3.0111       +3.0111       
307           307           +15.0172      -1.381        +13.6362      +13.6362      
308           308           +3.6335       -1.8665       +1.767        +1.767        
309           309           +7.4695       -3.4263       +4.0432       +4.0432       
310           310           +11.6923      -2.1047       +9.5876       +9.5876       
311           311           +18.8916      -1.6344       +17.2572      +17.2572      
312           312           +7.2635       -1.6097       +5.6538       +5.6538       
313           313           +14.017       -2.0599       +11.9571      +11.9571      
314           314           +13.766       -1.4993       +12.2667      +12.2667      
315           315           +2.6018       -1.8861       +0.7157       +0.7157       
316           316           -2.3005       -1.1783       -3.4788       -3.4788       
317           317           -9.0041       -2.7109       -11.715       -11.715       
318           318           -3.0394       -2.1322       -5.1716       -5.1716       
319           319           -4.7428       -1.9398       -6.6826       -6.6826       
320           320           +3.5721       -1.1099       +2.4622       +2.4622       
321           321           +5.2162       -1.4835       +3.7327       +3.7327       
322           322           +6.158        -1.4569       +4.7011       +4.7011       
323           323           +4.5125       -1.2047       +3.3078       +3.3078       
324           324           +5.5454       -1.2589       +4.2865       +4.2865       
325           325           +10.9037      -1.8899       +9.0138       +9.0138       
326           326           -3.7571       -2.8789       -6.636        -6.636        
327           327           -3.8409       -2.6488       -6.4897       -6.4897       
328           328           +10.4565      -2.497        +7.9595       +7.9595       
329           329           -1.7979       -2.7875       -4.5854       -4.5854       
330           330           +15.8053      -4.1219       +11.6834      +11.6834      
331           331           +23.4215      -2.6367       +20.7848      +20.7848      
332           332           +9.7199       -1.8995       +7.8204       +7.8204       
333           333           -1.5746       -1.2976       -2.8722       -2.8722       
334           334           -0.5801       -2.5668       -3.1469       -3.1469       
335           335           +15.7079      -1.748        +13.9599      +13.9599      
336           336           +8.5319       -1.7453       +6.7866       +6.7866       
337           337           +10.9061      -1.766        +9.1401       +9.1401       
338           338           +3.3773       -1.7752       +1.6021       +1.6021       
339           339           +23.6018      -2.074        +21.5278      +21.5278      
340           340           +23.3897      -1.6664       +21.7233      +21.7233      
341           341           +17.1064      -1.7075       +15.3989      +15.3989      
342           342           +16.8375      -1.4782       +15.3593      +15.3593      
343           343           +17.4292      -1.6639       +15.7653      +15.7653      
344           344           -6.2704       -1.3594       -7.6298       -7.6298       
345           345           +10.6488      -1.4924       +9.1564       +9.1564       
346           346           +7.3134       -2.0081       +5.3053       +5.3053       
347           347           +3.5185       -1.415        +2.1035       +2.1035       
348           348           +11.6501      -1.857        +9.7931       +9.7931       
349           349           +2.722        -1.2074       +1.5146       +1.5146       
350           350           +11.6534      -1.5355       +10.1179      +10.1179      
351           351           +11.2785      -1.284        +9.9945       +9.9945       
352           352           +15.0589      -2.0238       +13.0351      +13.0351      
353           353           +9.1957       -2.2011       +6.9946       +6.9946       
354           354           +6.7985       -1.786        +5.0125       +5.0125       
355           355           +6.9192       -1.7381       +5.1811       +5.1811       
