Frame         Time          Elec          VdW           Nonbond       Total         
0             0             -5.8774       -1.2473       -7.1247       -7.1247       
1             1             -9.6768       -1.5581       -11.2349      -11.2349      
2             2             -2.4677       -1.7225       -4.1902       -4.1902       
3             3             -2.7205       -2.4342       -5.1547       -5.1547       
4             4             -2.5102       -2.0817       -4.5919       -4.5919       
5             5             -1.2919       -2.633        -3.9249       -3.9249       
6             6             -5.8579       -1.8216       -7.6795       -7.6795       
7             7             -9.4687       -2.3771       -11.8458      -11.8458      
8             8             -3.9025       -1.7676       -5.6701       -5.6701       
9             9             -7.6189       -1.7232       -9.3421       -9.3421       
10            10            -2.4499       -2.2579       -4.7078       -4.7078       
11            11            -5.5309       -1.4341       -6.965        -6.965        
12            12            -1.6116       -1.7452       -3.3568       -3.3568       
13            13            -6.7461       -1.915        -8.6611       -8.6611       
14            14            -5.9841       -1.6491       -7.6332       -7.6332       
15            15            -2.7887       -1.8111       -4.5998       -4.5998       
16            16            -4.7717       -2.4365       -7.2082       -7.2082       
17            17            +1.4429       -1.8997       -0.4568       -0.4568       
18            18            -4.2712       -1.9528       -6.224        -6.224        
19            19            -8.0818       -1.9503       -10.0321      -10.0321      
20            20            -6.5152       -1.4605       -7.9757       -7.9757       
21            21            -3.288        -1.3773       -4.6653       -4.6653       
22            22            -5.163        -1.7259       -6.8889       -6.8889       
23            23            -5.8414       -0.9083       -6.7497       -6.7497       
24            24            +0.984        -2.2092       -1.2252       -1.2252       
25            25            -1.4635       -1.9699       -3.4334       -3.4334       
26            26            -2.446        -2.0289       -4.4749       -4.4749       
27            27            +2.4903       -0.5616       +1.9287       +1.9287       
28            28            -1.0687       -0.8175       -1.8862       -1.8862       
29            29            +4.9486       -1.2067       +3.7419       +3.7419       
30            30            +1.9998       -0.3068       +1.693        +1.693        
31            31            +4.893        -1.022        +3.871        +3.871        
32            32            +3.2931       -0.8131       +2.48         +2.48         
33            33            +4.6576       -1.1283       +3.5293       +3.5293       
34            34            +0.9689       -1.3118       -0.3429       -0.3429       
35            35            +1.1278       -0.9256       +0.2022       +0.2022       
36            36            +3.9468       -0.6451       +3.3017       +3.3017       
37            37            +1.5084       -0.4059       +1.1025       +1.1025       
38            38            -0.9783       -0.278        -1.2563       -1.2563       
39            39            +2.3714       -0.3308       +2.0406       +2.0406       
40            40            +0.2962       -0.345        -0.0488       -0.0488       
41            41            -1.7946       -0.3747       -2.1693       -2.1693       
42            42            -1.4345       -0.2699       -1.7044       -1.7044       
43            43            -0.5474       -0.271        -0.8184       -0.8184       
44            44            +0.4337       -0.247        +0.1867       +0.1867       
45            45            -1.6899       -0.155        -1.8449       -1.8449       
46            46            -1.2526       -0.2657       -1.5183       -1.5183       
47            47            -0.9309       -0.3836       -1.3145       -1.3145       
48            48            +0.1523       -0.2041       -0.0518       -0.0518       
49            49            -0.2747       -0.1803       -0.455        -0.455        
50            50            -0.7498       -0.3036       -1.0534       -1.0534       
51            51            -0.7887       -0.2554       -1.0441       -1.0441       
52            52            -0.5172       -0.3132       -0.8304       -0.8304       
53            53            -1.2902       -0.3995       -1.6897       -1.6897       
54            54            -2.3178       -0.4976       -2.8154       -2.8154       
55            55            -2.1317       -0.3713       -2.503        -2.503        
56            56            -1.1516       -0.191        -1.3426       -1.3426       
57            57            +0.3209       -0.2994       +0.0215       +0.0215       
58            58            -0.1852       -0.2759       -0.4611       -0.4611       
59            59            -0.4482       -0.2009       -0.6491       -0.6491       
60            60            +0.1052       -0.1582       -0.053        -0.053        
61            61            -1.9655       -0.1729       -2.1384       -2.1384       
62            62            -2.1551       -0.198        -2.3531       -2.3531       
63            63            -0.1253       -0.1281       -0.2534       -0.2534       
64            64            +0.5506       -0.1243       +0.4263       +0.4263       
65            65            -1.193        -0.1709       -1.3639       -1.3639       
66            66            +0.3302       -0.134        +0.1962       +0.1962       
67            67            +0.4597       -0.1448       +0.3149       +0.3149       
68            68            +1.2188       -0.1802       +1.0386       +1.0386       
69            69            +1.6229       -0.1509       +1.472        +1.472        
70            70            +1.5926       -0.1582       +1.4344       +1.4344       
71            71            -0.4491       -0.1716       -0.6207       -0.6207       
72            72            -0.6566       -0.2218       -0.8784       -0.8784       
73            73            -4.258        -0.6212       -4.8792       -4.8792       
74            74            -1.2453       -0.3792       -1.6245       -1.6245       
75            75            -0.7114       -0.2865       -0.9979       -0.9979       
76            76            -0.1365       -0.2941       -0.4306       -0.4306       
77            77            -0.4951       -0.2189       -0.714        -0.714        
78            78            +0.5777       -0.1201       +0.4576       +0.4576       
79            79            -2.0878       -0.4897       -2.5775       -2.5775       
80            80            +0.87         -0.4204       +0.4496       +0.4496       
81            81            +0.9594       -0.5661       +0.3933       +0.3933       
82            82            +0.3079       -0.8374       -0.5295       -0.5295       
83            83            -5.4443       -1.0827       -6.527        -6.527        
84            84            -5.1851       -0.3322       -5.5173       -5.5173       
85            85            -3.9036       -1.9318       -5.8354       -5.8354       
86            86            -6.5808       -1.694        -8.2748       -8.2748       
87            87            -3.5837       -1.0537       -4.6374       -4.6374       
88            88            -6.6436       -0.5375       -7.1811       -7.1811       
89            89            +3.8043       -0.2155       +3.5888       +3.5888       
90            90            +1.7433       -0.2694       +1.4739       +1.4739       
91            91            +0.0526       -0.2551       -0.2025       -0.2025       
92            92            +1.6246       -0.209        +1.4156       +1.4156       
93            93            +0.535        -0.1624       +0.3726       +0.3726       
94            94            +1.2965       -0.1195       +1.177        +1.177        
95            95            +2.5202       -0.1282       +2.392        +2.392        
96            96            +1.0253       -0.1202       +0.9051       +0.9051       
97            97            +1.3024       -0.1101       +1.1923       +1.1923       
98            98            +0.8512       -0.0099       +0.8413       +0.8413       
99            99            +0.8515       -0.1475       +0.704        +0.704        
100           100           -0.0219       -0.0517       -0.0736       -0.0736       
101           101           +0.7881       -0.039        +0.7491       +0.7491       
102           102           +0.09         -0.0025       +0.0875       +0.0875       
103           103           -0.5296       -0.0713       -0.6009       -0.6009       
104           104           +0.456        -0.0997       +0.3563       +0.3563       
105           105           -0.092        -0.1595       -0.2515       -0.2515       
106           106           +1.2602       -0.2242       +1.036        +1.036        
107           107           +3.2102       -0.2339       +2.9763       +2.9763       
108           108           +2.1571       -0.2111       +1.946        +1.946        
109           109           +1.1464       -0.1238       +1.0226       +1.0226       
110           110           +0.6733       -0.1235       +0.5498       +0.5498       
111           111           +0.9873       -0.0941       +0.8932       +0.8932       
112           112           +1.2965       -0.6511       +0.6454       +0.6454       
113           113           +0.8672       -0.3061       +0.5611       +0.5611       
114           114           +2.1961       -0.3063       +1.8898       +1.8898       
115           115           +5.8841       -0.2848       +5.5993       +5.5993       
116           116           +0.5159       -0.121        +0.3949       +0.3949       
117           117           -1.2171       -0.0893       -1.3064       -1.3064       
118           118           +1.1675       -0.3162       +0.8513       +0.8513       
119           119           +1.3806       -0.1446       +1.236        +1.236        
120           120           -2.4768       -0.319        -2.7958       -2.7958       
121           121           -3.3871       -0.3696       -3.7567       -3.7567       
122           122           -1.2792       -0.7102       -1.9894       -1.9894       
123           123           +0.5883       -0.5834       +0.0049       +0.0049       
124           124           -2.6789       -0.4695       -3.1484       -3.1484       
125           125           +2.1961       -0.3128       +1.8833       +1.8833       
126           126           +0.0702       -0.3367       -0.2665       -0.2665       
127           127           +5.5111       -0.2899       +5.2212       +5.2212       
128           128           +0.701        -0.3308       +0.3702       +0.3702       
129           129           +0.3965       -0.3584       +0.0381       +0.0381       
130           130           +1.3984       -0.3212       +1.0772       +1.0772       
131           131           +2.7525       -0.2826       +2.4699       +2.4699       
132           132           -0.6916       -0.4498       -1.1414       -1.1414       
133           133           +0.7065       -0.4474       +0.2591       +0.2591       
134           134           +0.0965       -0.325        -0.2285       -0.2285       
135           135           -4.4076       -1.1831       -5.5907       -5.5907       
136           136           -1.5547       -0.9135       -2.4682       -2.4682       
137           137           +1.5236       -0.401        +1.1226       +1.1226       
138           138           +2.4821       -0.2173       +2.2648       +2.2648       
139           139           +4.1503       -0.4702       +3.6801       +3.6801       
140           140           +2.6761       -0.4554       +2.2207       +2.2207       
141           141           +0.7769       -0.3687       +0.4082       +0.4082       
142           142           -0.4596       -0.3866       -0.8462       -0.8462       
143           143           -3.1166       -0.504        -3.6206       -3.6206       
144           144           -2.3722       -0.3781       -2.7503       -2.7503       
145           145           -3.2841       -0.3562       -3.6403       -3.6403       
146           146           +0.4441       -0.0525       +0.3916       +0.3916       
147           147           -0.9403       -0.0181       -0.9584       -0.9584       
148           148           +0.3963       -0.0084       +0.3879       +0.3879       
149           149           +1.5629       -0.0253       +1.5376       +1.5376       
150           150           +0.8483       -0.0303       +0.818        +0.818        
151           151           -0.0337       -0.0089       -0.0426       -0.0426       
152           152           +0.2718       -0.0062       +0.2656       +0.2656       
153           153           -0.0865       -0.0002       -0.0867       -0.0867       
154           154           -0.7089       -0.0019       -0.7108       -0.7108       
155           155           -4.0682       -0.0585       -4.1267       -4.1267       
156           156           -4.1752       -0.1318       -4.307        -4.307        
157           157           -7.7873       -0.2556       -8.0429       -8.0429       
158           158           -2.7874       -0.2052       -2.9926       -2.9926       
159           159           -6.0075       -0.1628       -6.1703       -6.1703       
160           160           -0.7842       -0.0054       -0.7896       -0.7896       
161           161           +0.2141       -0.0523       +0.1618       +0.1618       
162           162           -0.8298       -0.0621       -0.8919       -0.8919       
163           163           -3.307        -0.0434       -3.3504       -3.3504       
164           164           -1.9267       -0.0335       -1.9602       -1.9602       
165           165           -3.6481       -0.0581       -3.7062       -3.7062       
166           166           -2.5837       -0.0317       -2.6154       -2.6154       
167           167           +0.5049       -0.0152       +0.4897       +0.4897       
168           168           -0.7834       -0.0054       -0.7888       -0.7888       
169           169           -0.7937       -0.0117       -0.8054       -0.8054       
170           170           -3.4316       -0.0655       -3.4971       -3.4971       
171           171           +1.7605       -0.1657       +1.5948       +1.5948       
172           172           +3.059        -0.0892       +2.9698       +2.9698       
173           173           +1.6598       -0.0613       +1.5985       +1.5985       
174           174           +0.4007       -0.1073       +0.2934       +0.2934       
175           175           -0.7587       -0.1544       -0.9131       -0.9131       
176           176           -2.8906       -0.0739       -2.9645       -2.9645       
177           177           -1.4375       -0.1781       -1.6156       -1.6156       
178           178           -0.3343       -0.1714       -0.5057       -0.5057       
179           179           +1.1726       -0.1936       +0.979        +0.979        
180           180           -2.8046       -0.8486       -3.6532       -3.6532       
181           181           -0.1551       -1.2224       -1.3775       -1.3775       
182           182           +1.3485       -0.8477       +0.5008       +0.5008       
183           183           +0.0585       -0.6013       -0.5428       -0.5428       
184           184           +0.9514       -0.5329       +0.4185       +0.4185       
185           185           +0.511        -0.9032       -0.3922       -0.3922       
186           186           -1.9407       -0.63         -2.5707       -2.5707       
187           187           +0.955        -0.3014       +0.6536       +0.6536       
188           188           -3.3034       -0.6286       -3.932        -3.932        
189           189           +1.4619       -0.7907       +0.6712       +0.6712       
190           190           +4.426        -0.4082       +4.0178       +4.0178       
191           191           +0.0884       -0.537        -0.4486       -0.4486       
192           192           -1.6559       -0.2923       -1.9482       -1.9482       
193           193           +0.6512       -0.1714       +0.4798       +0.4798       
194           194           -2.5047       -0.4282       -2.9329       -2.9329       
195           195           +0.0362       -1.7408       -1.7046       -1.7046       
196           196           -2.1057       -0.1206       -2.2263       -2.2263       
197           197           -4.4616       -0.5509       -5.0125       -5.0125       
198           198           -5.4742       -0.4403       -5.9145       -5.9145       
199           199           -6.6255       -0.9433       -7.5688       -7.5688       
200           200           -5.7713       -0.541        -6.3123       -6.3123       
201           201           -7.2329       -0.4444       -7.6773       -7.6773       
202           202           +0.632        -0.1234       +0.5086       +0.5086       
203           203           -5.6783       -0.2834       -5.9617       -5.9617       
204           204           -6.0905       -0.3301       -6.4206       -6.4206       
205           205           -1.9135       -0.3133       -2.2268       -2.2268       
206           206           -3.6438       -0.2475       -3.8913       -3.8913       
207           207           -4.5813       -0.6307       -5.212        -5.212        
208           208           -3.9929       -0.3716       -4.3645       -4.3645       
209           209           -2.1421       -0.3251       -2.4672       -2.4672       
210           210           -1.4406       -0.1828       -1.6234       -1.6234       
211           211           -0.7589       -0.6184       -1.3773       -1.3773       
212           212           -2.7503       -0.9804       -3.7307       -3.7307       
213           213           -0.5752       -0.4852       -1.0604       -1.0604       
214           214           +1.3494       -0.3344       +1.015        +1.015        
215           215           +0.0787       -0.6459       -0.5672       -0.5672       
216           216           +0.1495       -0.4813       -0.3318       -0.3318       
217           217           -1.5904       -0.4374       -2.0278       -2.0278       
218           218           +1.6079       -0.1938       +1.4141       +1.4141       
219           219           +0.9738       -0.8801       +0.0937       +0.0937       
220           220           -1.5463       -0.6135       -2.1598       -2.1598       
221           221           -11.6475      +0.513        -11.1345      -11.1345      
222           222           -4.6722       -1.8451       -6.5173       -6.5173       
223           223           -7.1192       -0.0991       -7.2183       -7.2183       
224           224           -5.4197       -1.7099       -7.1296       -7.1296       
225           225           -5.9693       -0.4257       -6.395        -6.395        
226           226           -3.0409       -0.441        -3.4819       -3.4819       
227           227           -3.1172       -0.5769       -3.6941       -3.6941       
228           228           -3.3347       -0.2601       -3.5948       -3.5948       
229           229           -2.1778       -0.5046       -2.6824       -2.6824       
230           230           -2.5593       -0.3583       -2.9176       -2.9176       
231           231           -4.2997       -0.1948       -4.4945       -4.4945       
232           232           -4.5031       -0.4579       -4.961        -4.961        
233           233           -2.2241       -0.6767       -2.9008       -2.9008       
234           234           -2.6563       -0.4889       -3.1452       -3.1452       
235           235           -5.1579       -0.9459       -6.1038       -6.1038       
236           236           -5.3518       -0.2963       -5.6481       -5.6481       
237           237           -1.4931       -0.547        -2.0401       -2.0401       
238           238           -1.7001       -0.4245       -2.1246       -2.1246       
239           239           +0.0686       -0.74         -0.6714       -0.6714       
240           240           -1.5369       -0.6409       -2.1778       -2.1778       
241           241           -3.284        -0.5793       -3.8633       -3.8633       
242           242           +0.2991       -0.3799       -0.0808       -0.0808       
243           243           -1.5056       -0.5629       -2.0685       -2.0685       
244           244           -3.5264       -0.5822       -4.1086       -4.1086       
245           245           -1.1463       -0.318        -1.4643       -1.4643       
246           246           +0.8842       -0.7659       +0.1183       +0.1183       
247           247           -0.6378       -0.0709       -0.7087       -0.7087       
248           248           +3.8978       -1.2271       +2.6707       +2.6707       
249           249           +1.2638       -0.5969       +0.6669       +0.6669       
250           250           -6.0348       -0.5652       -6.6          -6.6          
251           251           -3.0593       -0.3498       -3.4091       -3.4091       
252           252           -7.4793       -1.5284       -9.0077       -9.0077       
253           253           -2.6084       -0.2433       -2.8517       -2.8517       
254           254           -6.8485       -1.5537       -8.4022       -8.4022       
255           255           -6.4913       -1.4031       -7.8944       -7.8944       
256           256           -5.6486       -1.608        -7.2566       -7.2566       
257           257           -4.6879       -2.4094       -7.0973       -7.0973       
258           258           +5.7812       -0.4403       +5.3409       +5.3409       
259           259           +2.4335       -0.4893       +1.9442       +1.9442       
260           260           -1.9473       -2.0802       -4.0275       -4.0275       
261           261           -1.3406       -0.1833       -1.5239       -1.5239       
262           262           -3.0462       -0.7856       -3.8318       -3.8318       
263           263           +4.1785       -0.9818       +3.1967       +3.1967       
264           264           +2.6745       -0.4284       +2.2461       +2.2461       
265           265           +2.9829       -0.8906       +2.0923       +2.0923       
266           266           -2.1016       -0.7847       -2.8863       -2.8863       
267           267           +2.4601       -1.0994       +1.3607       +1.3607       
268           268           +2.2828       -0.4658       +1.817        +1.817        
269           269           +5.1676       -0.6561       +4.5115       +4.5115       
270           270           +4.0138       -1.4335       +2.5803       +2.5803       
271           271           +0.9431       -1.5064       -0.5633       -0.5633       
272           272           -2.257        -2.345        -4.602        -4.602        
273           273           +7.9224       -1.5926       +6.3298       +6.3298       
274           274           +4.3832       -2.2359       +2.1473       +2.1473       
275           275           +1.6328       -0.9937       +0.6391       +0.6391       
276           276           +4.2389       -0.7241       +3.5148       +3.5148       
277           277           -1.2725       -0.5328       -1.8053       -1.8053       
278           278           -0.1833       -0.5048       -0.6881       -0.6881       
279           279           -1.6673       -0.2733       -1.9406       -1.9406       
280           280           -1.4928       -0.2779       -1.7707       -1.7707       
281           281           +0.2199       -0.2976       -0.0777       -0.0777       
282           282           -0.148        -0.3403       -0.4883       -0.4883       
283           283           -3.2112       -0.3145       -3.5257       -3.5257       
284           284           -1.2074       -0.3685       -1.5759       -1.5759       
285           285           -2.5388       -0.3704       -2.9092       -2.9092       
286           286           -1.9846       -0.5318       -2.5164       -2.5164       
287           287           -1.1694       -0.3605       -1.5299       -1.5299       
288           288           +0.4449       -0.244        +0.2009       +0.2009       
289           289           -0.0204       -0.4528       -0.4732       -0.4732       
290           290           +0.2576       -0.341        -0.0834       -0.0834       
291           291           -1.5806       -0.356        -1.9366       -1.9366       
292           292           -2.0105       -0.2646       -2.2751       -2.2751       
293           293           -1.1006       -0.2916       -1.3922       -1.3922       
294           294           -1.6344       -0.1619       -1.7963       -1.7963       
295           295           -5.122        -0.1491       -5.2711       -5.2711       
296           296           -4.6769       -0.1576       -4.8345       -4.8345       
297           297           -5.2474       -0.2468       -5.4942       -5.4942       
298           298           -7.5276       -0.6051       -8.1327       -8.1327       
299           299           -5.8942       -0.5251       -6.4193       -6.4193       
300           300           -8.1641       -0.7156       -8.8797       -8.8797       
301           301           -11.519       -0.5273       -12.0463      -12.0463      
302           302           -10.1373      -0.6835       -10.8208      -10.8208      
303           303           -8.843        -0.8003       -9.6433       -9.6433       
304           304           -12.038       -0.2462       -12.2842      -12.2842      
305           305           -9.3059       +0.1358       -9.1701       -9.1701       
306           306           -1.8145       -0.2872       -2.1017       -2.1017       
307           307           -3.9663       -1.0113       -4.9776       -4.9776       
308           308           -7.3842       -2.0971       -9.4813       -9.4813       
309           309           -6.928        -2.6963       -9.6243       -9.6243       
310           310           -5.0678       -0.6077       -5.6755       -5.6755       
311           311           -8.0932       -0.5978       -8.691        -8.691        
312           312           -7.8766       -0.4406       -8.3172       -8.3172       
313           313           -8.4028       -0.4041       -8.8069       -8.8069       
314           314           -2.7457       -0.3591       -3.1048       -3.1048       
315           315           -1.2101       -0.4096       -1.6197       -1.6197       
316           316           -8.29         -1.6131       -9.9031       -9.9031       
317           317           -7.1867       -1.0775       -8.2642       -8.2642       
318           318           -11.2429      -1.8325       -13.0754      -13.0754      
319           319           -13.1499      -0.7931       -13.943       -13.943       
320           320           -6.7231       -1.9956       -8.7187       -8.7187       
321           321           -10.4103      -1.7009       -12.1112      -12.1112      
322           322           -8.7366       -2.032        -10.7686      -10.7686      
323           323           -2.0277       -1.3211       -3.3488       -3.3488       
324           324           -9.5599       -1.088        -10.6479      -10.6479      
325           325           -10.0342      -0.7958       -10.83        -10.83        
326           326           -8.9562       -1.7078       -10.664       -10.664       
327           327           -2.3488       -1.9344       -4.2832       -4.2832       
328           328           -10.6557      -0.8584       -11.5141      -11.5141      
329           329           +2.2353       -2.0752       +0.1601       +0.1601       
330           330           -6.6567       -2.2193       -8.876        -8.876        
331           331           -0.519        -0.971        -1.49         -1.49         
332           332           +2.0052       -0.8292       +1.176        +1.176        
333           333           +5.1408       -0.9724       +4.1684       +4.1684       
334           334           +1.4252       -0.4177       +1.0075       +1.0075       
335           335           +0.6425       -0.6751       -0.0326       -0.0326       
336           336           +0.5868       -0.8835       -0.2967       -0.2967       
337           337           +0.4213       -0.4086       +0.0127       +0.0127       
338           338           -0.4265       -0.8004       -1.2269       -1.2269       
339           339           +1.5436       -0.6318       +0.9118       +0.9118       
340           340           +1.3576       -0.6675       +0.6901       +0.6901       
341           341           +0.6096       -0.4849       +0.1247       +0.1247       
342           342           -0.671        -0.4744       -1.1454       -1.1454       
343           343           -2.1449       -0.2725       -2.4174       -2.4174       
344           344           +0.5089       -0.7515       -0.2426       -0.2426       
345           345           -0.6626       -0.4233       -1.0859       -1.0859       
346           346           +0.3174       -0.4526       -0.1352       -0.1352       
347           347           -0.3461       -0.2976       -0.6437       -0.6437       
348           348           -1.3028       -0.3253       -1.6281       -1.6281       
349           349           -0.918        -0.5609       -1.4789       -1.4789       
350           350           -1.616        -0.3647       -1.9807       -1.9807       
351           351           +0.6731       -0.3215       +0.3516       +0.3516       
352           352           -0.165        -0.2605       -0.4255       -0.4255       
353           353           -0.2026       -0.3395       -0.5421       -0.5421       
354           354           -1.8834       -0.2523       -2.1357       -2.1357       
355           355           -2.3965       -0.4178       -2.8143       -2.8143       
