Frame         Time          Elec          VdW           Nonbond       Total         
0             0             -11.3785      -4.0476       -15.4261      -15.4261      
1             1             -10.6798      -2.1629       -12.8427      -12.8427      
2             2             -7.4232       -1.4952       -8.9184       -8.9184       
3             3             -4.7705       -0.8137       -5.5842       -5.5842       
4             4             -2.0239       -0.4533       -2.4772       -2.4772       
5             5             -4.1059       -1.136        -5.2419       -5.2419       
6             6             -0.2415       -3.0134       -3.2549       -3.2549       
7             7             -2.3445       -0.5196       -2.8641       -2.8641       
8             8             -9.4218       -4.5          -13.9218      -13.9218      
9             9             -7.1378       -4.1233       -11.2611      -11.2611      
10            10            -5.9592       -2.4459       -8.4051       -8.4051       
11            11            -10.9802      -3.3302       -14.3104      -14.3104      
12            12            -17.3639      -3.3607       -20.7246      -20.7246      
13            13            -0.0962       -1.0142       -1.1104       -1.1104       
14            14            -6.2348       -2.4576       -8.6924       -8.6924       
15            15            -0.2722       -1.7441       -2.0163       -2.0163       
16            16            +4.2487       -0.2304       +4.0183       +4.0183       
17            17            -2.5281       +0.3743       -2.1538       -2.1538       
18            18            -7.811        -1.6062       -9.4172       -9.4172       
19            19            -1.4391       -0.4142       -1.8533       -1.8533       
20            20            -6.5158       -2.0134       -8.5292       -8.5292       
21            21            +0.2016       -0.0526       +0.149        +0.149        
22            22            -5.3223       -1.7022       -7.0245       -7.0245       
23            23            -14.4171      -0.9343       -15.3514      -15.3514      
24            24            +0.8501       -2.5253       -1.6752       -1.6752       
25            25            +3.8753       -3.5834       +0.2919       +0.2919       
26            26            -3.4477       -2.7695       -6.2172       -6.2172       
27            27            +1.0678       -5.7174       -4.6496       -4.6496       
28            28            -5.2666       -1.9518       -7.2184       -7.2184       
29            29            -0.0679       -3.7716       -3.8395       -3.8395       
30            30            +2.8749       -2.7032       +0.1717       +0.1717       
31            31            -0.4          -2.9125       -3.3125       -3.3125       
32            32            -0.8922       -0.9253       -1.8175       -1.8175       
33            33            -5.5141       -2.4248       -7.9389       -7.9389       
34            34            +0.1793       -2.3794       -2.2001       -2.2001       
35            35            -3.8743       -1.906        -5.7803       -5.7803       
36            36            +1.5669       -0.1033       +1.4636       +1.4636       
37            37            +2.4092       -0.8406       +1.5686       +1.5686       
38            38            +1.5668       -0.3192       +1.2476       +1.2476       
39            39            +4.0066       -0.3866       +3.62         +3.62         
40            40            -3.152        -1.6009       -4.7529       -4.7529       
41            41            -4.4356       -0.8409       -5.2765       -5.2765       
42            42            +0.2527       -0.3386       -0.0859       -0.0859       
43            43            -8.1783       -1.1837       -9.362        -9.362        
44            44            -1.4857       -0.1802       -1.6659       -1.6659       
45            45            +6.9712       -0.7944       +6.1768       +6.1768       
46            46            -0.0695       -2.934        -3.0035       -3.0035       
47            47            -0.4235       -0.9502       -1.3737       -1.3737       
48            48            +1.0025       -0.1077       +0.8948       +0.8948       
49            49            -2.1083       -0.1102       -2.2185       -2.2185       
50            50            +0.6877       -0.0499       +0.6378       +0.6378       
51            51            +0.2104       -0.0039       +0.2065       +0.2065       
52            52            +0.4498       -0.0041       +0.4457       +0.4457       
53            53            +0.7442       -0.0052       +0.739        +0.739        
54            54            +1.1121       -0.0123       +1.0998       +1.0998       
55            55            +1.6926       -0.0287       +1.6639       +1.6639       
56            56            +2.0317       -0.0108       +2.0209       +2.0209       
57            57            +1.1109       -0.0075       +1.1034       +1.1034       
58            58            +0.6759       -0.0129       +0.663        +0.663        
59            59            +0.2405       -0.002        +0.2385       +0.2385       
60            60            +1.2816       -0.0138       +1.2678       +1.2678       
61            61            -0.2441       -0.0221       -0.2662       -0.2662       
62            62            +0.0028       -0.0216       -0.0188       -0.0188       
63            63            +1.5856       -0.0095       +1.5761       +1.5761       
64            64            +0.3911       -0.0041       +0.387        +0.387        
65            65            +0.0129       -0.007        +0.0059       +0.0059       
66            66            +0.2267       -0.0257       +0.201        +0.201        
67            67            +1.0964       -0.0031       +1.0933       +1.0933       
68            68            +0.4723       -0.0086       +0.4637       +0.4637       
69            69            -0.3285       -0.0034       -0.3319       -0.3319       
70            70            -1.1468       -0.0543       -1.2011       -1.2011       
71            71            +0.0093       -0.0057       +0.0036       +0.0036       
72            72            +0.8069       -0.0054       +0.8015       +0.8015       
73            73            -1.0134       -0.005        -1.0184       -1.0184       
74            74            -0.1083       -0.0206       -0.1289       -0.1289       
75            75            +2.874        -0.0336       +2.8404       +2.8404       
76            76            +1.4662       -0.0176       +1.4486       +1.4486       
77            77            +1.4974       -0.0267       +1.4707       +1.4707       
78            78            +1.574        -0.0179       +1.5561       +1.5561       
79            79            +0.3028       -0.011        +0.2918       +0.2918       
80            80            +1.3886       -0.0189       +1.3697       +1.3697       
81            81            +4.1167       -0.207        +3.9097       +3.9097       
82            82            -4.4971       -0.9249       -5.422        -5.422        
83            83            +2.751        -0.1276       +2.6234       +2.6234       
84            84            -0.8498       -0.3678       -1.2176       -1.2176       
85            85            +0.7856       -0.1247       +0.6609       +0.6609       
86            86            -0.7875       -0.2889       -1.0764       -1.0764       
87            87            +1.5387       -0.1504       +1.3883       +1.3883       
88            88            +1.8029       -0.0376       +1.7653       +1.7653       
89            89            +0.3435       -0.0439       +0.2996       +0.2996       
90            90            -1.5576       -0.0874       -1.645        -1.645        
91            91            -0.7615       -0.0626       -0.8241       -0.8241       
92            92            -0.5825       -0.0965       -0.679        -0.679        
93            93            -0.4577       -0.8093       -1.267        -1.267        
94            94            +2.6917       -0.0117       +2.68         +2.68         
95            95            +0.0408       -0.127        -0.0862       -0.0862       
96            96            +2.7585       -0.124        +2.6345       +2.6345       
97            97            -1.2037       -0.613        -1.8167       -1.8167       
98            98            +0.7324       -0.681        +0.0514       +0.0514       
99            99            -3.7796       -0.5832       -4.3628       -4.3628       
100           100           -1.5514       -0.2525       -1.8039       -1.8039       
101           101           -2.0083       -0.1674       -2.1757       -2.1757       
102           102           +2.8398       -0.2042       +2.6356       +2.6356       
103           103           +1.5098       -0.0542       +1.4556       +1.4556       
104           104           +0.5026       -0.3393       +0.1633       +0.1633       
105           105           +0.2122       -0.0883       +0.1239       +0.1239       
106           106           -3.3386       -0.1532       -3.4918       -3.4918       
107           107           -0.7137       -0.5644       -1.2781       -1.2781       
108           108           +1.864        -0.7145       +1.1495       +1.1495       
109           109           -3.6785       -0.2393       -3.9178       -3.9178       
110           110           +3.3725       -0.1207       +3.2518       +3.2518       
111           111           -4.3829       -0.116        -4.4989       -4.4989       
112           112           -14.0827      -2.74         -16.8227      -16.8227      
113           113           -15.244       -2.3042       -17.5482      -17.5482      
114           114           -3.8582       -3.4899       -7.3481       -7.3481       
115           115           -2.5741       -2.9508       -5.5249       -5.5249       
116           116           -2.5968       -0.9549       -3.5517       -3.5517       
117           117           -5.1275       -1.6687       -6.7962       -6.7962       
118           118           -11.8375      +0.1164       -11.7211      -11.7211      
119           119           +10.7511      -2.9768       +7.7743       +7.7743       
120           120           -3.6675       -0.4402       -4.1077       -4.1077       
121           121           +4.7694       -1.2518       +3.5176       +3.5176       
122           122           -6.5056       -0.8669       -7.3725       -7.3725       
123           123           -6.1875       -2.4934       -8.6809       -8.6809       
124           124           -10.5345      -2.997        -13.5315      -13.5315      
125           125           +9.7722       -0.432        +9.3402       +9.3402       
126           126           +4.1552       -0.8074       +3.3478       +3.3478       
127           127           +6.1012       -0.4165       +5.6847       +5.6847       
128           128           +1.54         -0.1846       +1.3554       +1.3554       
129           129           -2.9323       -2.0504       -4.9827       -4.9827       
130           130           +1.1146       -0.4215       +0.6931       +0.6931       
131           131           +2.372        -1.6947       +0.6773       +0.6773       
132           132           +1.5575       -1.0338       +0.5237       +0.5237       
133           133           -2.8526       -2.5217       -5.3743       -5.3743       
134           134           -2.8036       -1.744        -4.5476       -4.5476       
135           135           -7.8681       -2.4177       -10.2858      -10.2858      
136           136           +0.9166       -0.1237       +0.7929       +0.7929       
137           137           -5.0849       -0.318        -5.4029       -5.4029       
138           138           -3.5408       -0.2695       -3.8103       -3.8103       
139           139           -3.236        -0.5922       -3.8282       -3.8282       
140           140           -9.7148       -1.3226       -11.0374      -11.0374      
141           141           -4.4672       -1.385        -5.8522       -5.8522       
142           142           -3.6941       -1.6821       -5.3762       -5.3762       
143           143           -2.2876       -1.7659       -4.0535       -4.0535       
144           144           -3.7265       -1.3386       -5.0651       -5.0651       
145           145           +0.2908       -1.6036       -1.3128       -1.3128       
146           146           -2.6967       -1.9041       -4.6008       -4.6008       
147           147           -4.6266       -2.9161       -7.5427       -7.5427       
148           148           -3.3813       -2.5238       -5.9051       -5.9051       
149           149           +7.3436       -3.4236       +3.92         +3.92         
150           150           +3.391        -3.7221       -0.3311       -0.3311       
151           151           +5.8737       -1.0766       +4.7971       +4.7971       
152           152           -1.8748       -2.7972       -4.672        -4.672        
153           153           -3.6366       -1.1798       -4.8164       -4.8164       
154           154           +0.0706       -2.0552       -1.9846       -1.9846       
155           155           -2.4407       -0.3342       -2.7749       -2.7749       
156           156           -1.4309       -2.9302       -4.3611       -4.3611       
157           157           -6.7291       -0.5124       -7.2415       -7.2415       
158           158           -2.2317       -2.8558       -5.0875       -5.0875       
159           159           +4.7525       -1.3064       +3.4461       +3.4461       
160           160           -8.2527       -2.2666       -10.5193      -10.5193      
161           161           -14.696       -1.9355       -16.6315      -16.6315      
162           162           -10.4316      -1.8708       -12.3024      -12.3024      
163           163           -5.141        -1.332        -6.473        -6.473        
164           164           -1.1695       -0.5275       -1.697        -1.697        
165           165           -0.6664       -0.2472       -0.9136       -0.9136       
166           166           +6.0106       -0.2344       +5.7762       +5.7762       
167           167           +2.9593       -0.3327       +2.6266       +2.6266       
168           168           +0.9277       -2.6891       -1.7614       -1.7614       
169           169           -3.4875       -1.8379       -5.3254       -5.3254       
170           170           -14.9615      -1.6208       -16.5823      -16.5823      
171           171           -6.6696       -1.9999       -8.6695       -8.6695       
172           172           -0.9997       -1.8132       -2.8129       -2.8129       
173           173           -1.2047       -2.7556       -3.9603       -3.9603       
174           174           +7.4231       -2.2604       +5.1627       +5.1627       
175           175           +2.4035       -2.5046       -0.1011       -0.1011       
176           176           +2.3679       -1.1762       +1.1917       +1.1917       
177           177           -7.75         -1.9417       -9.6917       -9.6917       
178           178           -2.2311       -3.0502       -5.2813       -5.2813       
179           179           -6.8815       -3.3201       -10.2016      -10.2016      
180           180           -10.6757      -3.5658       -14.2415      -14.2415      
181           181           +3.1776       -3.6655       -0.4879       -0.4879       
182           182           +0.7363       -2.6292       -1.8929       -1.8929       
183           183           -1.4776       -3.5574       -5.035        -5.035        
184           184           -16.3715      -2.9002       -19.2717      -19.2717      
185           185           -9.5449       -1.855        -11.3999      -11.3999      
186           186           -10.8154      -2.4771       -13.2925      -13.2925      
187           187           +0.2068       -3.2333       -3.0265       -3.0265       
188           188           +5.1577       -2.6291       +2.5286       +2.5286       
189           189           -0.4784       -2.7051       -3.1835       -3.1835       
190           190           +4.2504       -1.0626       +3.1878       +3.1878       
191           191           -2.7848       -2.1434       -4.9282       -4.9282       
192           192           -4.1318       -4.6659       -8.7977       -8.7977       
193           193           -9.7281       -2.9935       -12.7216      -12.7216      
194           194           -2.2546       -2.5945       -4.8491       -4.8491       
195           195           -0.7228       -1.1538       -1.8766       -1.8766       
196           196           -1.5395       -1.7329       -3.2724       -3.2724       
197           197           -10.5141      -1.1178       -11.6319      -11.6319      
198           198           -14.6194      -1.9592       -16.5786      -16.5786      
199           199           -5.4343       -1.2883       -6.7226       -6.7226       
200           200           -2.8169       -0.5502       -3.3671       -3.3671       
201           201           +5.4195       -0.8856       +4.5339       +4.5339       
202           202           -4.5717       -0.3402       -4.9119       -4.9119       
203           203           +2.5248       -0.1402       +2.3846       +2.3846       
204           204           -2.2236       -0.2412       -2.4648       -2.4648       
205           205           +1.8287       -0.1501       +1.6786       +1.6786       
206           206           -1.2264       -0.215        -1.4414       -1.4414       
207           207           -9.4743       -1.2196       -10.6939      -10.6939      
208           208           -3.4194       -0.4812       -3.9006       -3.9006       
209           209           -12.9797      -1.736        -14.7157      -14.7157      
210           210           -6.7071       -1.2421       -7.9492       -7.9492       
211           211           +2.862        -1.5722       +1.2898       +1.2898       
212           212           -3.6494       -0.716        -4.3654       -4.3654       
213           213           -8.8947       -0.9491       -9.8438       -9.8438       
214           214           -4.4682       -2.2035       -6.6717       -6.6717       
215           215           -4.9473       -1.4806       -6.4279       -6.4279       
216           216           -6.3491       -0.4448       -6.7939       -6.7939       
217           217           -18.4907      -1.8066       -20.2973      -20.2973      
218           218           -12.4407      -0.55         -12.9907      -12.9907      
219           219           -0.7075       -0.5317       -1.2392       -1.2392       
220           220           -3.8896       -2.4763       -6.3659       -6.3659       
221           221           -4.2166       -2.0764       -6.293        -6.293        
222           222           -6.3543       -3.1365       -9.4908       -9.4908       
223           223           +4.2487       -0.2263       +4.0224       +4.0224       
224           224           -0.4385       -0.343        -0.7815       -0.7815       
225           225           -2.6793       -1.4271       -4.1064       -4.1064       
226           226           -13.1711      -2.3473       -15.5184      -15.5184      
227           227           -1.7548       -0.4417       -2.1965       -2.1965       
228           228           -4.6356       -1.5747       -6.2103       -6.2103       
229           229           -5.0303       -0.4731       -5.5034       -5.5034       
230           230           -9.5498       -0.9245       -10.4743      -10.4743      
231           231           -2.0763       -0.2216       -2.2979       -2.2979       
232           232           -1.1696       -0.111        -1.2806       -1.2806       
233           233           -2.8611       -0.0466       -2.9077       -2.9077       
234           234           -0.6363       -0.0534       -0.6897       -0.6897       
235           235           -0.7896       -0.0139       -0.8035       -0.8035       
236           236           +0.1142       -0.0001       +0.1141       +0.1141       
237           237           -4.9794       -0.0301       -5.0095       -5.0095       
238           238           +0.7654       -0.1105       +0.6549       +0.6549       
239           239           +2.7439       -0.1232       +2.6207       +2.6207       
240           240           -3.602        -0.3104       -3.9124       -3.9124       
241           241           -3.7365       -0.3785       -4.115        -4.115        
242           242           +4.3168       -0.1001       +4.2167       +4.2167       
243           243           +3.5657       -0.0477       +3.518        +3.518        
244           244           +3.5098       -0.0361       +3.4737       +3.4737       
245           245           -6.3209       -0.2738       -6.5947       -6.5947       
246           246           -4.0552       -0.1088       -4.164        -4.164        
247           247           +0.0269       -0.0369       -0.01         -0.01         
248           248           -3.3121       -0.1015       -3.4136       -3.4136       
249           249           -8.3901       -0.1728       -8.5629       -8.5629       
250           250           -2.6863       -0.0877       -2.774        -2.774        
251           251           +0.7733       -0.0311       +0.7422       +0.7422       
252           252           -2.276        -0.0301       -2.3061       -2.3061       
253           253           -2.293        -0.2971       -2.5901       -2.5901       
254           254           -1.7672       -0.1719       -1.9391       -1.9391       
255           255           -1.066        -0.0532       -1.1192       -1.1192       
256           256           -3.6129       -0.5159       -4.1288       -4.1288       
257           257           +6.5517       -0.6425       +5.9092       +5.9092       
258           258           +5.2205       -0.4991       +4.7214       +4.7214       
259           259           -0.3796       -0.7359       -1.1155       -1.1155       
260           260           +2.2603       -1.5497       +0.7106       +0.7106       
261           261           +4.0204       -1.0694       +2.951        +2.951        
262           262           -0.3603       -1.0876       -1.4479       -1.4479       
263           263           -6.7344       -1.5609       -8.2953       -8.2953       
264           264           -0.4571       -1.7369       -2.194        -2.194        
265           265           +2.8289       -3.2461       -0.4172       -0.4172       
266           266           +9.0327       -3.3943       +5.6384       +5.6384       
267           267           +14.1705      -2.8405       +11.33        +11.33        
268           268           +0.0469       -1.3026       -1.2557       -1.2557       
269           269           +2.9468       -1.3166       +1.6302       +1.6302       
270           270           -5.5786       -1.379        -6.9576       -6.9576       
271           271           +6.7094       -0.8185       +5.8909       +5.8909       
272           272           +8.0596       -1.1129       +6.9467       +6.9467       
273           273           -4.3593       -1.3749       -5.7342       -5.7342       
274           274           +2.1628       -0.5661       +1.5967       +1.5967       
275           275           -4.8926       -0.995        -5.8876       -5.8876       
276           276           -3.2705       -1.7835       -5.054        -5.054        
277           277           -7.1628       -1.5952       -8.758        -8.758        
278           278           -3.3933       -0.3985       -3.7918       -3.7918       
279           279           -4.1123       -0.8216       -4.9339       -4.9339       
280           280           -1.5273       -1.3847       -2.912        -2.912        
281           281           -3.4438       -0.1588       -3.6026       -3.6026       
282           282           -5.6359       -0.4417       -6.0776       -6.0776       
283           283           -6.9521       -0.4795       -7.4316       -7.4316       
284           284           -2.1672       -0.1383       -2.3055       -2.3055       
285           285           +3.6838       -0.2803       +3.4035       +3.4035       
286           286           +5.5208       -0.0843       +5.4365       +5.4365       
287           287           +3.0364       -0.0692       +2.9672       +2.9672       
288           288           +1.1525       -0.0292       +1.1233       +1.1233       
289           289           +0.8142       -0.4474       +0.3668       +0.3668       
290           290           -4.5946       -0.4407       -5.0353       -5.0353       
291           291           +0.6685       -0.7554       -0.0869       -0.0869       
292           292           -0.7858       -0.3126       -1.0984       -1.0984       
293           293           -2.2246       -0.1155       -2.3401       -2.3401       
294           294           -5.5321       -0.2333       -5.7654       -5.7654       
295           295           -2.0089       -0.1062       -2.1151       -2.1151       
296           296           +2.4538       -0.0289       +2.4249       +2.4249       
297           297           +1.9359       -0.0106       +1.9253       +1.9253       
298           298           -0.2402       -0.084        -0.3242       -0.3242       
299           299           -2.199        -0.1518       -2.3508       -2.3508       
300           300           -2.6533       -0.145        -2.7983       -2.7983       
301           301           -2.3551       -0.1738       -2.5289       -2.5289       
302           302           -3.5568       -0.3069       -3.8637       -3.8637       
303           303           +0.6297       -0.0933       +0.5364       +0.5364       
304           304           +1.1872       -0.0307       +1.1565       +1.1565       
305           305           +1.8037       -0.014        +1.7897       +1.7897       
306           306           +2.9133       -0.0442       +2.8691       +2.8691       
307           307           +0.279        -0.0361       +0.2429       +0.2429       
308           308           +2.3509       -0.0925       +2.2584       +2.2584       
309           309           +2.5394       -0.0546       +2.4848       +2.4848       
310           310           +1.6713       -0.1569       +1.5144       +1.5144       
311           311           +0.5476       -0.0577       +0.4899       +0.4899       
312           312           +3.493        -0.07         +3.423        +3.423        
313           313           +3.591        -0.1194       +3.4716       +3.4716       
314           314           +0.5806       -0.0827       +0.4979       +0.4979       
315           315           -1.1892       -0.0694       -1.2586       -1.2586       
316           316           +0.6856       -0.101        +0.5846       +0.5846       
317           317           +0.6716       -0.0784       +0.5932       +0.5932       
318           318           +1.4775       -0.7957       +0.6818       +0.6818       
319           319           -1.3832       -1.7148       -3.098        -3.098        
320           320           -2.7323       -1.6394       -4.3717       -4.3717       
321           321           +4.2512       -1.0333       +3.2179       +3.2179       
322           322           +4.5469       -2.9606       +1.5863       +1.5863       
323           323           -6.768        -3.6026       -10.3706      -10.3706      
324           324           -10.6382      -2.7416       -13.3798      -13.3798      
325           325           -9.4079       -2.9191       -12.327       -12.327       
326           326           -7.3914       +1.4334       -5.958        -5.958        
327           327           -1.3582       -1.8161       -3.1743       -3.1743       
328           328           -4.648        -2.2032       -6.8512       -6.8512       
329           329           +5.2761       -1.2004       +4.0757       +4.0757       
330           330           +5.6803       -0.8432       +4.8371       +4.8371       
331           331           -0.3209       -0.7381       -1.059        -1.059        
332           332           -0.432        -2.8997       -3.3317       -3.3317       
333           333           +6.1183       -0.8226       +5.2957       +5.2957       
334           334           +6.5465       -1.0164       +5.5301       +5.5301       
335           335           -2.5534       -0.9709       -3.5243       -3.5243       
336           336           -5.6061       -0.6541       -6.2602       -6.2602       
337           337           +1.4684       -0.8163       +0.6521       +0.6521       
338           338           +1.7795       -1.7013       +0.0782       +0.0782       
339           339           +2.0957       -2.8359       -0.7402       -0.7402       
340           340           -1.3785       -2.1503       -3.5288       -3.5288       
341           341           +5.5004       -2.3213       +3.1791       +3.1791       
342           342           +1.5254       -1.0177       +0.5077       +0.5077       
343           343           -17.4519      -3.3405       -20.7924      -20.7924      
344           344           -19.8088      +0.1508       -19.658       -19.658       
345           345           -21.222       -1.2955       -22.5175      -22.5175      
346           346           -7.477        -0.6073       -8.0843       -8.0843       
347           347           -11.7922      -1.8032       -13.5954      -13.5954      
348           348           -1.3039       -1.4796       -2.7835       -2.7835       
349           349           -11.8529      -1.533        -13.3859      -13.3859      
350           350           -16.371       -2.3306       -18.7016      -18.7016      
351           351           -15.7423      -1.6246       -17.3669      -17.3669      
352           352           -5.9121       -1.1193       -7.0314       -7.0314       
353           353           -7.8777       -0.7584       -8.6361       -8.6361       
354           354           -10.4057      -0.6771       -11.0828      -11.0828      
355           355           -17.2497      -1.704        -18.9537      -18.9537      
