Frame         Time          Elec          VdW           Nonbond       Total         
0             0             +0            +0            +0            +0            
1             1             +0            +0            +0            +0            
2             2             +0            +0            +0            +0            
3             3             +0            +0            +0            +0            
4             4             +0            +0            +0            +0            
5             5             +0            +0            +0            +0            
6             6             +0            +0            +0            +0            
7             7             +0            +0            +0            +0            
8             8             +0            +0            +0            +0            
9             9             -0.0506       -0            -0.0506       -0.0506       
10            10            -0.3359       -0.0061       -0.342        -0.342        
11            11            -4.2824       -0.0366       -4.319        -4.319        
12            12            -0.5012       -0.0816       -0.5828       -0.5828       
13            13            -1.6436       -0.0264       -1.67         -1.67         
14            14            -1.0653       -0.0021       -1.0674       -1.0674       
15            15            -7.3579       -0.1077       -7.4656       -7.4656       
16            16            -9.8186       -0.1523       -9.9709       -9.9709       
17            17            -17.4682      +0.3943       -17.0739      -17.0739      
18            18            -0.7321       -0.353        -1.0851       -1.0851       
19            19            -14.7073      -0.1513       -14.8586      -14.8586      
20            20            -0.1952       -0.0286       -0.2238       -0.2238       
21            21            -25.0301      -0.2306       -25.2607      -25.2607      
22            22            -15.7604      -0.0744       -15.8348      -15.8348      
23            23            -26.8676      -2.6363       -29.5039      -29.5039      
24            24            -59.3546      -1.1505       -60.5051      -60.5051      
25            25            -48.822       -1.8401       -50.6621      -50.6621      
26            26            -8.6694       -0.0457       -8.7151       -8.7151       
27            27            -19.4841      -0.2798       -19.7639      -19.7639      
28            28            -1.8183       -0.0256       -1.8439       -1.8439       
29            29            +0.3          -0.0059       +0.2941       +0.2941       
30            30            -1.1619       -0.0121       -1.174        -1.174        
31            31            +0.0038       -0            +0.0038       +0.0038       
32            32            +0            +0            +0            +0            
33            33            +0            +0            +0            +0            
34            34            +0            +0            +0            +0            
35            35            +0            +0            +0            +0            
36            36            +0            +0            +0            +0            
37            37            +0            +0            +0            +0            
38            38            +0            +0            +0            +0            
39            39            +0            +0            +0            +0            
40            40            +0            +0            +0            +0            
41            41            +0            +0            +0            +0            
42            42            +0            +0            +0            +0            
43            43            +0            +0            +0            +0            
44            44            +0            +0            +0            +0            
45            45            +0            +0            +0            +0            
46            46            +0            +0            +0            +0            
47            47            +0            +0            +0            +0            
48            48            +0            +0            +0            +0            
49            49            +0            +0            +0            +0            
50            50            +0            +0            +0            +0            
51            51            +0.0285       -0            +0.0285       +0.0285       
52            52            +0            +0            +0            +0            
53            53            +0            +0            +0            +0            
54            54            +0            +0            +0            +0            
55            55            +0            +0            +0            +0            
56            56            +0            +0            +0            +0            
57            57            +0            +0            +0            +0            
58            58            +0            +0            +0            +0            
59            59            +0            +0            +0            +0            
60            60            +0            +0            +0            +0            
61            61            +0            +0            +0            +0            
62            62            +0            +0            +0            +0            
63            63            +0            +0            +0            +0            
64            64            +0            +0            +0            +0            
65            65            +0            +0            +0            +0            
66            66            +0            +0            +0            +0            
67            67            +0            +0            +0            +0            
68            68            +0            +0            +0            +0            
69            69            +0.115        -0.0001       +0.1149       +0.1149       
70            70            -3.9139       -0.1118       -4.0257       -4.0257       
71            71            -27.6444      -1.0754       -28.7198      -28.7198      
72            72            -25.5661      -0.6907       -26.2568      -26.2568      
73            73            -22.7261      -0.2442       -22.9703      -22.9703      
74            74            -29.0417      -2.1402       -31.1819      -31.1819      
75            75            -14.5662      -0.9812       -15.5474      -15.5474      
76            76            -2.1234       -0.0298       -2.1532       -2.1532       
77            77            -0.0601       -0.0013       -0.0614       -0.0614       
78            78            -16.2279      -1.6213       -17.8492      -17.8492      
79            79            -7.8044       -0.0371       -7.8415       -7.8415       
80            80            -10.4245      -0.249        -10.6735      -10.6735      
81            81            -1.5006       -0.0414       -1.542        -1.542        
82            82            -53.6498      -2.1109       -55.7607      -55.7607      
83            83            -8.9368       -0.3916       -9.3284       -9.3284       
84            84            -8.5201       -0.1385       -8.6586       -8.6586       
85            85            -23.8869      -1.1662       -25.0531      -25.0531      
86            86            -22.3595      -2.5454       -24.9049      -24.9049      
87            87            -16.5096      -1.3302       -17.8398      -17.8398      
88            88            -2.1273       -0.1232       -2.2505       -2.2505       
89            89            -10.0283      -0.1735       -10.2018      -10.2018      
90            90            -3.9428       -0.1092       -4.052        -4.052        
91            91            -11.3863      -0.2902       -11.6765      -11.6765      
92            92            -26.799       -2.45         -29.249       -29.249       
93            93            -42.8225      -4.4706       -47.2931      -47.2931      
94            94            -24.7791      -2.796        -27.5751      -27.5751      
95            95            -31.6291      -2.2114       -33.8405      -33.8405      
96            96            -25.4166      -2.2966       -27.7132      -27.7132      
97            97            -15.1396      -0.3103       -15.4499      -15.4499      
98            98            -7.8347       -0.1117       -7.9464       -7.9464       
99            99            -13.4403      -0.0327       -13.473       -13.473       
100           100           -42.7541      -0.4199       -43.174       -43.174       
101           101           -25.2463      -0.1876       -25.4339      -25.4339      
102           102           -52.4512      -1.1562       -53.6074      -53.6074      
103           103           -54.6137      -3.4259       -58.0396      -58.0396      
104           104           -56.6912      -4.2282       -60.9194      -60.9194      
105           105           -85.9754      -4.747        -90.7224      -90.7224      
106           106           -60.8896      -4.4966       -65.3862      -65.3862      
107           107           -42.7435      -2.1046       -44.8481      -44.8481      
108           108           -29.7518      -8.1123       -37.8641      -37.8641      
109           109           -37.4881      -7.6996       -45.1877      -45.1877      
110           110           -38.0845      -6.9329       -45.0174      -45.0174      
111           111           -14.0986      -6.7079       -20.8065      -20.8065      
112           112           +2.6009       -5.2966       -2.6957       -2.6957       
113           113           -5.834        -4.8355       -10.6695      -10.6695      
114           114           -1.8971       -2.6876       -4.5847       -4.5847       
115           115           -11.7267      -3.9736       -15.7003      -15.7003      
116           116           -0.7237       -4.9762       -5.6999       -5.6999       
117           117           +13.9341      -7.8143       +6.1198       +6.1198       
118           118           -21.1372      -5.3321       -26.4693      -26.4693      
119           119           +20.213       -5.3586       +14.8544      +14.8544      
120           120           -18.8418      -0.2126       -19.0544      -19.0544      
121           121           -9.3052       -0.3569       -9.6621       -9.6621       
122           122           -36.0955      -0.6491       -36.7446      -36.7446      
123           123           -28.0139      -1.2311       -29.245       -29.245       
124           124           -13.1293      -0.9657       -14.095       -14.095       
125           125           -35.0665      -0.2899       -35.3564      -35.3564      
126           126           -14.4086      -0.1329       -14.5415      -14.5415      
127           127           +0.0091       -0            +0.0091       +0.0091       
128           128           +0            +0            +0            +0            
129           129           -3.4879       -0.0061       -3.494        -3.494        
130           130           -0.258        -0.0029       -0.2609       -0.2609       
131           131           -0.0766       -0.0633       -0.1399       -0.1399       
132           132           -3.6316       -0.034        -3.6656       -3.6656       
133           133           -5.9525       -0.0563       -6.0088       -6.0088       
134           134           +0.1672       -0.0005       +0.1667       +0.1667       
135           135           -0.8713       -0.0002       -0.8715       -0.8715       
136           136           +0            +0            +0            +0            
137           137           +0.208        -0.0002       +0.2078       +0.2078       
138           138           +0.028        -0            +0.028        +0.028        
139           139           +0.06         -0            +0.06         +0.06         
140           140           -0.3366       -0.0001       -0.3367       -0.3367       
141           141           -0.523        -0.0005       -0.5235       -0.5235       
142           142           -0.2213       -0.0005       -0.2218       -0.2218       
143           143           -2.2321       -0.0024       -2.2345       -2.2345       
144           144           -5.194        -0.0469       -5.2409       -5.2409       
145           145           -21.9114      -0.1513       -22.0627      -22.0627      
146           146           -5.7423       -0.1039       -5.8462       -5.8462       
147           147           +0            +0            +0            +0            
148           148           +0            +0            +0            +0            
149           149           +0            +0            +0            +0            
150           150           +0            +0            +0            +0            
151           151           +0            +0            +0            +0            
152           152           +0            +0            +0            +0            
153           153           +0            +0            +0            +0            
154           154           +0            +0            +0            +0            
155           155           +0            +0            +0            +0            
156           156           +0            +0            +0            +0            
157           157           +0            +0            +0            +0            
158           158           +0            +0            +0            +0            
159           159           +0            +0            +0            +0            
160           160           +0            +0            +0            +0            
161           161           +0            +0            +0            +0            
162           162           +0            +0            +0            +0            
163           163           +0            +0            +0            +0            
164           164           +0            +0            +0            +0            
165           165           +0            +0            +0            +0            
166           166           +0            +0            +0            +0            
167           167           +0            +0            +0            +0            
168           168           +0            +0            +0            +0            
169           169           +0            +0            +0            +0            
170           170           +0            +0            +0            +0            
171           171           +0            +0            +0            +0            
172           172           +0            +0            +0            +0            
173           173           +0            +0            +0            +0            
174           174           +0            +0            +0            +0            
175           175           +0            +0            +0            +0            
176           176           +0            +0            +0            +0            
177           177           +0            +0            +0            +0            
178           178           +0            +0            +0            +0            
179           179           +0            +0            +0            +0            
180           180           +0            +0            +0            +0            
181           181           +0            +0            +0            +0            
182           182           +0            +0            +0            +0            
183           183           +0            +0            +0            +0            
184           184           +0            +0            +0            +0            
185           185           +0            +0            +0            +0            
186           186           +0            +0            +0            +0            
187           187           +0            +0            +0            +0            
188           188           +0            +0            +0            +0            
189           189           +0            +0            +0            +0            
190           190           +0            +0            +0            +0            
191           191           +0            +0            +0            +0            
192           192           +0            +0            +0            +0            
193           193           +0            +0            +0            +0            
194           194           +0            +0            +0            +0            
195           195           +0            +0            +0            +0            
196           196           +0            +0            +0            +0            
197           197           +0            +0            +0            +0            
198           198           +0            +0            +0            +0            
199           199           +0            +0            +0            +0            
200           200           +0            +0            +0            +0            
201           201           +0            +0            +0            +0            
202           202           +0            +0            +0            +0            
203           203           +0            +0            +0            +0            
204           204           +0            +0            +0            +0            
205           205           +0            +0            +0            +0            
206           206           +0.0134       -0            +0.0134       +0.0134       
207           207           +0            +0            +0            +0            
208           208           -8.1346       -0.023        -8.1576       -8.1576       
209           209           +0            +0            +0            +0            
210           210           +0            +0            +0            +0            
211           211           +0            -0            +0            +0            
212           212           +0.002        -0            +0.002        +0.002        
213           213           +0.0744       -0.0066       +0.0678       +0.0678       
214           214           +0            +0            +0            +0            
215           215           +0            +0            +0            +0            
216           216           -0.9097       -0.031        -0.9407       -0.9407       
217           217           -3.1578       -0.0361       -3.1939       -3.1939       
218           218           +0            +0            +0            +0            
219           219           +0            +0            +0            +0            
220           220           +0.0049       -0            +0.0049       +0.0049       
221           221           +0            +0            +0            +0            
222           222           +0            +0            +0            +0            
223           223           -9.9961       -0.0295       -10.0256      -10.0256      
224           224           -1.991        -0.001        -1.992        -1.992        
225           225           +0            +0            +0            +0            
226           226           +0            +0            +0            +0            
227           227           +0.0529       -0            +0.0529       +0.0529       
228           228           +0            +0            +0            +0            
229           229           +0.0015       -0            +0.0015       +0.0015       
230           230           +0.1574       -0.0002       +0.1572       +0.1572       
231           231           -0.0058       -0            -0.0058       -0.0058       
232           232           +0            +0            +0            +0            
233           233           +0            +0            +0            +0            
234           234           +0            +0            +0            +0            
235           235           +0            +0            +0            +0            
236           236           +0            +0            +0            +0            
237           237           +0            +0            +0            +0            
238           238           +0            +0            +0            +0            
239           239           +0            +0            +0            +0            
240           240           +0            +0            +0            +0            
241           241           +0            +0            +0            +0            
242           242           -47.141       -0.8766       -48.0176      -48.0176      
243           243           -27.5445      -0.1725       -27.717       -27.717       
244           244           -2.7579       -0.0097       -2.7676       -2.7676       
245           245           -80.2435      -1.6359       -81.8794      -81.8794      
246           246           -13.2113      -0.1223       -13.3336      -13.3336      
247           247           -11.3513      -0.1316       -11.4829      -11.4829      
248           248           -5.1163       -0.1004       -5.2167       -5.2167       
249           249           -45.9089      -1.4176       -47.3265      -47.3265      
250           250           -9.4534       -0.0229       -9.4763       -9.4763       
251           251           -7.419        -0.2248       -7.6438       -7.6438       
252           252           -4.867        -0.1363       -5.0033       -5.0033       
253           253           -0.3631       -0.0004       -0.3635       -0.3635       
254           254           -17.0556      -0.2216       -17.2772      -17.2772      
255           255           -33.1795      -1.2876       -34.4671      -34.4671      
256           256           +0.0951       -0.0195       +0.0756       +0.0756       
257           257           +0.1901       -0.0262       +0.1639       +0.1639       
258           258           +0.4819       -0.0111       +0.4708       +0.4708       
259           259           +0.3434       -0.0018       +0.3416       +0.3416       
260           260           -11.8595      -0.2456       -12.1051      -12.1051      
261           261           +0.0003       -0            +0.0003       +0.0003       
262           262           +0            +0            +0            +0            
263           263           +0.0095       -0            +0.0095       +0.0095       
264           264           +0            +0            +0            +0            
265           265           -0.5382       -0.0005       -0.5387       -0.5387       
266           266           -0.0059       -0            -0.0059       -0.0059       
267           267           +0            +0            +0            +0            
268           268           +0            +0            +0            +0            
269           269           +0            +0            +0            +0            
270           270           +0            +0            +0            +0            
271           271           +0            +0            +0            +0            
272           272           +0            +0            +0            +0            
273           273           +0            +0            +0            +0            
274           274           +0            +0            +0            +0            
275           275           +0            +0            +0            +0            
276           276           +0            +0            +0            +0            
277           277           -30.6376      -0.5131       -31.1507      -31.1507      
278           278           -0.5444       -0.0146       -0.559        -0.559        
279           279           -31.4155      -1.5802       -32.9957      -32.9957      
280           280           -3.5657       -0.0358       -3.6015       -3.6015       
281           281           -0.2367       -0.0153       -0.252        -0.252        
282           282           -1.9554       -2.9244       -4.8798       -4.8798       
283           283           -6.4442       -0.0145       -6.4587       -6.4587       
284           284           -0.3284       -0.0001       -0.3285       -0.3285       
285           285           +0.052        -0.0137       +0.0383       +0.0383       
286           286           -22.4717      -1.0825       -23.5542      -23.5542      
287           287           -0.1072       -0.0018       -0.109        -0.109        
288           288           +0            +0            +0            +0            
289           289           +0            +0            +0            +0            
290           290           -0.9341       -0.0043       -0.9384       -0.9384       
291           291           -2.3168       -0.0685       -2.3853       -2.3853       
292           292           -0.3663       -0.0001       -0.3664       -0.3664       
293           293           +0.5439       -0.0102       +0.5337       +0.5337       
294           294           +0            +0            +0            +0            
295           295           +0            +0            +0            +0            
296           296           +0            +0            +0            +0            
297           297           +0            +0            +0            +0            
298           298           +0            +0            +0            +0            
299           299           -4.326        -0.0088       -4.3348       -4.3348       
300           300           +0.0156       -0            +0.0156       +0.0156       
301           301           -5.2311       -0.0086       -5.2397       -5.2397       
302           302           +0            -0            +0            +0            
303           303           +0            +0            +0            +0            
304           304           +0            +0            +0            +0            
305           305           -1.3901       -0.0006       -1.3907       -1.3907       
306           306           -0.2921       -0            -0.2921       -0.2921       
307           307           -0.1823       -0.0002       -0.1825       -0.1825       
308           308           +0            +0            +0            +0            
309           309           +0            +0            +0            +0            
310           310           +0            +0            +0            +0            
311           311           -36.3611      -0.3175       -36.6786      -36.6786      
312           312           -28.0213      -0.1228       -28.1441      -28.1441      
313           313           -17.0494      -0.2815       -17.3309      -17.3309      
314           314           -19.5811      -0.1793       -19.7604      -19.7604      
315           315           -13.1505      -0.0554       -13.2059      -13.2059      
316           316           -0.0603       -0            -0.0603       -0.0603       
317           317           -4.3046       -0.0135       -4.3181       -4.3181       
318           318           -3.1107       -0.0084       -3.1191       -3.1191       
319           319           -0.307        -0.0001       -0.3071       -0.3071       
320           320           +0            +0            +0            +0            
321           321           -9.7926       -0.0262       -9.8188       -9.8188       
322           322           +0.1085       -0.0002       +0.1083       +0.1083       
323           323           +0.0113       -0            +0.0113       +0.0113       
324           324           -0.0817       -0            -0.0817       -0.0817       
325           325           +0            +0            +0            +0            
326           326           +0            +0            +0            +0            
327           327           +0            +0            +0            +0            
328           328           +0            +0            +0            +0            
329           329           +0            +0            +0            +0            
330           330           +0            +0            +0            +0            
331           331           +0.2877       -0.0123       +0.2754       +0.2754       
332           332           -1.6888       -0.0069       -1.6957       -1.6957       
333           333           +0.3065       -0.0165       +0.29         +0.29         
334           334           +0.2739       -0.0055       +0.2684       +0.2684       
335           335           +0.1712       -0.0001       +0.1711       +0.1711       
336           336           +0.2357       -0.0007       +0.235        +0.235        
337           337           +0.1206       -0.0005       +0.1201       +0.1201       
338           338           -11.3858      -1.5849       -12.9707      -12.9707      
339           339           +0.4651       -0.0427       +0.4224       +0.4224       
340           340           +0.4641       -0.0219       +0.4422       +0.4422       
341           341           +0.0017       -0            +0.0017       +0.0017       
342           342           +0.3763       -0.0264       +0.3499       +0.3499       
343           343           -0.7206       -0.0601       -0.7807       -0.7807       
344           344           +0.2404       -0.0004       +0.24         +0.24         
345           345           +0            +0            +0            +0            
346           346           -1.2539       -0.0986       -1.3525       -1.3525       
347           347           -0.2483       -0.0217       -0.27         -0.27         
348           348           -11.7134      -1.1169       -12.8303      -12.8303      
349           349           -33.3323      -1.795        -35.1273      -35.1273      
350           350           -52.0376      -1.2799       -53.3175      -53.3175      
351           351           -32.6461      -0.2646       -32.9107      -32.9107      
352           352           -75.8495      -0.988        -76.8375      -76.8375      
353           353           -107.201      -2.857        -110.058      -110.058      
354           354           -34.511       -0.7458       -35.2568      -35.2568      
355           355           -18.2296      -0.2611       -18.4907      -18.4907      
356           356           -46.85        -0.5423       -47.3923      -47.3923      
357           357           -26.7057      -0.5016       -27.2073      -27.2073      
358           358           -60.3808      -1.1098       -61.4906      -61.4906      
359           359           -30.6082      -0.3159       -30.9241      -30.9241      
360           360           -2.7488       -0.5817       -3.3305       -3.3305       
361           361           -5.2287       -0.796        -6.0247       -6.0247       
362           362           +0.0558       -0.0227       +0.0331       +0.0331       
363           363           -1.403        -0.1515       -1.5545       -1.5545       
364           364           -13.0587      -0.57         -13.6287      -13.6287      
365           365           -17.1667      -1.411        -18.5777      -18.5777      
366           366           -2.4895       -0.2373       -2.7268       -2.7268       
367           367           +0.1465       -0.0003       +0.1462       +0.1462       
368           368           -2.3131       -0.2929       -2.606        -2.606        
369           369           -6.5441       -0.4663       -7.0104       -7.0104       
370           370           -3.8367       -0.2259       -4.0626       -4.0626       
371           371           -0.9553       -0.0351       -0.9904       -0.9904       
372           372           -16.2876      -0.2106       -16.4982      -16.4982      
373           373           -13.952       -0.378        -14.33        -14.33        
374           374           +0.5144       -0.0113       +0.5031       +0.5031       
375           375           +0.2877       -0.0542       +0.2335       +0.2335       
376           376           +0.7648       -0.0233       +0.7415       +0.7415       
377           377           +0.0117       -0            +0.0117       +0.0117       
378           378           -7.0013       -0.2193       -7.2206       -7.2206       
379           379           -5.3797       -0.0338       -5.4135       -5.4135       
380           380           +0.2433       -0.0004       +0.2429       +0.2429       
381           381           -10.0932      -0.0237       -10.1169      -10.1169      
382           382           +0            +0            +0            +0            
383           383           +0.0736       -0.0002       +0.0734       +0.0734       
384           384           +0.0335       -0.001        +0.0325       +0.0325       
385           385           +0.1541       -0.0014       +0.1527       +0.1527       
386           386           -2.5161       -0.1504       -2.6665       -2.6665       
387           387           -6.0735       -0.2572       -6.3307       -6.3307       
388           388           -6.453        -0.0569       -6.5099       -6.5099       
389           389           -26.3661      -0.507        -26.8731      -26.8731      
390           390           -26.7132      -2.0853       -28.7985      -28.7985      
391           391           -15.6465      -1.5802       -17.2267      -17.2267      
392           392           -36.2398      -1.0158       -37.2556      -37.2556      
393           393           -50.0355      -3.7955       -53.831       -53.831       
394           394           +0.1097       -0.0006       +0.1091       +0.1091       
395           395           -13.0223      -0.8086       -13.8309      -13.8309      
396           396           -5.2268       -0.099        -5.3258       -5.3258       
397           397           +0.3335       -0.0241       +0.3094       +0.3094       
398           398           -0.1896       -0.0229       -0.2125       -0.2125       
399           399           +0.5749       -0.004        +0.5709       +0.5709       
400           400           -0.0132       -0.0082       -0.0214       -0.0214       
