Frame         Time          Elec          VdW           Nonbond       Total         
0             0             -15.2165      -5.4205       -20.637       -20.637       
1             1             -6.1415       -5.3728       -11.5143      -11.5143      
2             2             +2.25         -4.4506       -2.2006       -2.2006       
3             3             -7.5104       -5.6105       -13.1209      -13.1209      
4             4             -2.1592       -4.645        -6.8042       -6.8042       
5             5             -8.6249       -4.9866       -13.6115      -13.6115      
6             6             -1.5795       -5.0122       -6.5917       -6.5917       
7             7             -14.4399      -5.497        -19.9369      -19.9369      
8             8             -9.0501       -6.0629       -15.113       -15.113       
9             9             +1.3596       -7.5714       -6.2118       -6.2118       
10            10            -4.9614       -6.25         -11.2114      -11.2114      
11            11            -5.9484       -4.8653       -10.8137      -10.8137      
12            12            -24.8232      -4.6098       -29.433       -29.433       
13            13            -17.5127      -5.6696       -23.1823      -23.1823      
14            14            -18.3267      -3.7859       -22.1126      -22.1126      
15            15            -15.7405      -5.5381       -21.2786      -21.2786      
16            16            -10.1894      -4.5749       -14.7643      -14.7643      
17            17            -6.1182       -6.9176       -13.0358      -13.0358      
18            18            -21.1719      -1.2638       -22.4357      -22.4357      
19            19            -9.5525       -4.0362       -13.5887      -13.5887      
20            20            -15.1822      -3.9502       -19.1324      -19.1324      
21            21            -17.7346      -4.6833       -22.4179      -22.4179      
22            22            -16.3355      -3.9452       -20.2807      -20.2807      
23            23            -13.1297      -2.5576       -15.6873      -15.6873      
24            24            -8.7566       -5.9363       -14.6929      -14.6929      
25            25            -18.6219      -1.7641       -20.386       -20.386       
26            26            -7.3428       -6.1099       -13.4527      -13.4527      
27            27            -2.9467       -4.0672       -7.0139       -7.0139       
28            28            +1.1827       -3.6872       -2.5045       -2.5045       
29            29            -2.8772       -5.165        -8.0422       -8.0422       
30            30            -2.5818       -4.055        -6.6368       -6.6368       
31            31            -6.4919       -6.6377       -13.1296      -13.1296      
32            32            -17.7684      -5.7665       -23.5349      -23.5349      
33            33            -19.5765      -5.5521       -25.1286      -25.1286      
34            34            -12.1461      -5.8236       -17.9697      -17.9697      
35            35            -24.0906      -4.0057       -28.0963      -28.0963      
36            36            -23.6612      -3.5523       -27.2135      -27.2135      
37            37            -22.8677      -6.1938       -29.0615      -29.0615      
38            38            -26.2492      -4.8757       -31.1249      -31.1249      
39            39            -7.0667       -5.7987       -12.8654      -12.8654      
40            40            -19.078       -4.4735       -23.5515      -23.5515      
41            41            -26.2997      -4.5302       -30.8299      -30.8299      
42            42            -17.5622      -4.9197       -22.4819      -22.4819      
43            43            -18.1639      -4.8627       -23.0266      -23.0266      
44            44            -16.9747      -5.4245       -22.3992      -22.3992      
45            45            -19.161       -4.3912       -23.5522      -23.5522      
46            46            -21.4542      -4.2682       -25.7224      -25.7224      
47            47            -12.2018      -6.322        -18.5238      -18.5238      
48            48            -25.1191      -2.4175       -27.5366      -27.5366      
49            49            -25.0199      -2.4791       -27.499       -27.499       
50            50            -23.1556      -4.1348       -27.2904      -27.2904      
51            51            -17.3192      -4.1455       -21.4647      -21.4647      
52            52            -9.8664       -3.4782       -13.3446      -13.3446      
53            53            -10.7819      -2.8183       -13.6002      -13.6002      
54            54            -11.2979      -3.7543       -15.0522      -15.0522      
55            55            -25.0315      -0.2559       -25.2874      -25.2874      
56            56            -18.1979      -1.3272       -19.5251      -19.5251      
57            57            -12.6085      -4.0357       -16.6442      -16.6442      
58            58            -11.6824      -2.3542       -14.0366      -14.0366      
59            59            -11.5752      -2.5753       -14.1505      -14.1505      
60            60            +1.7702       -4.7436       -2.9734       -2.9734       
61            61            -6.5058       -4.4355       -10.9413      -10.9413      
62            62            -16.446       -3.2628       -19.7088      -19.7088      
63            63            -13.1367      -3.3569       -16.4936      -16.4936      
64            64            -4.0001       -2.7512       -6.7513       -6.7513       
65            65            -16.795       -2.4281       -19.2231      -19.2231      
66            66            -19.2362      -2.9191       -22.1553      -22.1553      
67            67            -0.7969       -2.9998       -3.7967       -3.7967       
68            68            -7.9643       -3.8717       -11.836       -11.836       
69            69            -12.3942      -1.7208       -14.115       -14.115       
70            70            -19.7659      -0.4113       -20.1772      -20.1772      
71            71            -11.0061      -3.0824       -14.0885      -14.0885      
72            72            -19.269       -1.329        -20.598       -20.598       
73            73            -8.0965       -3.2202       -11.3167      -11.3167      
74            74            -11.7638      -4.3488       -16.1126      -16.1126      
75            75            -5.6331       -2.1472       -7.7803       -7.7803       
76            76            -3.1771       -3.8196       -6.9967       -6.9967       
77            77            -0.5129       -2.6101       -3.123        -3.123        
78            78            -2.4075       -3.4719       -5.8794       -5.8794       
79            79            +1.8302       -2.7011       -0.8709       -0.8709       
80            80            -2.404        -3.0018       -5.4058       -5.4058       
81            81            -5.2108       -3.7409       -8.9517       -8.9517       
82            82            -2.0888       -4.0826       -6.1714       -6.1714       
83            83            -2.6063       -3.5678       -6.1741       -6.1741       
84            84            -1.7964       -4.2697       -6.0661       -6.0661       
85            85            -4.9857       -3.6332       -8.6189       -8.6189       
86            86            -0.7022       -3.6563       -4.3585       -4.3585       
87            87            -0.7585       -3.4284       -4.1869       -4.1869       
88            88            -3.7761       -2.1839       -5.96         -5.96         
89            89            -3.6943       -2.4556       -6.1499       -6.1499       
90            90            -0.6023       -5.4987       -6.101        -6.101        
91            91            -17.9248      -5.4484       -23.3732      -23.3732      
92            92            -18.8805      -2.8713       -21.7518      -21.7518      
93            93            -16.8875      -7.435        -24.3225      -24.3225      
94            94            -18.5936      -4.3223       -22.9159      -22.9159      
95            95            -21.1623      -3.9421       -25.1044      -25.1044      
96            96            -17.4426      -5.0821       -22.5247      -22.5247      
97            97            -24.0161      -0.9336       -24.9497      -24.9497      
98            98            -9.1795       -4.2815       -13.461       -13.461       
99            99            -9.0687       -4.4121       -13.4808      -13.4808      
100           100           -14.6477      -0.9589       -15.6066      -15.6066      
101           101           -15.2869      -5.7316       -21.0185      -21.0185      
102           102           -15.9908      -1.7688       -17.7596      -17.7596      
103           103           -15.9694      -3.4922       -19.4616      -19.4616      
104           104           -19.2675      -4.0863       -23.3538      -23.3538      
105           105           -19.1045      -4.5285       -23.633       -23.633       
106           106           -5.7466       -5.5544       -11.301       -11.301       
107           107           -5.5361       -4.4101       -9.9462       -9.9462       
108           108           -6.6464       -5.3286       -11.975       -11.975       
109           109           -4.9508       -6.6777       -11.6285      -11.6285      
110           110           -1.1545       -4.7035       -5.858        -5.858        
111           111           -12.5163      -5.8105       -18.3268      -18.3268      
112           112           -23.461       -4.8476       -28.3086      -28.3086      
113           113           -14.0365      -5.972        -20.0085      -20.0085      
114           114           -31.5303      -2.8017       -34.332       -34.332       
115           115           -30.1619      -0.6103       -30.7722      -30.7722      
116           116           -23.3061      -3.6792       -26.9853      -26.9853      
117           117           -16.883       -6.9329       -23.8159      -23.8159      
118           118           -8.4421       -6.7095       -15.1516      -15.1516      
119           119           -14.7636      -5.1458       -19.9094      -19.9094      
120           120           -8.7339       -4.6651       -13.399       -13.399       
121           121           -12.5553      -4.5056       -17.0609      -17.0609      
122           122           -6.7455       -3.9928       -10.7383      -10.7383      
123           123           -9.8288       -4.7826       -14.6114      -14.6114      
124           124           -9.2507       -4.3788       -13.6295      -13.6295      
125           125           -2.5729       -4.5968       -7.1697       -7.1697       
126           126           -5.1066       -3.4988       -8.6054       -8.6054       
127           127           -6.799        -3.3835       -10.1825      -10.1825      
128           128           -12.8063      -2.896        -15.7023      -15.7023      
129           129           +3.0829       -4.2505       -1.1676       -1.1676       
130           130           -0.7154       -5.5195       -6.2349       -6.2349       
131           131           -8.1427       -2.9579       -11.1006      -11.1006      
132           132           +4.4781       -4.1071       +0.371        +0.371        
133           133           +0.8599       -3.2587       -2.3988       -2.3988       
134           134           +0.255        -3.3408       -3.0858       -3.0858       
135           135           -2.5213       -3.1356       -5.6569       -5.6569       
136           136           -1.1453       -5.0648       -6.2101       -6.2101       
137           137           -5.7487       -5.6272       -11.3759      -11.3759      
138           138           -6.5379       -4.3749       -10.9128      -10.9128      
139           139           -3.0766       -4.3378       -7.4144       -7.4144       
140           140           -16.2836      -4.117        -20.4006      -20.4006      
141           141           -9.2909       -4.5466       -13.8375      -13.8375      
142           142           -5.3608       -5.2488       -10.6096      -10.6096      
143           143           -5.7459       -5.752        -11.4979      -11.4979      
144           144           -16.0877      -4.713        -20.8007      -20.8007      
145           145           -12.4877      -5.5275       -18.0152      -18.0152      
146           146           -11.8997      -2.8296       -14.7293      -14.7293      
147           147           -14.6711      -5.4336       -20.1047      -20.1047      
148           148           -10.4366      -4.6692       -15.1058      -15.1058      
149           149           -5.4386       -5.8207       -11.2593      -11.2593      
150           150           -3.3796       -5.9069       -9.2865       -9.2865       
151           151           -3.318        -5.1084       -8.4264       -8.4264       
152           152           -3.118        -6.2906       -9.4086       -9.4086       
153           153           -4.7803       -6.593        -11.3733      -11.3733      
154           154           -5.6042       -5.7597       -11.3639      -11.3639      
155           155           -6.7628       -6.8983       -13.6611      -13.6611      
156           156           -2.1054       -5.431        -7.5364       -7.5364       
157           157           -3.912        -6.8142       -10.7262      -10.7262      
158           158           +2.9969       -5.4221       -2.4252       -2.4252       
159           159           -1.7044       -5.9256       -7.63         -7.63         
160           160           +9.795        -6.3499       +3.4451       +3.4451       
161           161           +5.0387       -5.242        -0.2033       -0.2033       
162           162           -4.5126       -5.499        -10.0116      -10.0116      
163           163           +2.0765       -4.3092       -2.2327       -2.2327       
164           164           -5.0155       -4.4043       -9.4198       -9.4198       
165           165           +0.9597       -5.54         -4.5803       -4.5803       
166           166           +2.851        -6.592        -3.741        -3.741        
167           167           -1.2143       -6.7199       -7.9342       -7.9342       
168           168           -18.0154      -4.4093       -22.4247      -22.4247      
169           169           -16.6751      -6.654        -23.3291      -23.3291      
170           170           -15.389       -4.5162       -19.9052      -19.9052      
171           171           -4.5074       -6.8388       -11.3462      -11.3462      
172           172           -3.5539       -4.5117       -8.0656       -8.0656       
173           173           -3.9604       -6.4304       -10.3908      -10.3908      
174           174           -6.4015       -6.2288       -12.6303      -12.6303      
175           175           +7.7166       -3.698        +4.0186       +4.0186       
176           176           +1.5259       -5.0547       -3.5288       -3.5288       
177           177           +0.7609       -4.994        -4.2331       -4.2331       
178           178           -1.765        -3.6363       -5.4013       -5.4013       
179           179           +6.371        -4.6075       +1.7635       +1.7635       
180           180           -11.9286      -5.0793       -17.0079      -17.0079      
181           181           -2.0852       -6.4062       -8.4914       -8.4914       
182           182           -3.4404       -6.7019       -10.1423      -10.1423      
183           183           -7.0633       -4.7142       -11.7775      -11.7775      
184           184           -9.3758       -6.1934       -15.5692      -15.5692      
185           185           -17.2626      -4.6289       -21.8915      -21.8915      
186           186           -8.5464       -3.8029       -12.3493      -12.3493      
187           187           -7.2829       -4.3849       -11.6678      -11.6678      
188           188           -12.5         -3.1284       -15.6284      -15.6284      
189           189           -6.3285       -3.444        -9.7725       -9.7725       
190           190           -10.1093      -4.5468       -14.6561      -14.6561      
191           191           -7.9146       -4.2393       -12.1539      -12.1539      
192           192           -11.7804      -4.1103       -15.8907      -15.8907      
193           193           -5.7332       -2.9304       -8.6636       -8.6636       
194           194           -1.6555       -4.0029       -5.6584       -5.6584       
195           195           -8.1023       -4.5219       -12.6242      -12.6242      
196           196           -13.3098      -4.2691       -17.5789      -17.5789      
197           197           -5.3378       -3.3852       -8.723        -8.723        
198           198           -7.0029       -2.4158       -9.4187       -9.4187       
199           199           +0.7824       -1.7164       -0.934        -0.934        
200           200           -3.738        -0.884        -4.622        -4.622        
201           201           -7.926        -3.1977       -11.1237      -11.1237      
202           202           +0.0218       -1.0125       -0.9907       -0.9907       
203           203           -1.9342       -1.621        -3.5552       -3.5552       
204           204           -6.323        -1.6211       -7.9441       -7.9441       
205           205           -0.1458       -1.6572       -1.803        -1.803        
206           206           -0.8533       -0.8517       -1.705        -1.705        
207           207           -11.581       +0.4788       -11.1022      -11.1022      
208           208           -9.3721       -2.6239       -11.996       -11.996       
209           209           -4.6989       -1.7822       -6.4811       -6.4811       
210           210           -5.0418       -2.8885       -7.9303       -7.9303       
211           211           -6.5879       -1.621        -8.2089       -8.2089       
212           212           -4.3447       -3.3555       -7.7002       -7.7002       
213           213           -12.262       -3.3302       -15.5922      -15.5922      
214           214           -2.1652       -1.3916       -3.5568       -3.5568       
215           215           -4.8319       -1.8502       -6.6821       -6.6821       
216           216           +2.5723       -1.6502       +0.9221       +0.9221       
217           217           +1.104        -1.338        -0.234        -0.234        
218           218           -0.6446       -2.4616       -3.1062       -3.1062       
219           219           -2.5711       -1.3149       -3.886        -3.886        
220           220           -14.5187      -2.1945       -16.7132      -16.7132      
221           221           -15.6948      -2.6285       -18.3233      -18.3233      
222           222           -12.1163      -0.2632       -12.3795      -12.3795      
223           223           -6.1342       -4.0067       -10.1409      -10.1409      
224           224           -6.4241       -2.4564       -8.8805       -8.8805       
225           225           -8.408        -5.0454       -13.4534      -13.4534      
226           226           -9.4379       -3.8821       -13.32        -13.32        
227           227           -9.3354       -5.6566       -14.992       -14.992       
228           228           -7.2349       -7.9763       -15.2112      -15.2112      
229           229           -33.7666      +0.6336       -33.133       -33.133       
230           230           -23.5023      -1.0933       -24.5956      -24.5956      
231           231           -0.7264       -5.4513       -6.1777       -6.1777       
232           232           -18.6577      -4.6514       -23.3091      -23.3091      
233           233           -16.7024      -0.9808       -17.6832      -17.6832      
234           234           -22.1681      -1.2533       -23.4214      -23.4214      
235           235           -2.2907       -4.8763       -7.167        -7.167        
236           236           -10.9414      -1.8392       -12.7806      -12.7806      
237           237           -16.7114      -4.8572       -21.5686      -21.5686      
238           238           -14.4511      -4.4255       -18.8766      -18.8766      
239           239           -21.8917      -3.2124       -25.1041      -25.1041      
240           240           -12.4692      -3.6385       -16.1077      -16.1077      
241           241           -23.2383      -0.5521       -23.7904      -23.7904      
242           242           -30.1137      +1.3279       -28.7858      -28.7858      
243           243           -22.0496      -3.7905       -25.8401      -25.8401      
244           244           -22.8289      -2.0058       -24.8347      -24.8347      
245           245           -24.3487      -4.1533       -28.502       -28.502       
246           246           -28.529       -3.1135       -31.6425      -31.6425      
247           247           -17.8913      -1.8224       -19.7137      -19.7137      
248           248           -21.5567      -0.4168       -21.9735      -21.9735      
249           249           -23.9034      -3.5103       -27.4137      -27.4137      
250           250           +4.2921       -3.1635       +1.1286       +1.1286       
251           251           +3.3974       -3.5089       -0.1115       -0.1115       
252           252           +1.4123       -4.6071       -3.1948       -3.1948       
253           253           +2.3371       -3.438        -1.1009       -1.1009       
254           254           +0.161        -4.7741       -4.6131       -4.6131       
255           255           +1.1345       -3.8711       -2.7366       -2.7366       
256           256           -5.5427       -4.7783       -10.321       -10.321       
257           257           -1.8845       -3.9712       -5.8557       -5.8557       
258           258           -0.9929       -5.2854       -6.2783       -6.2783       
259           259           -0.0519       -5.3592       -5.4111       -5.4111       
260           260           +2.8532       -5.6534       -2.8002       -2.8002       
261           261           +1.1234       -5.4225       -4.2991       -4.2991       
262           262           -1.6527       -6.4739       -8.1266       -8.1266       
263           263           -4.2302       -5.7635       -9.9937       -9.9937       
264           264           +5.2461       -4.9718       +0.2743       +0.2743       
265           265           +6.2288       -4.0521       +2.1767       +2.1767       
266           266           -13.7475      -1.2709       -15.0184      -15.0184      
267           267           +5.3184       -3.8368       +1.4816       +1.4816       
268           268           +4.2923       -3.6178       +0.6745       +0.6745       
269           269           -2.1761       -3.0524       -5.2285       -5.2285       
270           270           -7.8617       -2.6032       -10.4649      -10.4649      
271           271           -7.0293       -4.4017       -11.431       -11.431       
272           272           -8.3553       -3.4841       -11.8394      -11.8394      
273           273           -8.249        -4.1641       -12.4131      -12.4131      
274           274           -0.9895       -3.4584       -4.4479       -4.4479       
275           275           +2.3118       -4.3934       -2.0816       -2.0816       
276           276           +4.1245       -4.6449       -0.5204       -0.5204       
277           277           +2.042        -4.4924       -2.4504       -2.4504       
278           278           +5.9211       -2.6761       +3.245        +3.245        
279           279           +3.1775       -3.5135       -0.336        -0.336        
280           280           -1.5412       -4.0625       -5.6037       -5.6037       
281           281           -11.6853      -4.5612       -16.2465      -16.2465      
282           282           +0.9725       -2.8276       -1.8551       -1.8551       
283           283           +0.3249       -5.2411       -4.9162       -4.9162       
284           284           -4.5258       -2.8212       -7.347        -7.347        
285           285           -22.4341      +0.1609       -22.2732      -22.2732      
286           286           +5.0722       -4.4445       +0.6277       +0.6277       
287           287           +0.3419       -4.9047       -4.5628       -4.5628       
288           288           -0.5924       -7.6916       -8.284        -8.284        
289           289           -6.8727       -6.3541       -13.2268      -13.2268      
290           290           +3.2958       -5.4669       -2.1711       -2.1711       
291           291           +3.1325       -5.5076       -2.3751       -2.3751       
292           292           -1.8568       -3.1812       -5.038        -5.038        
293           293           -6.4114       -4.5029       -10.9143      -10.9143      
294           294           +2.833        -6.4087       -3.5757       -3.5757       
295           295           -2.2179       -5.0514       -7.2693       -7.2693       
296           296           -0.9642       -5.6066       -6.5708       -6.5708       
297           297           -4.7634       -5.5134       -10.2768      -10.2768      
298           298           +0.3603       -5.3279       -4.9676       -4.9676       
299           299           -6.11         -6.13         -12.24        -12.24        
300           300           -1.4562       -5.7309       -7.1871       -7.1871       
301           301           -4.1194       -5.7984       -9.9178       -9.9178       
302           302           +3.0336       -4.519        -1.4854       -1.4854       
303           303           -7.2382       -5.3548       -12.593       -12.593       
304           304           -6.6543       -6.4729       -13.1272      -13.1272      
305           305           -4.3629       -5.5941       -9.957        -9.957        
306           306           -5.2786       -6.4017       -11.6803      -11.6803      
307           307           -0.5637       -4.0886       -4.6523       -4.6523       
308           308           -15.2929      -5.1555       -20.4484      -20.4484      
309           309           -14.5876      -5.29         -19.8776      -19.8776      
310           310           -4.4067       -6.399        -10.8057      -10.8057      
311           311           -6.2024       -1.9993       -8.2017       -8.2017       
312           312           -6.8452       -4.1566       -11.0018      -11.0018      
313           313           +1.177        -3.5908       -2.4138       -2.4138       
314           314           -3.5741       -3.4355       -7.0096       -7.0096       
315           315           -1.3603       -2.0872       -3.4475       -3.4475       
316           316           -3.5545       -3.1771       -6.7316       -6.7316       
317           317           +4.7231       -2.5821       +2.141        +2.141        
318           318           +2.7972       -2.2625       +0.5347       +0.5347       
319           319           +4.2387       -2.369        +1.8697       +1.8697       
320           320           +1.8866       -3.6595       -1.7729       -1.7729       
321           321           +4.018        -3.4148       +0.6032       +0.6032       
322           322           +0.5425       -4.2762       -3.7337       -3.7337       
323           323           -5.036        -3.5133       -8.5493       -8.5493       
324           324           -7.8202       -3.9843       -11.8045      -11.8045      
325           325           -2.8347       -4.1093       -6.944        -6.944        
326           326           -2.094        -3.3975       -5.4915       -5.4915       
327           327           -6.9267       -3.4154       -10.3421      -10.3421      
328           328           -8.387        -4.2345       -12.6215      -12.6215      
329           329           -6.7177       -5.898        -12.6157      -12.6157      
330           330           -0.313        -4.7819       -5.0949       -5.0949       
331           331           -2.711        -6.3794       -9.0904       -9.0904       
332           332           -6.8237       -4.9074       -11.7311      -11.7311      
333           333           -2.5246       -5.144        -7.6686       -7.6686       
334           334           +5.592        -4.722        +0.87         +0.87         
335           335           +3.3142       -4.2603       -0.9461       -0.9461       
336           336           -2.9288       -3.7189       -6.6477       -6.6477       
337           337           -4.9375       -4.2599       -9.1974       -9.1974       
338           338           -7.3967       -5.6053       -13.002       -13.002       
339           339           +2.9188       -4.566        -1.6472       -1.6472       
340           340           +1.6697       -4.2945       -2.6248       -2.6248       
341           341           +0.7164       -5.217        -4.5006       -4.5006       
342           342           +0.8323       -5.2133       -4.381        -4.381        
343           343           +0.1938       -4.7049       -4.5111       -4.5111       
344           344           -3.3732       -6.4144       -9.7876       -9.7876       
345           345           -4.3989       -6.0884       -10.4873      -10.4873      
346           346           +3.0625       -4.4826       -1.4201       -1.4201       
347           347           -13.0267      -6.8663       -19.893       -19.893       
348           348           -5.9928       -7.2331       -13.2259      -13.2259      
349           349           -7.6484       -3.7813       -11.4297      -11.4297      
350           350           -8.9643       -3.4377       -12.402       -12.402       
351           351           -2.434        -3.761        -6.195        -6.195        
352           352           -12.6532      -5.4975       -18.1507      -18.1507      
353           353           -13.7234      -4.429        -18.1524      -18.1524      
354           354           -5.0056       -2.7674       -7.773        -7.773        
355           355           +0.2371       -3.862        -3.6249       -3.6249       
