Frame         Time          Elec          VdW           Nonbond       Total         
0             0             -7.4111       -5.6955       -13.1066      -13.1066      
1             1             -5.5672       -6.1376       -11.7048      -11.7048      
2             2             -4.584        -5.7674       -10.3514      -10.3514      
3             3             -6.8821       -5.8406       -12.7227      -12.7227      
4             4             -3.241        -6.0483       -9.2893       -9.2893       
5             5             -7.9079       -5.6747       -13.5826      -13.5826      
6             6             -3.4516       -5.5214       -8.973        -8.973        
7             7             -9.4073       -3.9163       -13.3236      -13.3236      
8             8             -4.5681       -3.9325       -8.5006       -8.5006       
9             9             -6.2364       -4.796        -11.0324      -11.0324      
10            10            -5.5547       -5.6613       -11.216       -11.216       
11            11            -6.2461       -5.6385       -11.8846      -11.8846      
12            12            -6.4054       -4.7335       -11.1389      -11.1389      
13            13            -3.8699       -5.0601       -8.93         -8.93         
14            14            -1.0147       -6.4346       -7.4493       -7.4493       
15            15            -5.4151       -6.3666       -11.7817      -11.7817      
16            16            -7.6147       -6.5281       -14.1428      -14.1428      
17            17            -6.0746       -5.3181       -11.3927      -11.3927      
18            18            -4.581        -5.3887       -9.9697       -9.9697       
19            19            -3.4416       -5.0969       -8.5385       -8.5385       
20            20            +1.315        -4.483        -3.168        -3.168        
21            21            -3.7803       -3.8129       -7.5932       -7.5932       
22            22            -8.1871       -4.6554       -12.8425      -12.8425      
23            23            -8.2808       -2.0134       -10.2942      -10.2942      
24            24            -8.5544       -5.1248       -13.6792      -13.6792      
25            25            -15.4081      -3.2329       -18.641       -18.641       
26            26            -9.2281       -4.1686       -13.3967      -13.3967      
27            27            -15.6152      -3.8029       -19.4181      -19.4181      
28            28            -11.3809      -4.212        -15.5929      -15.5929      
29            29            -18.0605      -3.4469       -21.5074      -21.5074      
30            30            -16.3315      -3.0735       -19.405       -19.405       
31            31            -13.6474      -3.6499       -17.2973      -17.2973      
32            32            -9.2744       -4.1529       -13.4273      -13.4273      
33            33            -12.3723      -3.6803       -16.0526      -16.0526      
34            34            -11.1109      -4.195        -15.3059      -15.3059      
35            35            -18.6114      -2.9769       -21.5883      -21.5883      
36            36            -12.0687      -3.3579       -15.4266      -15.4266      
37            37            -5.8751       -2.7098       -8.5849       -8.5849       
38            38            -10.8178      -4.3277       -15.1455      -15.1455      
39            39            -15.9001      -3.6605       -19.5606      -19.5606      
40            40            -12.3414      -3.5979       -15.9393      -15.9393      
41            41            -6.2705       -4.0135       -10.284       -10.284       
42            42            -7.6213       -4.0414       -11.6627      -11.6627      
43            43            -10.6102      -2.6709       -13.2811      -13.2811      
44            44            -8.7376       -4.3831       -13.1207      -13.1207      
45            45            -1.7192       -4.5608       -6.28         -6.28         
46            46            -7.9078       -0.4739       -8.3817       -8.3817       
47            47            -10.8841      -3.8603       -14.7444      -14.7444      
48            48            -11.2189      -3.4548       -14.6737      -14.6737      
49            49            -16.1431      -4.3985       -20.5416      -20.5416      
50            50            -12.8776      -2.6168       -15.4944      -15.4944      
51            51            -5.9666       -1.5261       -7.4927       -7.4927       
52            52            -13.8022      -2.7045       -16.5067      -16.5067      
53            53            -8.6249       -4.1318       -12.7567      -12.7567      
54            54            -9.2042       -4.1138       -13.318       -13.318       
55            55            -10.4597      -4.4813       -14.941       -14.941       
56            56            -8.5496       -4.7634       -13.313       -13.313       
57            57            -14.2932      -5.0782       -19.3714      -19.3714      
58            58            -7.5003       -4.8941       -12.3944      -12.3944      
59            59            -16.7872      -4.3552       -21.1424      -21.1424      
60            60            -8.8812       -5.6784       -14.5596      -14.5596      
61            61            +0.973        -1.7155       -0.7425       -0.7425       
62            62            -9.3386       -1.3144       -10.653       -10.653       
63            63            -8.8421       -3.8059       -12.648       -12.648       
64            64            +0.4418       -4.0597       -3.6179       -3.6179       
65            65            -5.9982       -3.2619       -9.2601       -9.2601       
66            66            -2.9534       -4.0789       -7.0323       -7.0323       
67            67            -0.756        -2.8827       -3.6387       -3.6387       
68            68            -8.2387       -4.6143       -12.853       -12.853       
69            69            -8.7439       -4.1479       -12.8918      -12.8918      
70            70            -6.6133       -4.5943       -11.2076      -11.2076      
71            71            -2.5666       -4.3646       -6.9312       -6.9312       
72            72            -5.6576       -4.8088       -10.4664      -10.4664      
73            73            -3.3034       -4.068        -7.3714       -7.3714       
74            74            -2.3394       -5.0137       -7.3531       -7.3531       
75            75            -4.8184       -4.9987       -9.8171       -9.8171       
76            76            -11.9505      -4.9983       -16.9488      -16.9488      
77            77            -6.7429       -4.9248       -11.6677      -11.6677      
78            78            -8.2884       -4.4052       -12.6936      -12.6936      
79            79            -11.0477      -5.574        -16.6217      -16.6217      
80            80            -6.911        -3.7618       -10.6728      -10.6728      
81            81            -25.0366      -4.1527       -29.1893      -29.1893      
82            82            -27.9965      -4.053        -32.0495      -32.0495      
83            83            -22.1749      -4.2844       -26.4593      -26.4593      
84            84            -29.8318      -3.0019       -32.8337      -32.8337      
85            85            -26.0565      -5.3504       -31.4069      -31.4069      
86            86            -26.505       -2.9962       -29.5012      -29.5012      
87            87            -25.8937      -2.9038       -28.7975      -28.7975      
88            88            -25.0852      -5.9394       -31.0246      -31.0246      
89            89            -35.7292      -4.6526       -40.3818      -40.3818      
90            90            -26.7831      -5.9938       -32.7769      -32.7769      
91            91            -9.9005       -5.088        -14.9885      -14.9885      
92            92            -31.3054      -7.6288       -38.9342      -38.9342      
93            93            -27.1092      -7.6532       -34.7624      -34.7624      
94            94            -33.0256      -6.5623       -39.5879      -39.5879      
95            95            -19.0663      -5.468        -24.5343      -24.5343      
96            96            -20.2896      -6.629        -26.9186      -26.9186      
97            97            -25.6267      -6.3518       -31.9785      -31.9785      
98            98            -18.2999      -1.9915       -20.2914      -20.2914      
99            99            -3.1862       -3.5418       -6.728        -6.728        
100           100           +0.8757       -2.9794       -2.1037       -2.1037       
101           101           -1.4999       -1.8266       -3.3265       -3.3265       
102           102           +2.0511       -0.7648       +1.2863       +1.2863       
103           103           +5.6965       -1.8441       +3.8524       +3.8524       
104           104           -7.4262       -1.6856       -9.1118       -9.1118       
105           105           -6.0879       -4.1602       -10.2481      -10.2481      
106           106           -4.9136       -4.3272       -9.2408       -9.2408       
107           107           -3.4008       -3.172        -6.5728       -6.5728       
108           108           -5.3293       -2.8892       -8.2185       -8.2185       
109           109           -3.9048       -2.82         -6.7248       -6.7248       
110           110           -0.8516       -4.1741       -5.0257       -5.0257       
111           111           -1.3669       -3.0398       -4.4067       -4.4067       
112           112           -5.9145       -3.1216       -9.0361       -9.0361       
113           113           -6.3365       -3.4895       -9.826        -9.826        
114           114           -5.5857       -3.8822       -9.4679       -9.4679       
115           115           -5.0765       -3.5345       -8.611        -8.611        
116           116           +2.6588       -1.1894       +1.4694       +1.4694       
117           117           -2.2609       -2.8259       -5.0868       -5.0868       
118           118           -23.9616      -4.966        -28.9276      -28.9276      
119           119           -1.9915       -0.9561       -2.9476       -2.9476       
120           120           +1.6751       -4.3666       -2.6915       -2.6915       
121           121           -16.1422      -5.0066       -21.1488      -21.1488      
122           122           +0.3159       -3.7653       -3.4494       -3.4494       
123           123           -1.149        -2.8847       -4.0337       -4.0337       
124           124           -1.5329       -2.7868       -4.3197       -4.3197       
125           125           -17.3033      -2.7194       -20.0227      -20.0227      
126           126           -4.6469       -2.9798       -7.6267       -7.6267       
127           127           -2.7193       -3.0411       -5.7604       -5.7604       
128           128           -10.2247      -3.6776       -13.9023      -13.9023      
129           129           -5.1957       -3.769        -8.9647       -8.9647       
130           130           -11.3059      -1.3708       -12.6767      -12.6767      
131           131           -7.698        -2.2361       -9.9341       -9.9341       
132           132           -12.8693      -5.0144       -17.8837      -17.8837      
133           133           -16.1094      -5.5108       -21.6202      -21.6202      
134           134           -15.9303      -4.0775       -20.0078      -20.0078      
135           135           -6.5216       -4.2561       -10.7777      -10.7777      
136           136           -10.6576      -4.3861       -15.0437      -15.0437      
137           137           -12.9225      -4.6658       -17.5883      -17.5883      
138           138           -8.5028       -4.3826       -12.8854      -12.8854      
139           139           -16.6892      -6.0286       -22.7178      -22.7178      
140           140           -12.24        -4.3948       -16.6348      -16.6348      
141           141           -10.8376      -4.7598       -15.5974      -15.5974      
142           142           -3.9093       -5.0794       -8.9887       -8.9887       
143           143           -3.3303       -3.2941       -6.6244       -6.6244       
144           144           -7.8237       -5.7356       -13.5593      -13.5593      
145           145           +6.4864       -4.9938       +1.4926       +1.4926       
146           146           +3.4834       -0.7968       +2.6866       +2.6866       
147           147           +7.3264       -0.6616       +6.6648       +6.6648       
148           148           -4.6032       -0.3998       -5.003        -5.003        
149           149           -1.0619       -1.1736       -2.2355       -2.2355       
150           150           +2.7547       -2.3948       +0.3599       +0.3599       
151           151           -5.4703       -1.4966       -6.9669       -6.9669       
152           152           -2.3967       -0.4779       -2.8746       -2.8746       
153           153           +2.169        -0.4558       +1.7132       +1.7132       
154           154           +1.1849       -0.6755       +0.5094       +0.5094       
155           155           +1.073        -0.5571       +0.5159       +0.5159       
156           156           +3.4617       -0.8309       +2.6308       +2.6308       
157           157           +1.7885       -0.6502       +1.1383       +1.1383       
158           158           -3.8837       -0.9369       -4.8206       -4.8206       
159           159           -7.0416       -0.5584       -7.6          -7.6          
160           160           -2.6424       -0.3203       -2.9627       -2.9627       
161           161           -9.7095       -0.997        -10.7065      -10.7065      
162           162           -7.4156       -0.5625       -7.9781       -7.9781       
163           163           -6.6893       -0.5367       -7.226        -7.226        
164           164           -6.3063       -0.4095       -6.7158       -6.7158       
165           165           -0.8848       -0.6289       -1.5137       -1.5137       
166           166           -5.1994       -0.3096       -5.509        -5.509        
167           167           -2.117        -0.1364       -2.2534       -2.2534       
168           168           -4.3722       -0.2509       -4.6231       -4.6231       
169           169           -1.3012       -0.4058       -1.707        -1.707        
170           170           -3.7544       -0.563        -4.3174       -4.3174       
171           171           -5.2457       -0.3472       -5.5929       -5.5929       
172           172           -1.9004       -0.3668       -2.2672       -2.2672       
173           173           +1.2346       -0.1136       +1.121        +1.121        
174           174           +1.5144       -0.3574       +1.157        +1.157        
175           175           -4.0908       -0.4014       -4.4922       -4.4922       
176           176           -3.8292       -0.6977       -4.5269       -4.5269       
177           177           +0.3369       -0.5253       -0.1884       -0.1884       
178           178           +8.942        -1.246        +7.696        +7.696        
179           179           +6.1361       -0.6337       +5.5024       +5.5024       
180           180           -7.7548       -1.3363       -9.0911       -9.0911       
181           181           -16.2113      -1.1272       -17.3385      -17.3385      
182           182           -6.8786       -0.9878       -7.8664       -7.8664       
183           183           -3.1827       -0.6337       -3.8164       -3.8164       
184           184           +3.4522       -0.621        +2.8312       +2.8312       
185           185           -2.7934       -0.6803       -3.4737       -3.4737       
186           186           -2.2765       -0.6461       -2.9226       -2.9226       
187           187           -9.8423       -1.6463       -11.4886      -11.4886      
188           188           -5.7576       -1.2192       -6.9768       -6.9768       
189           189           -12.6589      -2.4114       -15.0703      -15.0703      
190           190           -9.9331       -0.765        -10.6981      -10.6981      
191           191           -1.5042       -1.288        -2.7922       -2.7922       
192           192           -5.404        -0.8132       -6.2172       -6.2172       
193           193           -11.293       -1.4583       -12.7513      -12.7513      
194           194           -4.3509       -0.758        -5.1089       -5.1089       
195           195           +0.8261       -0.4652       +0.3609       +0.3609       
196           196           -7.2065       -0.5933       -7.7998       -7.7998       
197           197           -4.4128       -0.6984       -5.1112       -5.1112       
198           198           -8.1867       -0.8331       -9.0198       -9.0198       
199           199           -3.6215       -1.1302       -4.7517       -4.7517       
200           200           -7.6367       -1.2849       -8.9216       -8.9216       
201           201           -8.5962       -1.1115       -9.7077       -9.7077       
202           202           -18.3805      -1.2426       -19.6231      -19.6231      
203           203           -13.3732      -0.9518       -14.325       -14.325       
204           204           -11.8434      -0.7345       -12.5779      -12.5779      
205           205           -13.5042      -1.8253       -15.3295      -15.3295      
206           206           -13.1611      -0.7352       -13.8963      -13.8963      
207           207           -21.7937      -1.4199       -23.2136      -23.2136      
208           208           -19.9744      +0.8925       -19.0819      -19.0819      
209           209           -7.9367       -1.0133       -8.95         -8.95         
210           210           -13.0296      -1.6396       -14.6692      -14.6692      
211           211           -7.7398       -2.046        -9.7858       -9.7858       
212           212           -15.0492      -1.7758       -16.825       -16.825       
213           213           -12.1209      -1.9617       -14.0826      -14.0826      
214           214           -20.2692      -2.3502       -22.6194      -22.6194      
215           215           -11.6813      -1.3178       -12.9991      -12.9991      
216           216           -8.7742       -1.4035       -10.1777      -10.1777      
217           217           -15.4221      -2.0118       -17.4339      -17.4339      
218           218           -10.8364      -0.8704       -11.7068      -11.7068      
219           219           -16.7455      -1.4909       -18.2364      -18.2364      
220           220           -10.5121      -0.8668       -11.3789      -11.3789      
221           221           -8.9534       -1.4659       -10.4193      -10.4193      
222           222           -8.7145       -1.4842       -10.1987      -10.1987      
223           223           -14.1756      -1.8118       -15.9874      -15.9874      
224           224           -13.7911      -1.1666       -14.9577      -14.9577      
225           225           -13.857       -1.0945       -14.9515      -14.9515      
226           226           -14.3393      -1.8982       -16.2375      -16.2375      
227           227           -7.228        -1.5222       -8.7502       -8.7502       
228           228           -12.7233      -1.9225       -14.6458      -14.6458      
229           229           -9.7211       -1.4286       -11.1497      -11.1497      
230           230           -6.9273       -0.4318       -7.3591       -7.3591       
231           231           -10.7366      -0.5493       -11.2859      -11.2859      
232           232           -9.6828       -1.0553       -10.7381      -10.7381      
233           233           -9.9755       -0.7789       -10.7544      -10.7544      
234           234           -9.9882       -1.1057       -11.0939      -11.0939      
235           235           -10.9277      -1.576        -12.5037      -12.5037      
236           236           -15.1278      -1.7338       -16.8616      -16.8616      
237           237           -9.5003       -1.4252       -10.9255      -10.9255      
238           238           -11.2703      -1.6049       -12.8752      -12.8752      
239           239           -18.1855      -2.0085       -20.194       -20.194       
240           240           -10.9229      -2.7022       -13.6251      -13.6251      
241           241           -10.3607      -1.8092       -12.1699      -12.1699      
242           242           -7.4466       -0.7895       -8.2361       -8.2361       
243           243           -8.5219       -1.295        -9.8169       -9.8169       
244           244           -12.3862      -1.5511       -13.9373      -13.9373      
245           245           -8.5691       -1.1986       -9.7677       -9.7677       
246           246           +1.319        -0.8085       +0.5105       +0.5105       
247           247           -16.3147      -1.0726       -17.3873      -17.3873      
248           248           -9.6953       -0.7271       -10.4224      -10.4224      
249           249           -9.1295       -0.6005       -9.73         -9.73         
250           250           -7.2821       -1.043        -8.3251       -8.3251       
251           251           -10.0324      -0.6993       -10.7317      -10.7317      
252           252           -6.9676       -0.7675       -7.7351       -7.7351       
253           253           -5.2074       -0.9184       -6.1258       -6.1258       
254           254           -8.1061       -0.7756       -8.8817       -8.8817       
255           255           -8.9781       -0.7452       -9.7233       -9.7233       
256           256           -8.4479       -0.6229       -9.0708       -9.0708       
257           257           +0.9197       -0.8123       +0.1074       +0.1074       
258           258           -6.7135       -1.1106       -7.8241       -7.8241       
259           259           +1.8579       -1.1416       +0.7163       +0.7163       
260           260           -3.3319       -0.9148       -4.2467       -4.2467       
261           261           -2.2559       -0.4086       -2.6645       -2.6645       
262           262           -4.8204       -1.0924       -5.9128       -5.9128       
263           263           -13.0453      -1.3111       -14.3564      -14.3564      
264           264           -4.7399       -0.8799       -5.6198       -5.6198       
265           265           -10.9902      -1.7829       -12.7731      -12.7731      
266           266           -4.5381       -1.0085       -5.5466       -5.5466       
267           267           -8.4229       -2.2094       -10.6323      -10.6323      
268           268           -22.1881      -1.7332       -23.9213      -23.9213      
269           269           -13.0421      -2.0524       -15.0945      -15.0945      
270           270           -16.1309      -1.5217       -17.6526      -17.6526      
271           271           -20.5784      -2.2499       -22.8283      -22.8283      
272           272           -17.7328      -2.2886       -20.0214      -20.0214      
273           273           -16.4513      -2.3407       -18.792       -18.792       
274           274           -16.7218      -1.097        -17.8188      -17.8188      
275           275           -20.4563      -1.7313       -22.1876      -22.1876      
276           276           -11.2707      -1.6282       -12.8989      -12.8989      
277           277           -8.6898       -1.5394       -10.2292      -10.2292      
278           278           -13.9346      -1.1047       -15.0393      -15.0393      
279           279           -16.9754      -1.2473       -18.2227      -18.2227      
280           280           -11.6079      -2.0676       -13.6755      -13.6755      
281           281           -18.4086      -2.1916       -20.6002      -20.6002      
282           282           -20.5199      -2.3838       -22.9037      -22.9037      
283           283           -9.8984       -2.3215       -12.2199      -12.2199      
284           284           -11.7823      -1.6361       -13.4184      -13.4184      
285           285           -16.6922      -2.3492       -19.0414      -19.0414      
286           286           -16.1935      -2.168        -18.3615      -18.3615      
287           287           -12.2061      -2.3256       -14.5317      -14.5317      
288           288           -25.7612      -1.8765       -27.6377      -27.6377      
289           289           -4.9681       -1.5717       -6.5398       -6.5398       
290           290           -9.5329       -2.1485       -11.6814      -11.6814      
291           291           -18.2508      -1.7012       -19.952       -19.952       
292           292           -10.7253      -2.0128       -12.7381      -12.7381      
293           293           -16.0769      -2.3213       -18.3982      -18.3982      
294           294           -13.7959      -1.8189       -15.6148      -15.6148      
295           295           -7.1707       -1.9049       -9.0756       -9.0756       
296           296           -11.9408      -1.5352       -13.476       -13.476       
297           297           -17.8603      -1.8521       -19.7124      -19.7124      
298           298           -14.0977      -1.2784       -15.3761      -15.3761      
299           299           -12.752       -1.9367       -14.6887      -14.6887      
300           300           -6.2371       -1.825        -8.0621       -8.0621       
301           301           -3.8302       -1.5641       -5.3943       -5.3943       
302           302           -6.4928       -1.374        -7.8668       -7.8668       
303           303           -5.3034       -1.844        -7.1474       -7.1474       
304           304           -8.2679       -1.993        -10.2609      -10.2609      
305           305           -6.5282       -1.6368       -8.165        -8.165        
306           306           -4.1632       -1.9771       -6.1403       -6.1403       
307           307           -10.7145      -2.1165       -12.831       -12.831       
308           308           -6.0624       -1.5842       -7.6466       -7.6466       
309           309           -8.5901       -1.8427       -10.4328      -10.4328      
310           310           -8.3164       -1.7882       -10.1046      -10.1046      
311           311           -9.4268       -1.5437       -10.9705      -10.9705      
312           312           -3.8764       -2.0649       -5.9413       -5.9413       
313           313           -3.3617       -1.476        -4.8377       -4.8377       
314           314           -10.9108      -1.514        -12.4248      -12.4248      
315           315           -9.8297       -1.4593       -11.289       -11.289       
316           316           -14.036       -1.735        -15.771       -15.771       
317           317           -8.2447       -1.1814       -9.4261       -9.4261       
318           318           -7.1029       -1.5593       -8.6622       -8.6622       
319           319           -14.3507      -1.266        -15.6167      -15.6167      
320           320           -10.627       -1.754        -12.381       -12.381       
321           321           -13.9778      -1.5972       -15.575       -15.575       
322           322           -9.3654       -1.5922       -10.9576      -10.9576      
323           323           -5.4682       -2.1798       -7.648        -7.648        
324           324           -4.2144       -1.9174       -6.1318       -6.1318       
325           325           -8.4934       -1.3907       -9.8841       -9.8841       
326           326           -6.5947       -1.8475       -8.4422       -8.4422       
327           327           -6.0826       -1.984        -8.0666       -8.0666       
328           328           -4.2992       -2.2551       -6.5543       -6.5543       
329           329           -6.8769       -1.8506       -8.7275       -8.7275       
330           330           -3.7587       -2.2533       -6.012        -6.012        
331           331           -8.7495       -1.9011       -10.6506      -10.6506      
332           332           -17.3758      -0.4171       -17.7929      -17.7929      
333           333           -16.2692      -2.2543       -18.5235      -18.5235      
334           334           -14.0573      -1.2762       -15.3335      -15.3335      
335           335           -15.2231      -1.9981       -17.2212      -17.2212      
336           336           -12.395       -2.2686       -14.6636      -14.6636      
337           337           -16.4437      -1.8962       -18.3399      -18.3399      
338           338           -11.7989      -1.6607       -13.4596      -13.4596      
339           339           -14.1201      -1.7743       -15.8944      -15.8944      
340           340           -12.6187      -1.7261       -14.3448      -14.3448      
341           341           -13.2133      -1.7805       -14.9938      -14.9938      
342           342           -14.4132      -1.6583       -16.0715      -16.0715      
343           343           -5.4344       -1.2339       -6.6683       -6.6683       
344           344           -10.1534      -1.6338       -11.7872      -11.7872      
345           345           -13.5364      -1.836        -15.3724      -15.3724      
346           346           -12.6724      -1.3591       -14.0315      -14.0315      
347           347           -10.7147      -1.4185       -12.1332      -12.1332      
348           348           -10.9036      -1.2438       -12.1474      -12.1474      
349           349           -19.024       -1.8005       -20.8245      -20.8245      
350           350           -12.9517      -1.8708       -14.8225      -14.8225      
351           351           -9.7018       -1.8362       -11.538       -11.538       
352           352           -18.3607      -2.5984       -20.9591      -20.9591      
353           353           -19.7707      -1.9501       -21.7208      -21.7208      
354           354           -10.853       -1.6009       -12.4539      -12.4539      
355           355           -19.3323      -2.1766       -21.5089      -21.5089      
