Frame         Time          Elec          VdW           Nonbond       Total         
0             0             -22.2376      -10.68        -32.9176      -32.9176      
1             1             -15.4119      -12.4146      -27.8265      -27.8265      
2             2             -18.925       -7.5677       -26.4927      -26.4927      
3             3             -16.015       -13.9845      -29.9995      -29.9995      
4             4             -15.9284      -7.5723       -23.5007      -23.5007      
5             5             -18.3967      -9.4772       -27.8739      -27.8739      
6             6             -15.6358      -13.8882      -29.524       -29.524       
7             7             -11.5888      -18.2017      -29.7905      -29.7905      
8             8             -16.5737      -11.9021      -28.4758      -28.4758      
9             9             -20.0695      -12.3319      -32.4014      -32.4014      
10            10            -15.5221      -11.522       -27.0441      -27.0441      
11            11            -14.7325      -15.2781      -30.0106      -30.0106      
12            12            -14.7508      -14.0763      -28.8271      -28.8271      
13            13            -18.6954      -10.494       -29.1894      -29.1894      
14            14            -14.8608      -14.0035      -28.8643      -28.8643      
15            15            -14.5248      -11.0796      -25.6044      -25.6044      
16            16            -17.7466      -17.1639      -34.9105      -34.9105      
17            17            -14.8817      -11.8957      -26.7774      -26.7774      
18            18            -21.9203      -12.5023      -34.4226      -34.4226      
19            19            -17.2321      -9.5715       -26.8036      -26.8036      
20            20            -21.8377      -13.8981      -35.7358      -35.7358      
21            21            -14.21        -15.1668      -29.3768      -29.3768      
22            22            -2.0739       -12.7557      -14.8296      -14.8296      
23            23            -15.9047      -13.3966      -29.3013      -29.3013      
24            24            -15.4131      -14.4167      -29.8298      -29.8298      
25            25            -18.1572      -10.6993      -28.8565      -28.8565      
26            26            -12.8743      -15.2186      -28.0929      -28.0929      
27            27            -20.4396      -13.1267      -33.5663      -33.5663      
28            28            -16.1008      -15.3592      -31.46        -31.46        
29            29            -20.0184      -14.0384      -34.0568      -34.0568      
30            30            -19.8922      -10.8546      -30.7468      -30.7468      
31            31            -22.6158      -15.007       -37.6228      -37.6228      
32            32            -19.0224      -12.7063      -31.7287      -31.7287      
33            33            -19.4493      -16.2531      -35.7024      -35.7024      
34            34            -23.0265      -13.2603      -36.2868      -36.2868      
35            35            -18.4734      -10.7734      -29.2468      -29.2468      
36            36            -20.1551      -14.0352      -34.1903      -34.1903      
37            37            -13.6327      -10.6913      -24.324       -24.324       
38            38            -4.2068       -15.3321      -19.5389      -19.5389      
39            39            -6.6987       -11.2376      -17.9363      -17.9363      
40            40            -5.0111       -12.9969      -18.008       -18.008       
41            41            -6.1233       -12.4583      -18.5816      -18.5816      
42            42            +3.9027       -13.6107      -9.708        -9.708        
43            43            -4.5159       -12.8105      -17.3264      -17.3264      
44            44            -7.4753       -13.6421      -21.1174      -21.1174      
45            45            -9.3558       -13.6981      -23.0539      -23.0539      
46            46            -10.0283      -12.4836      -22.5119      -22.5119      
47            47            -7.8622       -11.6432      -19.5054      -19.5054      
48            48            -3.5849       -12.641       -16.2259      -16.2259      
49            49            -0.6174       -12.2112      -12.8286      -12.8286      
50            50            -0.8644       -11.2471      -12.1115      -12.1115      
51            51            +0.3027       -11.2544      -10.9517      -10.9517      
52            52            -3.0032       -10.6428      -13.646       -13.646       
53            53            -3.4648       -11.4458      -14.9106      -14.9106      
54            54            -6.5677       -12.1678      -18.7355      -18.7355      
55            55            -4.7866       -14.1856      -18.9722      -18.9722      
56            56            -7.012        -12.5205      -19.5325      -19.5325      
57            57            -9.6865       -12.5797      -22.2662      -22.2662      
58            58            -1.2009       -13.2252      -14.4261      -14.4261      
59            59            -7.187        -13.7857      -20.9727      -20.9727      
60            60            -5.5847       -11.7624      -17.3471      -17.3471      
61            61            -3.1602       -13.9259      -17.0861      -17.0861      
62            62            -2.9467       -14.5649      -17.5116      -17.5116      
63            63            -6.7073       -14.3815      -21.0888      -21.0888      
64            64            +0.2855       -12.893       -12.6075      -12.6075      
65            65            -0.9202       -11.8618      -12.782       -12.782       
66            66            +3.1386       -12.2865      -9.1479       -9.1479       
67            67            -4.4309       -14.2789      -18.7098      -18.7098      
68            68            -1.9902       -13.3357      -15.3259      -15.3259      
69            69            -6.6349       -13.9618      -20.5967      -20.5967      
70            70            -12.5601      -9.8768       -22.4369      -22.4369      
71            71            -5.4166       -10.2357      -15.6523      -15.6523      
72            72            -0.762        -12.1481      -12.9101      -12.9101      
73            73            -14.5621      -10.4706      -25.0327      -25.0327      
74            74            -12.5838      -13.8706      -26.4544      -26.4544      
75            75            -14.8018      -11.2597      -26.0615      -26.0615      
76            76            -0.4706       -12.7152      -13.1858      -13.1858      
77            77            -6.3586       -11.4193      -17.7779      -17.7779      
78            78            -2.4041       -11.1502      -13.5543      -13.5543      
79            79            -8.8894       -10.7527      -19.6421      -19.6421      
80            80            +1.9875       -10.4916      -8.5041       -8.5041       
81            81            -5.9808       -8.8911       -14.8719      -14.8719      
82            82            -10.4833      -13.0605      -23.5438      -23.5438      
83            83            -6.6126       -9.9063       -16.5189      -16.5189      
84            84            -4.9523       -13.4365      -18.3888      -18.3888      
85            85            -6.4772       -12.9234      -19.4006      -19.4006      
86            86            -1.2309       -13.4074      -14.6383      -14.6383      
87            87            -6.9533       -12.5208      -19.4741      -19.4741      
88            88            -2.4042       -13.2648      -15.669       -15.669       
89            89            -4.6607       -13.4487      -18.1094      -18.1094      
90            90            -6.8133       -14.428       -21.2413      -21.2413      
91            91            -6.8067       -12.2672      -19.0739      -19.0739      
92            92            -4.3052       -12.657       -16.9622      -16.9622      
93            93            -7.106        -16.2882      -23.3942      -23.3942      
94            94            -8.7689       -14.54        -23.3089      -23.3089      
95            95            -10.092       -15.9666      -26.0586      -26.0586      
96            96            -2.1284       -14.6595      -16.7879      -16.7879      
97            97            -10.8768      -16.5871      -27.4639      -27.4639      
98            98            -10.9221      -14.2069      -25.129       -25.129       
99            99            -8.9795       -15.4449      -24.4244      -24.4244      
100           100           -5.0368       -14.052       -19.0888      -19.0888      
101           101           -4.7075       -16.254       -20.9615      -20.9615      
102           102           -6.6904       -12.2116      -18.902       -18.902       
103           103           -8.9618       -13.2113      -22.1731      -22.1731      
104           104           -11.3921      -14.954       -26.3461      -26.3461      
105           105           -9.9384       -13.0532      -22.9916      -22.9916      
106           106           -10.3655      -16.8454      -27.2109      -27.2109      
107           107           -11.0026      -13.722       -24.7246      -24.7246      
108           108           -7.7931       -13.5233      -21.3164      -21.3164      
109           109           -3.6003       -14.0551      -17.6554      -17.6554      
110           110           -2.8947       -13.9702      -16.8649      -16.8649      
111           111           -6.9276       -13.1886      -20.1162      -20.1162      
112           112           -8.8908       -12.2284      -21.1192      -21.1192      
113           113           -6.6115       -13.4843      -20.0958      -20.0958      
114           114           -4.8929       -14.5293      -19.4222      -19.4222      
115           115           -6.4453       -12.4238      -18.8691      -18.8691      
116           116           -12.0516      -15.2426      -27.2942      -27.2942      
117           117           -12.1864      -14.1668      -26.3532      -26.3532      
118           118           -11.1283      -13.0116      -24.1399      -24.1399      
119           119           -4.9267       -14.212       -19.1387      -19.1387      
120           120           -7.0855       -12.9752      -20.0607      -20.0607      
121           121           -5.8859       -12.2856      -18.1715      -18.1715      
122           122           -9.1462       -12.4534      -21.5996      -21.5996      
123           123           -9.7876       -12.705       -22.4926      -22.4926      
124           124           -11.4005      -14.6594      -26.0599      -26.0599      
125           125           -12.9059      -11.8553      -24.7612      -24.7612      
126           126           -13.9903      -11.0734      -25.0637      -25.0637      
127           127           -15.7076      -5.4345       -21.1421      -21.1421      
128           128           -13.5112      -11.047       -24.5582      -24.5582      
129           129           -8.4652       -12.7547      -21.2199      -21.2199      
130           130           -12.3132      -13.4179      -25.7311      -25.7311      
131           131           -8.8807       -11.1566      -20.0373      -20.0373      
132           132           -12.1196      -10.6248      -22.7444      -22.7444      
133           133           -10.286       -10.5687      -20.8547      -20.8547      
134           134           -14.2772      -10.666       -24.9432      -24.9432      
135           135           -12.8005      -12.8469      -25.6474      -25.6474      
136           136           -17.5223      -11.1861      -28.7084      -28.7084      
137           137           -18.6485      -11.9895      -30.638       -30.638       
138           138           -18.3664      -11.9678      -30.3342      -30.3342      
139           139           -17.2229      -13.1105      -30.3334      -30.3334      
140           140           -17.6591      -12.9715      -30.6306      -30.6306      
141           141           -0.7152       -11.8697      -12.5849      -12.5849      
142           142           +0.5106       -12.079       -11.5684      -11.5684      
143           143           -4.0325       -13.3232      -17.3557      -17.3557      
144           144           -6.426        -12.6147      -19.0407      -19.0407      
145           145           -6.764        -12.2102      -18.9742      -18.9742      
146           146           -9.5475       -10.4083      -19.9558      -19.9558      
147           147           -8.9615       -10.8946      -19.8561      -19.8561      
148           148           -7.974        -12.8472      -20.8212      -20.8212      
149           149           -6.8599       -10.739       -17.5989      -17.5989      
150           150           -12.481       -12.6303      -25.1113      -25.1113      
151           151           -4.2224       -13.2767      -17.4991      -17.4991      
152           152           -8.1449       -12.8855      -21.0304      -21.0304      
153           153           -8.5618       -14.2167      -22.7785      -22.7785      
154           154           -4.2757       -13.6058      -17.8815      -17.8815      
155           155           -4.2388       -11.1038      -15.3426      -15.3426      
156           156           -1.1157       -14.6059      -15.7216      -15.7216      
157           157           -7.1935       -14.4         -21.5935      -21.5935      
158           158           -9.9878       -14.8614      -24.8492      -24.8492      
159           159           -10.3647      -12.9492      -23.3139      -23.3139      
160           160           -5.8799       -12.8789      -18.7588      -18.7588      
161           161           -3.9001       -10.7272      -14.6273      -14.6273      
162           162           -7.0524       -10.3858      -17.4382      -17.4382      
163           163           -7.7611       -12.243       -20.0041      -20.0041      
164           164           -9.0619       -13.1002      -22.1621      -22.1621      
165           165           -18.9731      -13.486       -32.4591      -32.4591      
166           166           -16.9234      -11.7398      -28.6632      -28.6632      
167           167           -12.1201      -12.5814      -24.7015      -24.7015      
168           168           -10.8702      -14.3642      -25.2344      -25.2344      
169           169           -10.0903      -14.3145      -24.4048      -24.4048      
170           170           -9.4655       -14.1937      -23.6592      -23.6592      
171           171           -8.7353       -12.985       -21.7203      -21.7203      
172           172           -6.0708       -13.1231      -19.1939      -19.1939      
173           173           -9.8423       -12.884       -22.7263      -22.7263      
174           174           -10.2674      -13.8709      -24.1383      -24.1383      
175           175           -8.0218       -15.456       -23.4778      -23.4778      
176           176           -10.1271      -14.7088      -24.8359      -24.8359      
177           177           -6.0546       -10.566       -16.6206      -16.6206      
178           178           -9.8632       -15.0631      -24.9263      -24.9263      
179           179           -3.9954       -15.13        -19.1254      -19.1254      
180           180           -6.2393       -13.5636      -19.8029      -19.8029      
181           181           -7.0795       -13.417       -20.4965      -20.4965      
182           182           -3.5446       -13.6686      -17.2132      -17.2132      
183           183           -3.1667       -12.2089      -15.3756      -15.3756      
184           184           -3.6293       -13.4191      -17.0484      -17.0484      
185           185           -4.859        -13.772       -18.631       -18.631       
186           186           -4.8622       -14.4106      -19.2728      -19.2728      
187           187           -4.6436       -13.5329      -18.1765      -18.1765      
188           188           -6.6595       -15.0667      -21.7262      -21.7262      
189           189           -7.5853       -14.901       -22.4863      -22.4863      
190           190           -6.9943       -15.2692      -22.2635      -22.2635      
191           191           -7.3036       -13.6876      -20.9912      -20.9912      
192           192           -5.0433       -13.7034      -18.7467      -18.7467      
193           193           -8.5756       -15.4437      -24.0193      -24.0193      
194           194           -3.0071       -14.3562      -17.3633      -17.3633      
195           195           -6.292        -15.1511      -21.4431      -21.4431      
196           196           -4.3685       -12.0882      -16.4567      -16.4567      
197           197           -6.7259       -12.5463      -19.2722      -19.2722      
198           198           -5.3634       -12.7707      -18.1341      -18.1341      
199           199           -5.6108       -13.9975      -19.6083      -19.6083      
200           200           -5.2721       -11.3329      -16.605       -16.605       
201           201           -0.7802       -14.0234      -14.8036      -14.8036      
202           202           -1.7965       -13.5223      -15.3188      -15.3188      
203           203           +0.8938       -13.6589      -12.7651      -12.7651      
204           204           -3.8601       -12.9077      -16.7678      -16.7678      
205           205           -3.0252       -13.391       -16.4162      -16.4162      
206           206           -2.6954       -14.0557      -16.7511      -16.7511      
207           207           -4.7448       -11.1265      -15.8713      -15.8713      
208           208           -4.3371       -11.1241      -15.4612      -15.4612      
209           209           -4.2418       -12.6737      -16.9155      -16.9155      
210           210           -7.1722       -15.1877      -22.3599      -22.3599      
211           211           -8.8203       -14.106       -22.9263      -22.9263      
212           212           -8.4332       -12.723       -21.1562      -21.1562      
213           213           -2.3224       -13.8009      -16.1233      -16.1233      
214           214           -11.2519      -11.9762      -23.2281      -23.2281      
215           215           -2.622        -13.2871      -15.9091      -15.9091      
216           216           -10.6957      -11.7884      -22.4841      -22.4841      
217           217           -6.4552       -15.2398      -21.695       -21.695       
218           218           -9.8296       -14.0913      -23.9209      -23.9209      
219           219           -9.5768       -14.9184      -24.4952      -24.4952      
220           220           -10.3474      -14.5616      -24.909       -24.909       
221           221           -7.5367       -12.9712      -20.5079      -20.5079      
222           222           -9.3114       -15.1297      -24.4411      -24.4411      
223           223           -10.3015      -11.5928      -21.8943      -21.8943      
224           224           -9.7227       -11.2407      -20.9634      -20.9634      
225           225           -10.8209      -15.2676      -26.0885      -26.0885      
226           226           -6.4708       -16.2485      -22.7193      -22.7193      
227           227           -13.7365      -15.0414      -28.7779      -28.7779      
228           228           -10.2372      -12.052       -22.2892      -22.2892      
229           229           -12.5157      -14.7054      -27.2211      -27.2211      
230           230           -13.9878      -14.7903      -28.7781      -28.7781      
231           231           -19.2604      -11.43        -30.6904      -30.6904      
232           232           -15.8087      -11.0644      -26.8731      -26.8731      
233           233           -15.6284      -13.5079      -29.1363      -29.1363      
234           234           -11.8615      -13.6017      -25.4632      -25.4632      
235           235           -13.3011      -14.7547      -28.0558      -28.0558      
236           236           -11.0326      -16.5495      -27.5821      -27.5821      
237           237           -14.6599      -15.8541      -30.514       -30.514       
238           238           -13.3299      -15.8223      -29.1522      -29.1522      
239           239           -13.3955      -11.3416      -24.7371      -24.7371      
240           240           -3.4162       -14.1121      -17.5283      -17.5283      
241           241           -4.6753       -12.5042      -17.1795      -17.1795      
242           242           -4.7109       -13.259       -17.9699      -17.9699      
243           243           -2.5672       -14.34        -16.9072      -16.9072      
244           244           -4.8977       -12.0403      -16.938       -16.938       
245           245           -3.4894       -15.0074      -18.4968      -18.4968      
246           246           -6.6486       -10.5257      -17.1743      -17.1743      
247           247           -3.734        -13.622       -17.356       -17.356       
248           248           -6.1333       -13.9193      -20.0526      -20.0526      
249           249           -5.0719       -11.8496      -16.9215      -16.9215      
250           250           +0.3411       -14.4784      -14.1373      -14.1373      
251           251           -3.6284       -12.7078      -16.3362      -16.3362      
252           252           +0.2664       -14.0896      -13.8232      -13.8232      
253           253           -2.519        -14.1757      -16.6947      -16.6947      
254           254           -12.1706      -14.0563      -26.2269      -26.2269      
255           255           -14.5425      -10.8437      -25.3862      -25.3862      
256           256           -16.5645      -11.3825      -27.947       -27.947       
257           257           -15.3217      -13.5241      -28.8458      -28.8458      
258           258           -12.9905      -13.2056      -26.1961      -26.1961      
259           259           -17.0671      -13.4578      -30.5249      -30.5249      
260           260           -11.9966      -15.4477      -27.4443      -27.4443      
261           261           -13.2559      -12.4109      -25.6668      -25.6668      
262           262           -10.1037      -15.1691      -25.2728      -25.2728      
263           263           -11.852       -12.9152      -24.7672      -24.7672      
264           264           -12.2316      -11.6329      -23.8645      -23.8645      
265           265           -9.0559       -14.4567      -23.5126      -23.5126      
266           266           -10.0922      -11.3234      -21.4156      -21.4156      
267           267           -13.6081      -12.6483      -26.2564      -26.2564      
268           268           -9.1629       -13.405       -22.5679      -22.5679      
269           269           -11.8856      -13.925       -25.8106      -25.8106      
270           270           -12.6915      -11.7873      -24.4788      -24.4788      
271           271           -13.6631      -15.4956      -29.1587      -29.1587      
272           272           -8.6236       -17.3523      -25.9759      -25.9759      
273           273           -15.5655      -10.2599      -25.8254      -25.8254      
274           274           -9.9579       -15.2332      -25.1911      -25.1911      
275           275           -14.5727      -12.3898      -26.9625      -26.9625      
276           276           -13.1626      -10.6836      -23.8462      -23.8462      
277           277           -14.7395      -13.3051      -28.0446      -28.0446      
278           278           -3.9021       -13.557       -17.4591      -17.4591      
279           279           -2.2498       -12.7709      -15.0207      -15.0207      
280           280           -6.4838       -12.3014      -18.7852      -18.7852      
281           281           -5.5993       -12.1149      -17.7142      -17.7142      
282           282           -5.0814       -14.1809      -19.2623      -19.2623      
283           283           -10.3632      -14.5752      -24.9384      -24.9384      
284           284           -1.6976       -13.9764      -15.674       -15.674       
285           285           -6.4435       -12.907       -19.3505      -19.3505      
286           286           -3.0415       -12.5045      -15.546       -15.546       
287           287           -3.8557       -14.9665      -18.8222      -18.8222      
288           288           -2.5044       -13.0343      -15.5387      -15.5387      
289           289           -4.468        -14.2008      -18.6688      -18.6688      
290           290           -6.9808       -14.8616      -21.8424      -21.8424      
291           291           -7.6692       -13.755       -21.4242      -21.4242      
292           292           -1.8877       -12.5221      -14.4098      -14.4098      
293           293           -5.2237       -11.8315      -17.0552      -17.0552      
294           294           -4.905        -10.9981      -15.9031      -15.9031      
295           295           -6.5411       -12.9884      -19.5295      -19.5295      
296           296           -3.275        -13.1972      -16.4722      -16.4722      
297           297           -3.5891       -9.7055       -13.2946      -13.2946      
298           298           -5.2611       -11.642       -16.9031      -16.9031      
299           299           -6.0845       -11.207       -17.2915      -17.2915      
300           300           -8.6407       -11.32        -19.9607      -19.9607      
301           301           -2.6962       -10.0631      -12.7593      -12.7593      
302           302           -0.6197       -8.8925       -9.5122       -9.5122       
303           303           +1.8363       -10.0371      -8.2008       -8.2008       
304           304           +4.2665       -10.2707      -6.0042       -6.0042       
305           305           -0.225        -9.9351       -10.1601      -10.1601      
306           306           -0.3588       -15.006       -15.3648      -15.3648      
307           307           -3.465        -12.1641      -15.6291      -15.6291      
308           308           -5.8629       -12.2898      -18.1527      -18.1527      
309           309           -2.0364       -12.2242      -14.2606      -14.2606      
310           310           -7.1216       -11.0786      -18.2002      -18.2002      
311           311           -2.4153       -13.3729      -15.7882      -15.7882      
312           312           -0.0215       -13.8102      -13.8317      -13.8317      
313           313           +2.0908       -13.9333      -11.8425      -11.8425      
314           314           -1.1114       -13.9038      -15.0152      -15.0152      
315           315           -1.9877       -13.6951      -15.6828      -15.6828      
316           316           -7.615        -12.4723      -20.0873      -20.0873      
317           317           -4.9527       -12.4621      -17.4148      -17.4148      
318           318           -7.3144       -12.1799      -19.4943      -19.4943      
319           319           -11.2531      -12.4945      -23.7476      -23.7476      
320           320           -11.5381      -13.5822      -25.1203      -25.1203      
321           321           -14.6752      -7.3277       -22.0029      -22.0029      
322           322           -10.5285      -14.2028      -24.7313      -24.7313      
323           323           -13.6665      -11.426       -25.0925      -25.0925      
324           324           -13.0375      -12.3125      -25.35        -25.35        
325           325           -8.0953       -12.0415      -20.1368      -20.1368      
326           326           -12.5011      -14.1191      -26.6202      -26.6202      
327           327           -11.7777      -12.5792      -24.3569      -24.3569      
328           328           -9.103        -15.3225      -24.4255      -24.4255      
329           329           -13.2524      -10.2391      -23.4915      -23.4915      
330           330           -9.9032       -14.037       -23.9402      -23.9402      
331           331           -10.9406      -13.6935      -24.6341      -24.6341      
332           332           -9.8036       -12.7086      -22.5122      -22.5122      
333           333           -14.3396      -10.5264      -24.866       -24.866       
334           334           -14.1022      -14.2656      -28.3678      -28.3678      
335           335           -12.4564      -12.4177      -24.8741      -24.8741      
336           336           -14.3417      -9.8937       -24.2354      -24.2354      
337           337           -13.2765      -9.4082       -22.6847      -22.6847      
338           338           -13.5569      -11.6607      -25.2176      -25.2176      
339           339           -15.0361      -12.8935      -27.9296      -27.9296      
340           340           -3.9202       -15.0299      -18.9501      -18.9501      
341           341           -11.7056      -12.6709      -24.3765      -24.3765      
342           342           -4.542        -13.3041      -17.8461      -17.8461      
343           343           -2.4547       -14.3863      -16.841       -16.841       
344           344           -4.2038       -13.6535      -17.8573      -17.8573      
345           345           -5.0054       -13.3389      -18.3443      -18.3443      
346           346           -6.2637       -13.9476      -20.2113      -20.2113      
347           347           -8.2055       -12.9044      -21.1099      -21.1099      
348           348           -8.1789       -12.4951      -20.674       -20.674       
349           349           -8.6092       -13.174       -21.7832      -21.7832      
350           350           -8.2513       -12.2638      -20.5151      -20.5151      
351           351           -8.9853       -15.3321      -24.3174      -24.3174      
352           352           -8.402        -12.4195      -20.8215      -20.8215      
353           353           -7.4713       -13.8207      -21.292       -21.292       
354           354           -8.5943       -12.2259      -20.8202      -20.8202      
355           355           -6.6415       -13.3682      -20.0097      -20.0097      
