Frame         Time          Elec          VdW           Nonbond       Total         
0             0             +0            +0            +0            +0            
1             1             +0            +0            +0            +0            
2             2             +0            +0            +0            +0            
3             3             +0            +0            +0            +0            
4             4             +0            +0            +0            +0            
5             5             +0            +0            +0            +0            
6             6             +0            +0            +0            +0            
7             7             +0            +0            +0            +0            
8             8             +0            +0            +0            +0            
9             9             +0            +0            +0            +0            
10            10            +0            +0            +0            +0            
11            11            +0            +0            +0            +0            
12            12            +0            +0            +0            +0            
13            13            +0            +0            +0            +0            
14            14            +0            +0            +0            +0            
15            15            +0            +0            +0            +0            
16            16            +0            +0            +0            +0            
17            17            +0            +0            +0            +0            
18            18            +0            +0            +0            +0            
19            19            +0            +0            +0            +0            
20            20            +0            +0            +0            +0            
21            21            +0            +0            +0            +0            
22            22            +0            +0            +0            +0            
23            23            +0            +0            +0            +0            
24            24            +0            +0            +0            +0            
25            25            +0            +0            +0            +0            
26            26            +0            +0            +0            +0            
27            27            +0            +0            +0            +0            
28            28            +0            +0            +0            +0            
29            29            +0            +0            +0            +0            
30            30            +0            +0            +0            +0            
31            31            +0            +0            +0            +0            
32            32            +0            +0            +0            +0            
33            33            +0            +0            +0            +0            
34            34            +0            +0            +0            +0            
35            35            +0            +0            +0            +0            
36            36            +0            +0            +0            +0            
37            37            +0            +0            +0            +0            
38            38            +0            +0            +0            +0            
39            39            +0            +0            +0            +0            
40            40            +0            +0            +0            +0            
41            41            +0            +0            +0            +0            
42            42            +0            +0            +0            +0            
43            43            +0            +0            +0            +0            
44            44            +0            +0            +0            +0            
45            45            +0            +0            +0            +0            
46            46            +0            +0            +0            +0            
47            47            +0            +0            +0            +0            
48            48            +0            +0            +0            +0            
49            49            +0            +0            +0            +0            
50            50            +0            +0            +0            +0            
51            51            +0            +0            +0            +0            
52            52            +0            +0            +0            +0            
53            53            +0            +0            +0            +0            
54            54            +0            +0            +0            +0            
55            55            +0            +0            +0            +0            
56            56            +0            +0            +0            +0            
57            57            +0            +0            +0            +0            
58            58            +0            +0            +0            +0            
59            59            +0            +0            +0            +0            
60            60            +0            +0            +0            +0            
61            61            +0            +0            +0            +0            
62            62            +0            +0            +0            +0            
63            63            +0            +0            +0            +0            
64            64            +0            +0            +0            +0            
65            65            +0            +0            +0            +0            
66            66            +0            +0            +0            +0            
67            67            +0            +0            +0            +0            
68            68            +0            +0            +0            +0            
69            69            +0            +0            +0            +0            
70            70            +0            +0            +0            +0            
71            71            +0            +0            +0            +0            
72            72            +0            +0            +0            +0            
73            73            +0            +0            +0            +0            
74            74            +0            +0            +0            +0            
75            75            +0            +0            +0            +0            
76            76            +0            +0            +0            +0            
77            77            +0            +0            +0            +0            
78            78            +0            +0            +0            +0            
79            79            +0            +0            +0            +0            
80            80            +0            +0            +0            +0            
81            81            +0            +0            +0            +0            
82            82            +0            +0            +0            +0            
83            83            +0            +0            +0            +0            
84            84            +0            +0            +0            +0            
85            85            +0            +0            +0            +0            
86            86            +0            +0            +0            +0            
87            87            +0            +0            +0            +0            
88            88            +0            +0            +0            +0            
89            89            +0            +0            +0            +0            
90            90            +0            +0            +0            +0            
91            91            +0            +0            +0            +0            
92            92            +0            +0            +0            +0            
93            93            +0            +0            +0            +0            
94            94            +0            +0            +0            +0            
95            95            +0            +0            +0            +0            
96            96            +0            +0            +0            +0            
97            97            +0            +0            +0            +0            
98            98            +0            +0            +0            +0            
99            99            +0.0371       -0            +0.0371       +0.0371       
100           100           +0            +0            +0            +0            
101           101           +0            +0            +0            +0            
102           102           +0            +0            +0            +0            
103           103           +0            +0            +0            +0            
104           104           +0            +0            +0            +0            
105           105           +0            +0            +0            +0            
106           106           -0.4578       -0.0001       -0.4579       -0.4579       
107           107           +0            +0            +0            +0            
108           108           +0            +0            +0            +0            
109           109           +0            +0            +0            +0            
110           110           +0            +0            +0            +0            
111           111           +0            +0            +0            +0            
112           112           +0            +0            +0            +0            
113           113           +0            +0            +0            +0            
114           114           +0            +0            +0            +0            
115           115           +0            +0            +0            +0            
116           116           +0            +0            +0            +0            
117           117           +0            +0            +0            +0            
118           118           +0            +0            +0            +0            
119           119           +0            +0            +0            +0            
120           120           -0.0104       -0            -0.0104       -0.0104       
121           121           +0.2876       -0.0073       +0.2803       +0.2803       
122           122           -0.2244       -0.0179       -0.2423       -0.2423       
123           123           +1.9554       -0.1782       +1.7772       +1.7772       
124           124           +1.9917       -0.166        +1.8257       +1.8257       
125           125           +1.5929       -0.4728       +1.1201       +1.1201       
126           126           +4.3841       -0.1347       +4.2494       +4.2494       
127           127           +0.6567       -0.0075       +0.6492       +0.6492       
128           128           +0.0093       -0            +0.0093       +0.0093       
129           129           -0.1207       -0.0002       -0.1209       -0.1209       
130           130           -0.9706       -0.001        -0.9716       -0.9716       
131           131           -1.7804       -0.0331       -1.8135       -1.8135       
132           132           -1.4608       -0.0205       -1.4813       -1.4813       
133           133           -1.8708       -0.0427       -1.9135       -1.9135       
134           134           +0.0001       -0            +0.0001       +0.0001       
135           135           -0.1838       -0.0002       -0.184        -0.184        
136           136           +0.0103       -0            +0.0103       +0.0103       
137           137           -0.1505       -0.0003       -0.1508       -0.1508       
138           138           +0            +0            +0            +0            
139           139           -0.645        -0.0264       -0.6714       -0.6714       
140           140           +0.1262       -0.008        +0.1182       +0.1182       
141           141           -2.4099       -0.1866       -2.5965       -2.5965       
142           142           +0.6265       -0.1217       +0.5048       +0.5048       
143           143           -0.1193       -0.0255       -0.1448       -0.1448       
144           144           -0.1635       -0.0092       -0.1727       -0.1727       
145           145           +0.3417       -0.0049       +0.3368       +0.3368       
146           146           +0.0021       -0            +0.0021       +0.0021       
147           147           +0.017        -0            +0.017        +0.017        
148           148           +0            +0            +0            +0            
149           149           +0            +0            +0            +0            
150           150           +0            +0            +0            +0            
151           151           +0            +0            +0            +0            
152           152           +0            +0            +0            +0            
153           153           -0.4755       -0.0006       -0.4761       -0.4761       
154           154           -1.6172       -0.0492       -1.6664       -1.6664       
155           155           -0.3759       -0.0031       -0.379        -0.379        
156           156           +0.0693       -0            +0.0693       +0.0693       
157           157           -0.4551       -0.0044       -0.4595       -0.4595       
158           158           -0.314        -0.0059       -0.3199       -0.3199       
159           159           -0.1939       -0.0007       -0.1946       -0.1946       
160           160           +0            +0            +0            +0            
161           161           +0            +0            +0            +0            
162           162           +0            +0            +0            +0            
163           163           +0            +0            +0            +0            
164           164           +0            +0            +0            +0            
165           165           -0.025        -0            -0.025        -0.025        
166           166           -0.1467       -0.0001       -0.1468       -0.1468       
167           167           -0.2765       -0.0002       -0.2767       -0.2767       
168           168           -0.4669       -0.0009       -0.4678       -0.4678       
169           169           -0.1729       -0.0006       -0.1735       -0.1735       
170           170           +0.0615       -0            +0.0615       +0.0615       
171           171           -0.1548       -0.0009       -0.1557       -0.1557       
172           172           +0            +0            +0            +0            
173           173           +0.0003       -0            +0.0003       +0.0003       
174           174           +0.0005       -0            +0.0005       +0.0005       
175           175           +0            +0            +0            +0            
176           176           +0            +0            +0            +0            
177           177           +0            +0            +0            +0            
178           178           +0            +0            +0            +0            
179           179           +0            +0            +0            +0            
180           180           +0            +0            +0            +0            
181           181           +0            +0            +0            +0            
182           182           +0            +0            +0            +0            
183           183           +0            +0            +0            +0            
184           184           +0            +0            +0            +0            
185           185           +0            +0            +0            +0            
186           186           +0            +0            +0            +0            
187           187           +0            +0            +0            +0            
188           188           +0            +0            +0            +0            
189           189           +0            +0            +0            +0            
190           190           +0            +0            +0            +0            
191           191           +0            +0            +0            +0            
192           192           +0            +0            +0            +0            
193           193           +0            +0            +0            +0            
194           194           +0            +0            +0            +0            
195           195           +0            +0            +0            +0            
196           196           +0            +0            +0            +0            
197           197           +0            +0            +0            +0            
198           198           +0            +0            +0            +0            
199           199           +0            +0            +0            +0            
200           200           +0            +0            +0            +0            
201           201           +0            +0            +0            +0            
202           202           +0            +0            +0            +0            
203           203           +0            +0            +0            +0            
204           204           +0            +0            +0            +0            
205           205           +0            +0            +0            +0            
206           206           +0            +0            +0            +0            
207           207           +0            +0            +0            +0            
208           208           +0            +0            +0            +0            
209           209           +0            +0            +0            +0            
210           210           +0            +0            +0            +0            
211           211           +0            +0            +0            +0            
212           212           +0            +0            +0            +0            
213           213           +0            +0            +0            +0            
214           214           +0            +0            +0            +0            
215           215           +0            +0            +0            +0            
216           216           +0            +0            +0            +0            
217           217           +0            +0            +0            +0            
218           218           +0            +0            +0            +0            
219           219           +0            +0            +0            +0            
220           220           +0            +0            +0            +0            
221           221           +0            +0            +0            +0            
222           222           +0            +0            +0            +0            
223           223           +0            +0            +0            +0            
224           224           +0            +0            +0            +0            
225           225           +0            +0            +0            +0            
226           226           +0            +0            +0            +0            
227           227           +0            +0            +0            +0            
228           228           +0            +0            +0            +0            
229           229           +0            +0            +0            +0            
230           230           +0            +0            +0            +0            
231           231           +0            +0            +0            +0            
232           232           +0            +0            +0            +0            
233           233           +0            +0            +0            +0            
234           234           +0            +0            +0            +0            
235           235           +0            +0            +0            +0            
236           236           +0            +0            +0            +0            
237           237           +0            +0            +0            +0            
238           238           +0            +0            +0            +0            
239           239           +0            +0            +0            +0            
240           240           +0            +0            +0            +0            
241           241           +0            +0            +0            +0            
242           242           +0            +0            +0            +0            
243           243           +0            +0            +0            +0            
244           244           +0            +0            +0            +0            
245           245           +0            +0            +0            +0            
246           246           +0            +0            +0            +0            
247           247           +0            +0            +0            +0            
248           248           +0            +0            +0            +0            
249           249           +0            +0            +0            +0            
250           250           +0            +0            +0            +0            
251           251           +0            +0            +0            +0            
252           252           +0            +0            +0            +0            
253           253           +0.0253       -0            +0.0253       +0.0253       
254           254           +0            +0            +0            +0            
255           255           +0            +0            +0            +0            
256           256           +0            +0            +0            +0            
257           257           +0            +0            +0            +0            
258           258           +0            +0            +0            +0            
259           259           +0            +0            +0            +0            
260           260           +0            +0            +0            +0            
261           261           +0            +0            +0            +0            
262           262           +0            +0            +0            +0            
263           263           +0            +0            +0            +0            
264           264           +0            +0            +0            +0            
265           265           +0            +0            +0            +0            
266           266           +0            +0            +0            +0            
267           267           +0            +0            +0            +0            
268           268           +0            +0            +0            +0            
269           269           +0            +0            +0            +0            
270           270           +0            +0            +0            +0            
271           271           +0            +0            +0            +0            
272           272           +0            +0            +0            +0            
273           273           +0            +0            +0            +0            
274           274           +0            +0            +0            +0            
275           275           +0            +0            +0            +0            
276           276           +0            +0            +0            +0            
277           277           -0.0047       -0            -0.0047       -0.0047       
278           278           +0            +0            +0            +0            
279           279           +0            +0            +0            +0            
280           280           +0            +0            +0            +0            
281           281           +0            +0            +0            +0            
282           282           +0            +0            +0            +0            
283           283           +0            +0            +0            +0            
284           284           +0            +0            +0            +0            
285           285           +0            +0            +0            +0            
286           286           +0            +0            +0            +0            
287           287           +0            +0            +0            +0            
288           288           +0            +0            +0            +0            
289           289           +0            +0            +0            +0            
290           290           +0            +0            +0            +0            
291           291           +0            +0            +0            +0            
292           292           +0            +0            +0            +0            
293           293           +0            +0            +0            +0            
294           294           +0            +0            +0            +0            
295           295           +0            +0            +0            +0            
296           296           +0            +0            +0            +0            
297           297           +0            +0            +0            +0            
298           298           +0            +0            +0            +0            
299           299           +0            +0            +0            +0            
300           300           +0            +0            +0            +0            
301           301           +0            +0            +0            +0            
302           302           +0            +0            +0            +0            
303           303           +0            +0            +0            +0            
304           304           +0            +0            +0            +0            
305           305           +0            +0            +0            +0            
306           306           +0            +0            +0            +0            
307           307           +0            +0            +0            +0            
308           308           +0            +0            +0            +0            
309           309           +1.8899       -0.1406       +1.7493       +1.7493       
310           310           +1.7639       -0.0924       +1.6715       +1.6715       
311           311           +4.9967       -0.1303       +4.8664       +4.8664       
312           312           +0.4231       -0.0011       +0.422        +0.422        
313           313           -0.0197       -0.0006       -0.0203       -0.0203       
314           314           +0            +0            +0            +0            
315           315           +0.1599       -0.0001       +0.1598       +0.1598       
316           316           +0.0065       -0            +0.0065       +0.0065       
317           317           -0.0066       -0            -0.0066       -0.0066       
318           318           +0            +0            +0            +0            
319           319           -0.3647       -0.0072       -0.3719       -0.3719       
320           320           +0            +0            +0            +0            
321           321           -0.0001       -0            -0.0001       -0.0001       
322           322           +0            +0            +0            +0            
323           323           +0            +0            +0            +0            
324           324           +0            +0            +0            +0            
325           325           +0            +0            +0            +0            
326           326           +0            +0            +0            +0            
327           327           +0            +0            +0            +0            
328           328           +0            +0            +0            +0            
329           329           +0            +0            +0            +0            
330           330           +0            +0            +0            +0            
331           331           -0.1327       -0            -0.1327       -0.1327       
332           332           -2.9346       -0.1074       -3.042        -3.042        
333           333           +3.5008       -0.0591       +3.4417       +3.4417       
334           334           +5.8498       -0.0984       +5.7514       +5.7514       
335           335           +2.553        -0.0203       +2.5327       +2.5327       
336           336           +1.635        -0.007        +1.628        +1.628        
337           337           +3.8887       -0.1291       +3.7596       +3.7596       
338           338           +6.3455       -0.1727       +6.1728       +6.1728       
339           339           +4.5836       -0.1405       +4.4431       +4.4431       
340           340           +9.4236       -0.2979       +9.1257       +9.1257       
341           341           +8.8365       -0.3078       +8.5287       +8.5287       
342           342           +3.3026       -0.1041       +3.1985       +3.1985       
343           343           +5.513        -0.2136       +5.2994       +5.2994       
344           344           -1.4282       -0.1054       -1.5336       -1.5336       
345           345           +2.1117       -0.2597       +1.852        +1.852        
346           346           +4.7514       -1.2686       +3.4828       +3.4828       
347           347           -0.0277       -1.805        -1.8327       -1.8327       
348           348           +0.7348       -0.886        -0.1512       -0.1512       
349           349           -1.4099       -0.4133       -1.8232       -1.8232       
350           350           -1.717        -1.3707       -3.0877       -3.0877       
351           351           +0.4929       -0.8209       -0.328        -0.328        
352           352           +0.5523       -0.2424       +0.3099       +0.3099       
353           353           -1.8855       -0.8511       -2.7366       -2.7366       
354           354           -5.5633       -0.8014       -6.3647       -6.3647       
355           355           -2.8621       -0.8323       -3.6944       -3.6944       
356           356           -6.165        -0.8053       -6.9703       -6.9703       
357           357           -2.529        -1.0363       -3.5653       -3.5653       
358           358           -0.9544       -1.5489       -2.5033       -2.5033       
359           359           +0.2295       -0.7918       -0.5623       -0.5623       
360           360           +1.6076       -0.5989       +1.0087       +1.0087       
361           361           +1.3591       -0.5655       +0.7936       +0.7936       
362           362           +1.8559       -0.4761       +1.3798       +1.3798       
363           363           -0.8435       -0.6569       -1.5004       -1.5004       
364           364           -0.3358       -1.2143       -1.5501       -1.5501       
365           365           -1.666        -0.4827       -2.1487       -2.1487       
366           366           -4.3881       -0.8857       -5.2738       -5.2738       
367           367           -4.4535       -0.4323       -4.8858       -4.8858       
368           368           -1.3133       -0.1609       -1.4742       -1.4742       
369           369           -3.3665       -0.1667       -3.5332       -3.5332       
370           370           -1.6652       -0.0948       -1.76         -1.76         
371           371           -6.4813       -0.2174       -6.6987       -6.6987       
372           372           -1.9443       -0.1721       -2.1164       -2.1164       
373           373           -2.986        -0.1953       -3.1813       -3.1813       
374           374           -2.9932       -0.2795       -3.2727       -3.2727       
375           375           -5.0852       -0.2557       -5.3409       -5.3409       
376           376           -2.7908       -0.2787       -3.0695       -3.0695       
377           377           -4.0488       -0.1873       -4.2361       -4.2361       
378           378           -0.6655       -0.0995       -0.765        -0.765        
379           379           -0.3494       -0.1008       -0.4502       -0.4502       
380           380           -0.5506       -0.0886       -0.6392       -0.6392       
381           381           -4.5754       -0.1395       -4.7149       -4.7149       
382           382           -5.47         -0.2483       -5.7183       -5.7183       
383           383           -4.1566       -0.1775       -4.3341       -4.3341       
384           384           -1.266        -0.1077       -1.3737       -1.3737       
385           385           +0.4588       -0.1042       +0.3546       +0.3546       
386           386           -1.0442       -0.0398       -1.084        -1.084        
387           387           -3.6861       -0.1286       -3.8147       -3.8147       
388           388           -1.7818       -0.0399       -1.8217       -1.8217       
389           389           -1.372        -0.0427       -1.4147       -1.4147       
390           390           -2.3285       -0.0583       -2.3868       -2.3868       
391           391           -0.4996       -0.1387       -0.6383       -0.6383       
392           392           -0.2102       -0.2177       -0.4279       -0.4279       
393           393           +0.5953       -0.1173       +0.478        +0.478        
394           394           -0.5588       -0.0589       -0.6177       -0.6177       
395           395           -1.5369       -0.0562       -1.5931       -1.5931       
396           396           -0.0508       -0.0262       -0.077        -0.077        
397           397           -2.1622       -0.0348       -2.197        -2.197        
398           398           -3.4594       -0.2637       -3.7231       -3.7231       
399           399           -4.5727       -0.4184       -4.9911       -4.9911       
400           400           -8.6369       -0.8286       -9.4655       -9.4655       
