Frame         Time          Elec          VdW           Nonbond       Total         
0             0             +0            +0            +0            +0            
1             1             +0            +0            +0            +0            
2             2             +0            +0            +0            +0            
3             3             +0            +0            +0            +0            
4             4             +0            +0            +0            +0            
5             5             +0.4914       -0.009        +0.4824       +0.4824       
6             6             +0            +0            +0            +0            
7             7             +0            +0            +0            +0            
8             8             +0            +0            +0            +0            
9             9             +1.2507       -0.0609       +1.1898       +1.1898       
10            10            -0.986        -0.3157       -1.3017       -1.3017       
11            11            +0.0444       -0.3012       -0.2568       -0.2568       
12            12            -0.4657       -0.0116       -0.4773       -0.4773       
13            13            +1.1846       -0.1221       +1.0625       +1.0625       
14            14            +0.7141       -0.1192       +0.5949       +0.5949       
15            15            +4.4186       -0.083        +4.3356       +4.3356       
16            16            +3.2027       -0.2127       +2.99         +2.99         
17            17            -1.7774       -0.133        -1.9104       -1.9104       
18            18            -5.7713       -0.3322       -6.1035       -6.1035       
19            19            -2.6617       -0.0332       -2.6949       -2.6949       
20            20            -1.0959       -0.0092       -1.1051       -1.1051       
21            21            -3.6439       -0.0382       -3.6821       -3.6821       
22            22            -4.7477       -0.0288       -4.7765       -4.7765       
23            23            -5.7483       -0.5979       -6.3462       -6.3462       
24            24            -1.3469       -0.0903       -1.4372       -1.4372       
25            25            -4.2121       -0.1936       -4.4057       -4.4057       
26            26            -2.3917       -0.0115       -2.4032       -2.4032       
27            27            -1.3474       -0.0148       -1.3622       -1.3622       
28            28            -0.567        -0.0025       -0.5695       -0.5695       
29            29            -0.0585       -0            -0.0585       -0.0585       
30            30            +0            +0            +0            +0            
31            31            +0            +0            +0            +0            
32            32            +0            +0            +0            +0            
33            33            +0            +0            +0            +0            
34            34            +0            +0            +0            +0            
35            35            +0            -0            +0            +0            
36            36            +0            +0            +0            +0            
37            37            +0            +0            +0            +0            
38            38            +0            +0            +0            +0            
39            39            +0            +0            +0            +0            
40            40            +0            +0            +0            +0            
41            41            +0            +0            +0            +0            
42            42            +0.0009       -0            +0.0009       +0.0009       
43            43            +0            +0            +0            +0            
44            44            +0            +0            +0            +0            
45            45            +0            +0            +0            +0            
46            46            +0            +0            +0            +0            
47            47            +0            +0            +0            +0            
48            48            +0            +0            +0            +0            
49            49            +0            +0            +0            +0            
50            50            +0            +0            +0            +0            
51            51            +0            +0            +0            +0            
52            52            +0            +0            +0            +0            
53            53            +0            +0            +0            +0            
54            54            +0            +0            +0            +0            
55            55            +0            +0            +0            +0            
56            56            +0            +0            +0            +0            
57            57            +0            +0            +0            +0            
58            58            +0            +0            +0            +0            
59            59            +0            +0            +0            +0            
60            60            +0            +0            +0            +0            
61            61            +0            +0            +0            +0            
62            62            +0            +0            +0            +0            
63            63            +0            +0            +0            +0            
64            64            +0            +0            +0            +0            
65            65            +0            +0            +0            +0            
66            66            +0            +0            +0            +0            
67            67            +0            +0            +0            +0            
68            68            +0            +0            +0            +0            
69            69            +0            +0            +0            +0            
70            70            +1.5029       -0.0217       +1.4812       +1.4812       
71            71            +1.635        -0.1256       +1.5094       +1.5094       
72            72            +5.0393       -0.4559       +4.5834       +4.5834       
73            73            +6.6798       -0.3182       +6.3616       +6.3616       
74            74            +0.9339       -1.6108       -0.6769       -0.6769       
75            75            +1.9463       -0.0375       +1.9088       +1.9088       
76            76            +0.3664       -0.0004       +0.366        +0.366        
77            77            +0            +0            +0            +0            
78            78            -0.0402       -0.0398       -0.08         -0.08         
79            79            -2.0565       -0.0096       -2.0661       -2.0661       
80            80            -0.6687       -0.0068       -0.6755       -0.6755       
81            81            -0.6015       -0.002        -0.6035       -0.6035       
82            82            -2.7934       -0.0875       -2.8809       -2.8809       
83            83            -1.1448       -0.0155       -1.1603       -1.1603       
84            84            +2.0754       -0.0188       +2.0566       +2.0566       
85            85            -0.8908       -0.0258       -0.9166       -0.9166       
86            86            -1.5153       -0.0797       -1.595        -1.595        
87            87            -0.7194       -0.0358       -0.7552       -0.7552       
88            88            -0.1096       -0.0025       -0.1121       -0.1121       
89            89            +2.8769       -0.0096       +2.8673       +2.8673       
90            90            -0.0711       -0.0003       -0.0714       -0.0714       
91            91            -1.0395       -0.0199       -1.0594       -1.0594       
92            92            -1.7351       -0.5454       -2.2805       -2.2805       
93            93            -3.6147       -1.3523       -4.967        -4.967        
94            94            -12.5674      -1.0724       -13.6398      -13.6398      
95            95            -3.2635       -0.6164       -3.8799       -3.8799       
96            96            -1.3301       -0.0693       -1.3994       -1.3994       
97            97            +0.2558       -0.0048       +0.251        +0.251        
98            98            -2.6856       -0.0964       -2.782        -2.782        
99            99            -0.5081       -0.0041       -0.5122       -0.5122       
100           100           -2.3291       -0.1194       -2.4485       -2.4485       
101           101           +3.3202       -0.096        +3.2242       +3.2242       
102           102           +3.3314       -0.3872       +2.9442       +2.9442       
103           103           -4.933        -1.9414       -6.8744       -6.8744       
104           104           -3.1097       -3.6115       -6.7212       -6.7212       
105           105           -4.4789       -2.8997       -7.3786       -7.3786       
106           106           -5.7973       -2.0581       -7.8554       -7.8554       
107           107           -1.7173       -2.28         -3.9973       -3.9973       
108           108           -3.3802       -3.4362       -6.8164       -6.8164       
109           109           -4.2219       -3.6038       -7.8257       -7.8257       
110           110           -4.8726       -3.8928       -8.7654       -8.7654       
111           111           -10.1628      -2.8082       -12.971       -12.971       
112           112           -8.1226       -3.6798       -11.8024      -11.8024      
113           113           -6.3417       -3.845        -10.1867      -10.1867      
114           114           -5.828        -3.8018       -9.6298       -9.6298       
115           115           -6.2391       -3.8785       -10.1176      -10.1176      
116           116           -6.6244       -2.7509       -9.3753       -9.3753       
117           117           -6.0218       -2.4253       -8.4471       -8.4471       
118           118           -5.2487       -3.5881       -8.8368       -8.8368       
119           119           -0.5335       -2.3725       -2.906        -2.906        
120           120           +1.2552       -0.0306       +1.2246       +1.2246       
121           121           +0.3864       -0.0027       +0.3837       +0.3837       
122           122           -2.0588       -0.0288       -2.0876       -2.0876       
123           123           -4.0641       -0.0785       -4.1426       -4.1426       
124           124           -1.2023       -0.033        -1.2353       -1.2353       
125           125           -0.6257       -0.0086       -0.6343       -0.6343       
126           126           -0.1315       -0.0014       -0.1329       -0.1329       
127           127           +0            +0            +0            +0            
128           128           +0            +0            +0            +0            
129           129           -1.7827       -0.0195       -1.8022       -1.8022       
130           130           +0.1769       -0.0014       +0.1755       +0.1755       
131           131           -0.6235       -0.0163       -0.6398       -0.6398       
132           132           -4.6927       -0.1477       -4.8404       -4.8404       
133           133           -2.7672       -0.0296       -2.7968       -2.7968       
134           134           +0.2825       -0.0005       +0.282        +0.282        
135           135           +0            +0            +0            +0            
136           136           +0            +0            +0            +0            
137           137           +0            +0            +0            +0            
138           138           +0            +0            +0            +0            
139           139           +0            +0            +0            +0            
140           140           -0            -0            -0            -0            
141           141           +0            +0            +0            +0            
142           142           +0            +0            +0            +0            
143           143           +0            +0            +0            +0            
144           144           +0.0233       -0            +0.0233       +0.0233       
145           145           +0.3782       -0.0174       +0.3608       +0.3608       
146           146           -0.3979       -0.0033       -0.4012       -0.4012       
147           147           +0            +0            +0            +0            
148           148           +0            +0            +0            +0            
149           149           +0            +0            +0            +0            
150           150           +0            +0            +0            +0            
151           151           +0            +0            +0            +0            
152           152           +0            +0            +0            +0            
153           153           +0            +0            +0            +0            
154           154           +0            +0            +0            +0            
155           155           +0            +0            +0            +0            
156           156           +0            +0            +0            +0            
157           157           +0            +0            +0            +0            
158           158           +0            +0            +0            +0            
159           159           +0            +0            +0            +0            
160           160           +0            +0            +0            +0            
161           161           +0            +0            +0            +0            
162           162           +0            +0            +0            +0            
163           163           +0            +0            +0            +0            
164           164           +0            +0            +0            +0            
165           165           +0            +0            +0            +0            
166           166           +0            +0            +0            +0            
167           167           +0            +0            +0            +0            
168           168           +0            +0            +0            +0            
169           169           +0            +0            +0            +0            
170           170           +0            +0            +0            +0            
171           171           +0            +0            +0            +0            
172           172           +0            +0            +0            +0            
173           173           +0            +0            +0            +0            
174           174           +0            +0            +0            +0            
175           175           +0            +0            +0            +0            
176           176           +0            +0            +0            +0            
177           177           +0            +0            +0            +0            
178           178           +0            +0            +0            +0            
179           179           +0            +0            +0            +0            
180           180           +0            +0            +0            +0            
181           181           +0            +0            +0            +0            
182           182           +0            +0            +0            +0            
183           183           +0            +0            +0            +0            
184           184           +0            +0            +0            +0            
185           185           +0            +0            +0            +0            
186           186           +0            +0            +0            +0            
187           187           +0            +0            +0            +0            
188           188           +0            +0            +0            +0            
189           189           +0            +0            +0            +0            
190           190           +0            +0            +0            +0            
191           191           +0            +0            +0            +0            
192           192           +0            +0            +0            +0            
193           193           +0            +0            +0            +0            
194           194           +0            +0            +0            +0            
195           195           +0            +0            +0            +0            
196           196           +0            +0            +0            +0            
197           197           +0            +0            +0            +0            
198           198           +0            +0            +0            +0            
199           199           +0            +0            +0            +0            
200           200           +0            +0            +0            +0            
201           201           +0            +0            +0            +0            
202           202           +0            +0            +0            +0            
203           203           +0            +0            +0            +0            
204           204           +0            +0            +0            +0            
205           205           +0            +0            +0            +0            
206           206           +1.5333       -0.0341       +1.4992       +1.4992       
207           207           +0.5787       -0.0061       +0.5726       +0.5726       
208           208           +2.6159       -0.1506       +2.4653       +2.4653       
209           209           +0.9242       -0.0152       +0.909        +0.909        
210           210           -0.1561       -0.0181       -0.1742       -0.1742       
211           211           +0            +0            +0            +0            
212           212           +0.4626       -0.0011       +0.4615       +0.4615       
213           213           +0.1616       -0.0009       +0.1607       +0.1607       
214           214           +0            +0            +0            +0            
215           215           +0            +0            +0            +0            
216           216           +0.0508       -0.0001       +0.0507       +0.0507       
217           217           +0.0073       -0            +0.0073       +0.0073       
218           218           +0            +0            +0            +0            
219           219           +0            +0            +0            +0            
220           220           +0            +0            +0            +0            
221           221           +0            +0            +0            +0            
222           222           +0            +0            +0            +0            
223           223           +0.02         -0            +0.02         +0.02         
224           224           +0            +0            +0            +0            
225           225           +0            +0            +0            +0            
226           226           +0            +0            +0            +0            
227           227           +0            +0            +0            +0            
228           228           +0            +0            +0            +0            
229           229           +0            +0            +0            +0            
230           230           +0            +0            +0            +0            
231           231           +0            +0            +0            +0            
232           232           +0            +0            +0            +0            
233           233           +0            +0            +0            +0            
234           234           +0            +0            +0            +0            
235           235           +0            +0            +0            +0            
236           236           +0            +0            +0            +0            
237           237           +0            +0            +0            +0            
238           238           +0            +0            +0            +0            
239           239           +0            +0            +0            +0            
240           240           +0            +0            +0            +0            
241           241           +0            +0            +0            +0            
242           242           -4.8785       -0.2513       -5.1298       -5.1298       
243           243           -1.9251       -0.0481       -1.9732       -1.9732       
244           244           -0.8471       -0.1105       -0.9576       -0.9576       
245           245           -3.4379       -1.3212       -4.7591       -4.7591       
246           246           -4.3429       -0.0788       -4.4217       -4.4217       
247           247           -3.7318       -0.118        -3.8498       -3.8498       
248           248           -0.6275       -0.0028       -0.6303       -0.6303       
249           249           -0.9969       -0.1131       -1.11         -1.11         
250           250           -2.9958       -0.0117       -3.0075       -3.0075       
251           251           -1.0325       -0.0181       -1.0506       -1.0506       
252           252           -1.2299       -0.0182       -1.2481       -1.2481       
253           253           -0.0171       -0            -0.0171       -0.0171       
254           254           -2.0716       -0.0132       -2.0848       -2.0848       
255           255           -2.9528       -0.265        -3.2178       -3.2178       
256           256           +0.2833       -0.0011       +0.2822       +0.2822       
257           257           -0.0119       -0            -0.0119       -0.0119       
258           258           +0.067        -0            +0.067        +0.067        
259           259           +0.0108       -0            +0.0108       +0.0108       
260           260           -3.5095       -0.0784       -3.5879       -3.5879       
261           261           +0            +0            +0            +0            
262           262           +0            +0            +0            +0            
263           263           +0            +0            +0            +0            
264           264           +0.0448       -0            +0.0448       +0.0448       
265           265           -0.4893       -0.0003       -0.4896       -0.4896       
266           266           +0.0189       -0.0002       +0.0187       +0.0187       
267           267           +0            +0            +0            +0            
268           268           +0.0067       -0            +0.0067       +0.0067       
269           269           +0            +0            +0            +0            
270           270           +0            +0            +0            +0            
271           271           +0            +0            +0            +0            
272           272           +0.0058       -0            +0.0058       +0.0058       
273           273           +0            +0            +0            +0            
274           274           +0            +0            +0            +0            
275           275           +0            +0            +0            +0            
276           276           +0.1383       -0.0001       +0.1382       +0.1382       
277           277           +0.2786       -0.3782       -0.0996       -0.0996       
278           278           -2.662        -0.0389       -2.7009       -2.7009       
279           279           -3.3232       -0.1958       -3.519        -3.519        
280           280           -1.0535       -0.2081       -1.2616       -1.2616       
281           281           -0.736        -0.0005       -0.7365       -0.7365       
282           282           +0.0234       -1.0582       -1.0348       -1.0348       
283           283           -1.0268       -0.0063       -1.0331       -1.0331       
284           284           -0.1209       -0.002        -0.1229       -0.1229       
285           285           -1.6723       -0.0078       -1.6801       -1.6801       
286           286           -2.8767       -0.0636       -2.9403       -2.9403       
287           287           +0.41         -0.001        +0.409        +0.409        
288           288           +0            +0            +0            +0            
289           289           +0            +0            +0            +0            
290           290           +0.0321       -0            +0.0321       +0.0321       
291           291           +0.2254       -0.0001       +0.2253       +0.2253       
292           292           +0            +0            +0            +0            
293           293           +0.1225       -0.0002       +0.1223       +0.1223       
294           294           +0            +0            +0            +0            
295           295           +0            +0            +0            +0            
296           296           +0            +0            +0            +0            
297           297           +0.0001       -0            +0.0001       +0.0001       
298           298           +0            +0            +0            +0            
299           299           -0.1267       -0.0005       -0.1272       -0.1272       
300           300           -0.0195       -0            -0.0195       -0.0195       
301           301           -1.6224       -0.0328       -1.6552       -1.6552       
302           302           +0            +0            +0            +0            
303           303           +0.4198       -0.0013       +0.4185       +0.4185       
304           304           +0.3438       -0.001        +0.3428       +0.3428       
305           305           +0.3154       -0.0207       +0.2947       +0.2947       
306           306           +0.2868       -0.0242       +0.2626       +0.2626       
307           307           -0.174        -0.0352       -0.2092       -0.2092       
308           308           +0.1856       -0.0003       +0.1853       +0.1853       
309           309           +0            +0            +0            +0            
310           310           +0.5909       -0.004        +0.5869       +0.5869       
311           311           -7.705        -0.1784       -7.8834       -7.8834       
312           312           +1.7424       -0.5459       +1.1965       +1.1965       
313           313           +3.0194       -0.2285       +2.7909       +2.7909       
314           314           +1.2802       -0.118        +1.1622       +1.1622       
315           315           +1.5607       -0.1556       +1.4051       +1.4051       
316           316           +0.6215       -0.0097       +0.6118       +0.6118       
317           317           +0.1886       -0.0423       +0.1463       +0.1463       
318           318           +1.0431       -0.1366       +0.9065       +0.9065       
319           319           -0.0102       -0.0034       -0.0136       -0.0136       
320           320           +0.0295       -0.015        +0.0145       +0.0145       
321           321           +0.9634       -0.1244       +0.839        +0.839        
322           322           -0.0709       -0.0213       -0.0922       -0.0922       
323           323           +0.0044       -0            +0.0044       +0.0044       
324           324           +0.7368       -0.0082       +0.7286       +0.7286       
325           325           +0.2089       -0.0003       +0.2086       +0.2086       
326           326           +0            +0            +0            +0            
327           327           +0            +0            +0            +0            
328           328           +0            +0            +0            +0            
329           329           +0.0247       -0            +0.0247       +0.0247       
330           330           +0            +0            +0            +0            
331           331           -0.0044       -0            -0.0044       -0.0044       
332           332           -2.0355       -0.0162       -2.0517       -2.0517       
333           333           -0.6455       -0.003        -0.6485       -0.6485       
334           334           -0.0177       -0            -0.0177       -0.0177       
335           335           +0            +0            +0            +0            
336           336           -0.043        -0            -0.043        -0.043        
337           337           +0            +0            +0            +0            
338           338           +0.0724       -0.0296       +0.0428       +0.0428       
339           339           +0.2043       -0.0002       +0.2041       +0.2041       
340           340           -0.119        -0            -0.119        -0.119        
341           341           -0.0191       -0            -0.0191       -0.0191       
342           342           -0.0943       -0.0003       -0.0946       -0.0946       
343           343           -2.276        -0.0332       -2.3092       -2.3092       
344           344           -0.6563       -0.0039       -0.6602       -0.6602       
345           345           +0.0081       -0            +0.0081       +0.0081       
346           346           -2.2932       -0.0179       -2.3111       -2.3111       
347           347           -2.0115       -0.019        -2.0305       -2.0305       
348           348           -1.491        -0.0994       -1.5904       -1.5904       
349           349           +1.3766       -0.0789       +1.2977       +1.2977       
350           350           +0.2538       -0.1584       +0.0954       +0.0954       
351           351           -1.9698       -0.1653       -2.1351       -2.1351       
352           352           -1.0561       -0.1202       -1.1763       -1.1763       
353           353           -10.0313      -0.8752       -10.9065      -10.9065      
354           354           +0.3208       -0.0881       +0.2327       +0.2327       
355           355           +0.8137       -0.0609       +0.7528       +0.7528       
356           356           +0.5513       -0.0557       +0.4956       +0.4956       
357           357           -2.5264       -0.254        -2.7804       -2.7804       
358           358           -0.6518       -0.1731       -0.8249       -0.8249       
359           359           +0.3865       -0.0363       +0.3502       +0.3502       
360           360           -1.0278       -0.0298       -1.0576       -1.0576       
361           361           -0.1624       -0.0712       -0.2336       -0.2336       
362           362           -1.0519       -0.006        -1.0579       -1.0579       
363           363           -1.0308       -0.0278       -1.0586       -1.0586       
364           364           -4.2637       -0.1478       -4.4115       -4.4115       
365           365           -0.8651       -0.1622       -1.0273       -1.0273       
366           366           -1.0009       -0.0426       -1.0435       -1.0435       
367           367           +0            +0            +0            +0            
368           368           -0.165        -0.0644       -0.2294       -0.2294       
369           369           -0.0544       -0.034        -0.0884       -0.0884       
370           370           +0.449        -0.0284       +0.4206       +0.4206       
371           371           -2.2034       -0.0653       -2.2687       -2.2687       
372           372           -4.9457       -0.0838       -5.0295       -5.0295       
373           373           -4.7525       -0.0766       -4.8291       -4.8291       
374           374           -0.1732       -0.0001       -0.1733       -0.1733       
375           375           -0.6706       -0.0077       -0.6783       -0.6783       
376           376           -0.5158       -0.0022       -0.518        -0.518        
377           377           -0.0117       -0.0003       -0.012        -0.012        
378           378           -1.2635       -0.0964       -1.3599       -1.3599       
379           379           -2.5788       -0.0091       -2.5879       -2.5879       
380           380           -0.0656       -0            -0.0656       -0.0656       
381           381           -0.0529       -0            -0.0529       -0.0529       
382           382           +0            +0            +0            +0            
383           383           -0.0302       -0            -0.0302       -0.0302       
384           384           -0.9449       -0.001        -0.9459       -0.9459       
385           385           -0.5449       -0.009        -0.5539       -0.5539       
386           386           -1.2948       -0.006        -1.3008       -1.3008       
387           387           +0.4342       -0.0077       +0.4265       +0.4265       
388           388           -2.028        -0.0122       -2.0402       -2.0402       
389           389           -2.1878       -0.0358       -2.2236       -2.2236       
390           390           -1.622        -0.1367       -1.7587       -1.7587       
391           391           +0.1848       -0.0734       +0.1114       +0.1114       
392           392           -7.2573       -0.3751       -7.6324       -7.6324       
393           393           -0.4818       -0.219        -0.7008       -0.7008       
394           394           -1.1685       -0.0066       -1.1751       -1.1751       
395           395           -3.6786       -0.6296       -4.3082       -4.3082       
396           396           -3.4232       -0.0826       -3.5058       -3.5058       
397           397           -1.0387       -0.0045       -1.0432       -1.0432       
398           398           -1.582        -0.0207       -1.6027       -1.6027       
399           399           -0.53         -0.0053       -0.5353       -0.5353       
400           400           -0.2215       -0.051        -0.2725       -0.2725       
