Frame         Time          Elec          VdW           Nonbond       Total         
0             0             -12.6674      -0.5862       -13.2536      -13.2536      
1             1             -12.2365      -0.28         -12.5165      -12.5165      
2             2             -2.4049       -0.2117       -2.6166       -2.6166       
3             3             -11.2061      -0.5288       -11.7349      -11.7349      
4             4             -2.8549       -0.1503       -3.0052       -3.0052       
5             5             -15.2661      -1.396        -16.6621      -16.6621      
6             6             -30.2437      -1.9341       -32.1778      -32.1778      
7             7             -8.4396       -0.826        -9.2656       -9.2656       
8             8             -22.83        -0.7566       -23.5866      -23.5866      
9             9             -14.6528      -0.9279       -15.5807      -15.5807      
10            10            -19.4055      -0.8867       -20.2922      -20.2922      
11            11            -40.3751      -0.9478       -41.3229      -41.3229      
12            12            -24.2868      -1.8607       -26.1475      -26.1475      
13            13            -33.6914      -1.9961       -35.6875      -35.6875      
14            14            -13.9951      -0.7888       -14.7839      -14.7839      
15            15            -24.561       +0.4862       -24.0748      -24.0748      
16            16            -22.0333      -1.827        -23.8603      -23.8603      
17            17            -15.3835      -0.8452       -16.2287      -16.2287      
18            18            -31.9069      +1.5119       -30.395       -30.395       
19            19            -10.5644      -0.2397       -10.8041      -10.8041      
20            20            -16.4628      -1.0841       -17.5469      -17.5469      
21            21            -1.696        -0.13         -1.826        -1.826        
22            22            -0.2626       -0.2025       -0.4651       -0.4651       
23            23            -17.3604      -0.6384       -17.9988      -17.9988      
24            24            -5.0741       -1.0759       -6.15         -6.15         
25            25            -17.1291      -1.876        -19.0051      -19.0051      
26            26            -17.8379      -1.9682       -19.8061      -19.8061      
27            27            -14.1021      -1.4459       -15.548       -15.548       
28            28            -18.3728      -2.2453       -20.6181      -20.6181      
29            29            -10.2922      -1.1419       -11.4341      -11.4341      
30            30            -15.9066      -1.8783       -17.7849      -17.7849      
31            31            -7.2568       -0.7174       -7.9742       -7.9742       
32            32            -9.7966       -1.9481       -11.7447      -11.7447      
33            33            -6.2096       -0.6614       -6.871        -6.871        
34            34            -9.085        -0.6524       -9.7374       -9.7374       
35            35            -10.6571      -0.5499       -11.207       -11.207       
36            36            -4.7801       -0.3029       -5.083        -5.083        
37            37            -10.1745      -0.2509       -10.4254      -10.4254      
38            38            -5.3239       -0.2054       -5.5293       -5.5293       
39            39            -11.4056      -1.2177       -12.6233      -12.6233      
40            40            -11.5018      +0.5212       -10.9806      -10.9806      
41            41            -12.6952      -0.4114       -13.1066      -13.1066      
42            42            -1.0934       -1.9819       -3.0753       -3.0753       
43            43            -5.0211       -2.2349       -7.256        -7.256        
44            44            -5.3495       -1.3761       -6.7256       -6.7256       
45            45            -17.8838      -1.7321       -19.6159      -19.6159      
46            46            -45.5665      -2.9953       -48.5618      -48.5618      
47            47            -32.8862      -2.1641       -35.0503      -35.0503      
48            48            -40.0629      -2.639        -42.7019      -42.7019      
49            49            -22.5076      -2.4676       -24.9752      -24.9752      
50            50            -12.8596      -2.5157       -15.3753      -15.3753      
51            51            -15.8272      -2.291        -18.1182      -18.1182      
52            52            -1.1915       -1.1114       -2.3029       -2.3029       
53            53            -13.8395      -1.4196       -15.2591      -15.2591      
54            54            -9.4221       -1.5329       -10.955       -10.955       
55            55            -10.2793      -1.5317       -11.811       -11.811       
56            56            -26.3033      -1.9088       -28.2121      -28.2121      
57            57            -30.8015      -2.9181       -33.7196      -33.7196      
58            58            -30.8838      -3.0534       -33.9372      -33.9372      
59            59            -14.4652      -2.4298       -16.895       -16.895       
60            60            -20.3609      -2.7009       -23.0618      -23.0618      
61            61            -23.8621      -2.5014       -26.3635      -26.3635      
62            62            -78.56        -2.6927       -81.2527      -81.2527      
63            63            -15.8948      -2.3492       -18.244       -18.244       
64            64            -8.6905       -1.7543       -10.4448      -10.4448      
65            65            -3.8484       -0.7233       -4.5717       -4.5717       
66            66            -13.1971      -0.8934       -14.0905      -14.0905      
67            67            -17.079       -1.8474       -18.9264      -18.9264      
68            68            -28.1541      -2.1794       -30.3335      -30.3335      
69            69            -3.2012       -2.0193       -5.2205       -5.2205       
70            70            -23.6863      -2.4962       -26.1825      -26.1825      
71            71            -19.012       -1.9226       -20.9346      -20.9346      
72            72            -7.5959       -1.5154       -9.1113       -9.1113       
73            73            -11.1712      -2.3002       -13.4714      -13.4714      
74            74            -2.6653       -1.494        -4.1593       -4.1593       
75            75            +3.1647       -2.6029       +0.5618       +0.5618       
76            76            -9.5835       -2.3889       -11.9724      -11.9724      
77            77            -11.1216      -1.1892       -12.3108      -12.3108      
78            78            -6.7141       -0.648        -7.3621       -7.3621       
79            79            -6.3522       -0.9921       -7.3443       -7.3443       
80            80            +2.8085       -4.0632       -1.2547       -1.2547       
81            81            -8.745        -2.9336       -11.6786      -11.6786      
82            82            -10.0161      -3.1193       -13.1354      -13.1354      
83            83            -8.1289       -2.5249       -10.6538      -10.6538      
84            84            -29.78        -3.5883       -33.3683      -33.3683      
85            85            -17.3748      -2.6106       -19.9854      -19.9854      
86            86            -18.6269      -2.7624       -21.3893      -21.3893      
87            87            -9.5607       -2.6088       -12.1695      -12.1695      
88            88            -7.3883       -2.0023       -9.3906       -9.3906       
89            89            -18.8784      -3.9674       -22.8458      -22.8458      
90            90            -12.8833      -2.2548       -15.1381      -15.1381      
91            91            -37.8536      -3.2402       -41.0938      -41.0938      
92            92            -20.2632      -2.5999       -22.8631      -22.8631      
93            93            -27.6835      -3.0399       -30.7234      -30.7234      
94            94            -17.0869      -3.1559       -20.2428      -20.2428      
95            95            -19.7448      -2.3406       -22.0854      -22.0854      
96            96            -15.6213      -1.611        -17.2323      -17.2323      
97            97            -10.0725      -1.5494       -11.6219      -11.6219      
98            98            -13.0812      -2.2593       -15.3405      -15.3405      
99            99            -2.7324       -1.4192       -4.1516       -4.1516       
100           100           +3.8573       -1.3538       +2.5035       +2.5035       
101           101           -1.9217       -1.7412       -3.6629       -3.6629       
102           102           -19.3377      -1.5849       -20.9226      -20.9226      
103           103           -29.0018      -2.0131       -31.0149      -31.0149      
104           104           -18.7079      -1.7579       -20.4658      -20.4658      
105           105           -35.4427      -2.2659       -37.7086      -37.7086      
106           106           -28.339       -0.9288       -29.2678      -29.2678      
107           107           -25.0413      -1.5218       -26.5631      -26.5631      
108           108           -21.4999      -2.2244       -23.7243      -23.7243      
109           109           +13.8647      -3.0267       +10.838       +10.838       
110           110           +5.1059       -1.5129       +3.593        +3.593        
111           111           +5.5956       -0.9201       +4.6755       +4.6755       
112           112           -35.4086      -2.2286       -37.6372      -37.6372      
113           113           -4.1039       -1.7916       -5.8955       -5.8955       
114           114           +5.5051       -0.7077       +4.7974       +4.7974       
115           115           -2.2062       -0.2672       -2.4734       -2.4734       
116           116           -27.1022      -1.147        -28.2492      -28.2492      
117           117           -42.6243      -1.3446       -43.9689      -43.9689      
118           118           -52.4323      -2.9267       -55.359       -55.359       
119           119           -35.9135      -0.9671       -36.8806      -36.8806      
120           120           -33.5963      -2.7847       -36.381       -36.381       
121           121           -27.9814      -0.4809       -28.4623      -28.4623      
122           122           -36.7251      -2.3423       -39.0674      -39.0674      
123           123           -38.1633      -2.2373       -40.4006      -40.4006      
124           124           -43.4852      -1.4941       -44.9793      -44.9793      
125           125           -37.8758      -1.5467       -39.4225      -39.4225      
126           126           -41.1022      -1.6935       -42.7957      -42.7957      
127           127           -36.3454      -3.1738       -39.5192      -39.5192      
128           128           -26.319       -1.7473       -28.0663      -28.0663      
129           129           -39.8743      -1.8498       -41.7241      -41.7241      
130           130           -69.4938      -1.9161       -71.4099      -71.4099      
131           131           -52.2736      -2.0408       -54.3144      -54.3144      
132           132           -59.7948      +0.0259       -59.7689      -59.7689      
133           133           -46.9744      -0.9617       -47.9361      -47.9361      
134           134           -7.9797       -0.4151       -8.3948       -8.3948       
135           135           -27.529       -1.7793       -29.3083      -29.3083      
136           136           -42.8843      -4.4445       -47.3288      -47.3288      
137           137           -61.3674      -2.8518       -64.2192      -64.2192      
138           138           -40.1544      -2.1317       -42.2861      -42.2861      
139           139           -29.3893      -2.6826       -32.0719      -32.0719      
140           140           -20.0893      -0.6666       -20.7559      -20.7559      
141           141           -54.8965      -2.2508       -57.1473      -57.1473      
142           142           -47.5205      -3.1995       -50.72        -50.72        
143           143           -70.8689      -2.9056       -73.7745      -73.7745      
144           144           -57.6955      -3.5534       -61.2489      -61.2489      
145           145           -55.4085      -2.6197       -58.0282      -58.0282      
146           146           -26.5734      -1.1445       -27.7179      -27.7179      
147           147           -43.9168      -1.5111       -45.4279      -45.4279      
148           148           -60.8995      -2.497        -63.3965      -63.3965      
149           149           -31.6248      -1.9785       -33.6033      -33.6033      
150           150           -40.3076      -3.2494       -43.557       -43.557       
151           151           -22.1682      -2.0159       -24.1841      -24.1841      
152           152           -35.4308      -1.9458       -37.3766      -37.3766      
153           153           -36.4206      -1.8834       -38.304       -38.304       
154           154           -35.1697      -1.8444       -37.0141      -37.0141      
155           155           -22.3014      -1.6276       -23.929       -23.929       
156           156           -17.327       -2.6626       -19.9896      -19.9896      
157           157           -20.7843      -2.9232       -23.7075      -23.7075      
158           158           -8.7422       -2.4812       -11.2234      -11.2234      
159           159           -5.005        -2.6557       -7.6607       -7.6607       
160           160           +0.3969       -3.6105       -3.2136       -3.2136       
161           161           -38.8105      -3.5013       -42.3118      -42.3118      
162           162           -74.562       -4.4908       -79.0528      -79.0528      
163           163           -64.9229      -3.2626       -68.1855      -68.1855      
164           164           -18.1793      -0.4129       -18.5922      -18.5922      
165           165           -13.9038      -0.5323       -14.4361      -14.4361      
166           166           -32.4794      -1.2782       -33.7576      -33.7576      
167           167           -52.6367      -1.3558       -53.9925      -53.9925      
168           168           -16.3509      -1.8198       -18.1707      -18.1707      
169           169           -39.8513      -3.3536       -43.2049      -43.2049      
170           170           -47.3052      -3.5456       -50.8508      -50.8508      
171           171           -26.5684      -2.3249       -28.8933      -28.8933      
172           172           -32.0592      -2.003        -34.0622      -34.0622      
173           173           -16.6098      -0.7452       -17.355       -17.355       
174           174           -37.4076      -3.7569       -41.1645      -41.1645      
175           175           -38.2192      -2.0787       -40.2979      -40.2979      
176           176           -44.9728      -1.9258       -46.8986      -46.8986      
177           177           -9.2816       -2.7166       -11.9982      -11.9982      
178           178           -31.8756      -2.0544       -33.93        -33.93        
179           179           -11.3759      -0.3778       -11.7537      -11.7537      
180           180           -30.2531      -3.2836       -33.5367      -33.5367      
181           181           -30.3639      -2.5451       -32.909       -32.909       
182           182           -54.0301      -3.6368       -57.6669      -57.6669      
183           183           -37.0059      -3.5433       -40.5492      -40.5492      
184           184           -35.1452      -2.5232       -37.6684      -37.6684      
185           185           -19.4832      -1.5256       -21.0088      -21.0088      
186           186           -16.3973      -3.5775       -19.9748      -19.9748      
187           187           -30.9604      -1.9092       -32.8696      -32.8696      
188           188           -38.0159      -2.1832       -40.1991      -40.1991      
189           189           -70.3646      -1.1727       -71.5373      -71.5373      
190           190           -30.4723      -1.7512       -32.2235      -32.2235      
191           191           -48.6941      -2.9573       -51.6514      -51.6514      
192           192           -54.2359      -3.3398       -57.5757      -57.5757      
193           193           -14.2774      -0.5795       -14.8569      -14.8569      
194           194           -20.7681      -1.1861       -21.9542      -21.9542      
195           195           -24.0129      -3.3503       -27.3632      -27.3632      
196           196           -24.2174      -2.2796       -26.497       -26.497       
197           197           -37.494       -2.4435       -39.9375      -39.9375      
198           198           -42.9201      -3.4969       -46.417       -46.417       
199           199           -27.739       -1.8541       -29.5931      -29.5931      
200           200           -29.2551      -1.2021       -30.4572      -30.4572      
201           201           -29.5829      -2.0855       -31.6684      -31.6684      
202           202           -46.5357      -2.2528       -48.7885      -48.7885      
203           203           -32.509       -1.9925       -34.5015      -34.5015      
204           204           -30.6869      -2.3205       -33.0074      -33.0074      
205           205           -24.1279      -1.5604       -25.6883      -25.6883      
206           206           -27.7426      -1.0065       -28.7491      -28.7491      
207           207           -24.6056      -1.4401       -26.0457      -26.0457      
208           208           -9.7502       -0.5491       -10.2993      -10.2993      
209           209           -18.5727      -0.4224       -18.9951      -18.9951      
210           210           -4.3491       -1.0692       -5.4183       -5.4183       
211           211           -54.112       -1.1252       -55.2372      -55.2372      
212           212           -15.3652      -0.704        -16.0692      -16.0692      
213           213           -50.4218      -1.6917       -52.1135      -52.1135      
214           214           -60.7302      -2.0603       -62.7905      -62.7905      
215           215           -23.2578      -1.4365       -24.6943      -24.6943      
216           216           -10.4827      -0.4074       -10.8901      -10.8901      
217           217           -44.9846      -3.0047       -47.9893      -47.9893      
218           218           -56.9692      -2.8262       -59.7954      -59.7954      
219           219           -23.3944      -0.9695       -24.3639      -24.3639      
220           220           -13.5972      -0.6307       -14.2279      -14.2279      
221           221           -22.2679      -1.15         -23.4179      -23.4179      
222           222           -26.2676      -3.1031       -29.3707      -29.3707      
223           223           -22.0207      -2.3626       -24.3833      -24.3833      
224           224           -69.6641      -3.1868       -72.8509      -72.8509      
225           225           -26.3663      -0.9771       -27.3434      -27.3434      
226           226           -20.7689      +1.2253       -19.5436      -19.5436      
227           227           -13.5293      -0.3508       -13.8801      -13.8801      
228           228           -9.2286       -0.3707       -9.5993       -9.5993       
229           229           -44.0479      -2.368        -46.4159      -46.4159      
230           230           -62.1384      -2.3153       -64.4537      -64.4537      
231           231           -27.3297      -0.6581       -27.9878      -27.9878      
232           232           -58.7731      -1.5802       -60.3533      -60.3533      
233           233           -46.4461      -1.6903       -48.1364      -48.1364      
234           234           -49.5552      -4.2043       -53.7595      -53.7595      
235           235           -11.5016      -0.4569       -11.9585      -11.9585      
236           236           -56.4051      -2.7648       -59.1699      -59.1699      
237           237           -52.7332      -3.4472       -56.1804      -56.1804      
238           238           -29.9109      -2.4796       -32.3905      -32.3905      
239           239           -24.3516      -0.6972       -25.0488      -25.0488      
240           240           -11.5173      -0.3099       -11.8272      -11.8272      
241           241           -17.1392      -1.2105       -18.3497      -18.3497      
242           242           -82.5222      -2.2292       -84.7514      -84.7514      
243           243           -54.207       -3.3044       -57.5114      -57.5114      
244           244           -32.9206      -1.7318       -34.6524      -34.6524      
245           245           -6.3687       -1.2514       -7.6201       -7.6201       
246           246           -19.5187      -0.6912       -20.2099      -20.2099      
247           247           -12.4192      -1.1896       -13.6088      -13.6088      
248           248           -2.8349       -0.772        -3.6069       -3.6069       
249           249           -51.4903      -2.8507       -54.341       -54.341       
250           250           -44.7383      -2.5387       -47.277       -47.277       
251           251           -50.0645      -2.4716       -52.5361      -52.5361      
252           252           -23.6007      -1.3445       -24.9452      -24.9452      
253           253           -30.3211      -3.2362       -33.5573      -33.5573      
254           254           -51.3194      -3.753        -55.0724      -55.0724      
255           255           -41.2718      -2.9383       -44.2101      -44.2101      
256           256           -41.2282      -2.8415       -44.0697      -44.0697      
257           257           -21.7781      -0.7387       -22.5168      -22.5168      
258           258           -6.6807       -0.4845       -7.1652       -7.1652       
259           259           +3.0846       -2.7732       +0.3114       +0.3114       
260           260           -28.0926      -1.6896       -29.7822      -29.7822      
261           261           -40.1131      -3.1416       -43.2547      -43.2547      
262           262           -46.8968      -2.1498       -49.0466      -49.0466      
263           263           -28.882       -5.0646       -33.9466      -33.9466      
264           264           -10.6105      -3.7339       -14.3444      -14.3444      
265           265           -32.0786      -2.3288       -34.4074      -34.4074      
266           266           -17.7814      -1.5519       -19.3333      -19.3333      
267           267           -17.7187      -2.4326       -20.1513      -20.1513      
268           268           +16.0404      -2.0402       +14.0002      +14.0002      
269           269           +19.6633      -2.395        +17.2683      +17.2683      
270           270           +10.0098      -2.5873       +7.4225       +7.4225       
271           271           +13.1851      -1.7544       +11.4307      +11.4307      
272           272           +30.7295      -1.6323       +29.0972      +29.0972      
273           273           +4.4585       -0.3083       +4.1502       +4.1502       
274           274           +31.5366      -0.9595       +30.5771      +30.5771      
275           275           +26.2859      -2.5365       +23.7494      +23.7494      
276           276           +25.1609      -2.8819       +22.279       +22.279       
277           277           +11.6768      -1.2587       +10.4181      +10.4181      
278           278           +4.7595       -1.7346       +3.0249       +3.0249       
279           279           -25.3969      -3.8025       -29.1994      -29.1994      
280           280           -7.6556       -3.4116       -11.0672      -11.0672      
281           281           +10.2601      -1.4208       +8.8393       +8.8393       
282           282           +1.5615       -0.8405       +0.721        +0.721        
283           283           +25.5747      -1.8009       +23.7738      +23.7738      
284           284           +10.7841      -3.1268       +7.6573       +7.6573       
285           285           -7.7826       -2.6907       -10.4733      -10.4733      
286           286           -1.2466       -1.3285       -2.5751       -2.5751       
287           287           -3.8182       -1.0178       -4.836        -4.836        
288           288           +6.9873       -1.9957       +4.9916       +4.9916       
289           289           +5.555        -1.2552       +4.2998       +4.2998       
290           290           +35.9054      -3.8327       +32.0727      +32.0727      
291           291           -3.6897       -0.6015       -4.2912       -4.2912       
292           292           -22.8425      -1.5283       -24.3708      -24.3708      
293           293           -1.6785       -0.6062       -2.2847       -2.2847       
294           294           -10.2765      -0.4699       -10.7464      -10.7464      
295           295           -6.4897       -0.8714       -7.3611       -7.3611       
296           296           -6.9418       -0.3928       -7.3346       -7.3346       
297           297           +5.5075       -0.9293       +4.5782       +4.5782       
298           298           -1.207        -0.6716       -1.8786       -1.8786       
299           299           -15.686       -0.9401       -16.6261      -16.6261      
300           300           +5.5132       -1.4466       +4.0666       +4.0666       
301           301           -31.6317      -1.5544       -33.1861      -33.1861      
302           302           -36.8497      -3.151        -40.0007      -40.0007      
303           303           -61.4128      -4.4791       -65.8919      -65.8919      
304           304           -44.9638      -4.3123       -49.2761      -49.2761      
305           305           -87.4766      -5.6535       -93.1301      -93.1301      
306           306           -85.5169      -4.1212       -89.6381      -89.6381      
307           307           -25.3969      -2.4908       -27.8877      -27.8877      
308           308           -25.7101      -4.3069       -30.017       -30.017       
309           309           -30.8855      -4.2607       -35.1462      -35.1462      
310           310           -10.2783      -4.5203       -14.7986      -14.7986      
311           311           -9.0687       -4.6562       -13.7249      -13.7249      
312           312           -17.1756      -4.164        -21.3396      -21.3396      
313           313           -14.1863      -2.7049       -16.8912      -16.8912      
314           314           -9.5667       -5.4767       -15.0434      -15.0434      
315           315           -13.2246      -4.8177       -18.0423      -18.0423      
316           316           -5.2821       -2.7169       -7.999        -7.999        
317           317           -6.6579       -2.4526       -9.1105       -9.1105       
318           318           -14.1731      -2.2269       -16.4         -16.4         
319           319           -34.1493      -6.1144       -40.2637      -40.2637      
320           320           +7.7652       -4.3636       +3.4016       +3.4016       
321           321           -16.7027      -6.2692       -22.9719      -22.9719      
322           322           -15.528       -4.9561       -20.4841      -20.4841      
323           323           -13.0965      -2.3904       -15.4869      -15.4869      
324           324           -10.1162      -1.9074       -12.0236      -12.0236      
325           325           -29.3794      -3.1054       -32.4848      -32.4848      
326           326           -1.9283       -4.504        -6.4323       -6.4323       
327           327           -19.7207      -5.4277       -25.1484      -25.1484      
328           328           -9.3319       -6.4466       -15.7785      -15.7785      
329           329           -22.606       -4.3843       -26.9903      -26.9903      
330           330           -10.9216      -6.2061       -17.1277      -17.1277      
331           331           -41.529       -7.0136       -48.5426      -48.5426      
332           332           -31.7164      -6.8547       -38.5711      -38.5711      
333           333           -18.0436      -6.811        -24.8546      -24.8546      
334           334           -21.7305      -3.4253       -25.1558      -25.1558      
335           335           -9.9294       -5.0787       -15.0081      -15.0081      
336           336           -12.3166      -1.9103       -14.2269      -14.2269      
337           337           -19.4626      -2.0167       -21.4793      -21.4793      
338           338           -8.3567       -2.9292       -11.2859      -11.2859      
339           339           -20.5189      -2.7569       -23.2758      -23.2758      
340           340           -10.2343      -2.6564       -12.8907      -12.8907      
341           341           -59.319       -2.2957       -61.6147      -61.6147      
342           342           -48.2455      -3.4403       -51.6858      -51.6858      
343           343           -52.5556      -5.6008       -58.1564      -58.1564      
344           344           -21.8943      -5.5981       -27.4924      -27.4924      
345           345           -25.9943      -5.7079       -31.7022      -31.7022      
346           346           +8.7856       -3.6908       +5.0948       +5.0948       
347           347           -7.1477       -1.9662       -9.1139       -9.1139       
348           348           -15.5845      -2.7738       -18.3583      -18.3583      
349           349           -0.1475       -2.176        -2.3235       -2.3235       
350           350           -6.6042       -1.9103       -8.5145       -8.5145       
351           351           -10.3317      -2.5826       -12.9143      -12.9143      
352           352           -4.2374       -0.7978       -5.0352       -5.0352       
353           353           -5.0759       -1.8757       -6.9516       -6.9516       
354           354           -3.6621       -2.5487       -6.2108       -6.2108       
355           355           -9.5007       -1.9301       -11.4308      -11.4308      
