Frame         Time          Elec          VdW           Nonbond       Total         
0             0             +0.0185       -0.0486       -0.0301       -0.0301       
1             1             +2.5267       -0.3538       +2.1729       +2.1729       
2             2             +0.1966       -0.5134       -0.3168       -0.3168       
3             3             +2.2209       -1.0218       +1.1991       +1.1991       
4             4             -4.9922       -3.5623       -8.5545       -8.5545       
5             5             -1.6089       -3.2056       -4.8145       -4.8145       
6             6             -0.5958       -3.1381       -3.7339       -3.7339       
7             7             +1.6042       -3.4933       -1.8891       -1.8891       
8             8             +0.6094       -1.9103       -1.3009       -1.3009       
9             9             +2.2799       -2.2067       +0.0732       +0.0732       
10            10            -0.06         -2.9144       -2.9744       -2.9744       
11            11            +0.9927       -3.4204       -2.4277       -2.4277       
12            12            +0.5277       -1.788        -1.2603       -1.2603       
13            13            -1.3989       -2.0313       -3.4302       -3.4302       
14            14            -2.6006       -3.1801       -5.7807       -5.7807       
15            15            +1.5759       -1.8723       -0.2964       -0.2964       
16            16            -1.173        -2.6045       -3.7775       -3.7775       
17            17            +1.7232       -1.4032       +0.32         +0.32         
18            18            -0.0553       -1.3564       -1.4117       -1.4117       
19            19            +0.2681       -2.3056       -2.0375       -2.0375       
20            20            +1.5163       -1.9453       -0.429        -0.429        
21            21            +2.092        -2.7637       -0.6717       -0.6717       
22            22            -5.0693       -1.0634       -6.1327       -6.1327       
23            23            -2.2798       -2.272        -4.5518       -4.5518       
24            24            +2.3484       -1.5118       +0.8366       +0.8366       
25            25            -1.3244       -2.6183       -3.9427       -3.9427       
26            26            -2.0976       -3.368        -5.4656       -5.4656       
27            27            +1.3785       -2.0674       -0.6889       -0.6889       
28            28            +3.1553       -1.2357       +1.9196       +1.9196       
29            29            +0.7796       -0.6623       +0.1173       +0.1173       
30            30            +0.7293       -0.8295       -0.1002       -0.1002       
31            31            +3.5782       -1.9688       +1.6094       +1.6094       
32            32            +4.4318       -1.3021       +3.1297       +3.1297       
33            33            +3.6643       -1.2563       +2.408        +2.408        
34            34            +1.1646       -1.4018       -0.2372       -0.2372       
35            35            +1.9301       -1.2602       +0.6699       +0.6699       
36            36            +3.872        -2.3602       +1.5118       +1.5118       
37            37            +0.6173       -0.8119       -0.1946       -0.1946       
38            38            -0.896        -2.6866       -3.5826       -3.5826       
39            39            -3.5607       -2.0551       -5.6158       -5.6158       
40            40            -1.3205       -2.4306       -3.7511       -3.7511       
41            41            -0.927        -2.4149       -3.3419       -3.3419       
42            42            +2.0666       -2.057        +0.0096       +0.0096       
43            43            -1.0711       -1.5329       -2.604        -2.604        
44            44            +1.2325       -3.2164       -1.9839       -1.9839       
45            45            -2.0673       -3.0821       -5.1494       -5.1494       
46            46            -4.1796       -5.2396       -9.4192       -9.4192       
47            47            -1.8052       -3.1751       -4.9803       -4.9803       
48            48            -5.3169       -4.7145       -10.0314      -10.0314      
49            49            -0.1167       -2.4453       -2.562        -2.562        
50            50            +0.1767       -2.6438       -2.4671       -2.4671       
51            51            -0.7449       -1.3767       -2.1216       -2.1216       
52            52            -0.2943       -0.5441       -0.8384       -0.8384       
53            53            +0.2034       -1.0304       -0.827        -0.827        
54            54            +1.4157       -0.0752       +1.3405       +1.3405       
55            55            +0.0874       -1.3335       -1.2461       -1.2461       
56            56            -0.0394       -0.085        -0.1244       -0.1244       
57            57            +1.0171       -0.1961       +0.821        +0.821        
58            58            +0.6826       -0.1657       +0.5169       +0.5169       
59            59            -1.0636       -0.0991       -1.1627       -1.1627       
60            60            -0.2518       -0.0668       -0.3186       -0.3186       
61            61            -3.9019       -2.62         -6.5219       -6.5219       
62            62            -4.6397       -2.3985       -7.0382       -7.0382       
63            63            -1.2142       -0.4721       -1.6863       -1.6863       
64            64            -0.1109       -1.3746       -1.4855       -1.4855       
65            65            -0.0857       -0.7978       -0.8835       -0.8835       
66            66            +0.3658       -0.2199       +0.1459       +0.1459       
67            67            +0.9363       -0.2103       +0.726        +0.726        
68            68            +0.4342       -0.0795       +0.3547       +0.3547       
69            69            +0.6544       -0.6446       +0.0098       +0.0098       
70            70            +0.173        -0.208        -0.035        -0.035        
71            71            +0.6081       -0.2964       +0.3117       +0.3117       
72            72            -0.0725       -0.1052       -0.1777       -0.1777       
73            73            +0.3034       -0.2375       +0.0659       +0.0659       
74            74            -0.1441       -0.1073       -0.2514       -0.2514       
75            75            -0.0052       -0.1938       -0.199        -0.199        
76            76            -0.9359       -0.2864       -1.2223       -1.2223       
77            77            -0.4541       -1.0748       -1.5289       -1.5289       
78            78            +1.2253       -0.425        +0.8003       +0.8003       
79            79            -0.2546       -0.1866       -0.4412       -0.4412       
80            80            +0.4358       -1.1767       -0.7409       -0.7409       
81            81            -1.3682       -1.1571       -2.5253       -2.5253       
82            82            -3.2552       -1.3033       -4.5585       -4.5585       
83            83            -3.4626       -1.3978       -4.8604       -4.8604       
84            84            -2.7601       -1.6542       -4.4143       -4.4143       
85            85            -0.2309       -0.9882       -1.2191       -1.2191       
86            86            -0.247        -0.2921       -0.5391       -0.5391       
87            87            -1.0202       -1.2222       -2.2424       -2.2424       
88            88            +0.3402       -0.2945       +0.0457       +0.0457       
89            89            -1.1548       -1.6335       -2.7883       -2.7883       
90            90            -0.3647       -0.0721       -0.4368       -0.4368       
91            91            -1.4702       -1.2434       -2.7136       -2.7136       
92            92            -0.9492       -0.9181       -1.8673       -1.8673       
93            93            -1.058        -0.9355       -1.9935       -1.9935       
94            94            -1.3914       -1.9592       -3.3506       -3.3506       
95            95            -5.4213       -1.6392       -7.0605       -7.0605       
96            96            -2.1817       -1.7985       -3.9802       -3.9802       
97            97            -4.7963       -0.6475       -5.4438       -5.4438       
98            98            -7.5896       -3.1339       -10.7235      -10.7235      
99            99            +1.8878       -1.3616       +0.5262       +0.5262       
100           100           +4.6229       -2.5317       +2.0912       +2.0912       
101           101           -0.6839       -2.6919       -3.3758       -3.3758       
102           102           -0.6967       -2.4013       -3.098        -3.098        
103           103           -1.889        -2.2948       -4.1838       -4.1838       
104           104           +0.328        -2.1975       -1.8695       -1.8695       
105           105           +1.4698       -3.5023       -2.0325       -2.0325       
106           106           +4.0528       -1.7231       +2.3297       +2.3297       
107           107           +2.7165       -2.8267       -0.1102       -0.1102       
108           108           -2.4536       -7.639        -10.0926      -10.0926      
109           109           -1.3728       -5.677        -7.0498       -7.0498       
110           110           +2.2243       -3.2976       -1.0733       -1.0733       
111           111           +2.5559       -1.5766       +0.9793       +0.9793       
112           112           +2.3172       -2.2279       +0.0893       +0.0893       
113           113           +3.9845       -1.0864       +2.8981       +2.8981       
114           114           -2.9849       -2.8391       -5.824        -5.824        
115           115           -2.553        -3.0965       -5.6495       -5.6495       
116           116           -0.8687       -2.7581       -3.6268       -3.6268       
117           117           -3.6342       -2.2131       -5.8473       -5.8473       
118           118           +1.4693       -3.3776       -1.9083       -1.9083       
119           119           -2.3307       -3.0036       -5.3343       -5.3343       
120           120           -1.9384       -3.9279       -5.8663       -5.8663       
121           121           -2.8361       -3.3957       -6.2318       -6.2318       
122           122           -0.0758       -2.8395       -2.9153       -2.9153       
123           123           -1.162        -1.901        -3.063        -3.063        
124           124           -0.8365       -1.9372       -2.7737       -2.7737       
125           125           +3.5437       -1.5025       +2.0412       +2.0412       
126           126           +2.8487       -1.5124       +1.3363       +1.3363       
127           127           -0.8175       -0.9501       -1.7676       -1.7676       
128           128           -2.1488       -1.6359       -3.7847       -3.7847       
129           129           +1.2741       -1.0113       +0.2628       +0.2628       
130           130           +1.8693       -0.9773       +0.892        +0.892        
131           131           +1.1679       -2.6813       -1.5134       -1.5134       
132           132           +1.91         -1.9791       -0.0691       -0.0691       
133           133           +2.0275       -4.1907       -2.1632       -2.1632       
134           134           +0.4678       -2.69         -2.2222       -2.2222       
135           135           +0.4697       -3.8504       -3.3807       -3.3807       
136           136           +3.5989       -3.493        +0.1059       +0.1059       
137           137           +3.0983       -2.9215       +0.1768       +0.1768       
138           138           +0.0038       -2.2003       -2.1965       -2.1965       
139           139           +1.6693       -1.1149       +0.5544       +0.5544       
140           140           +2.0966       -2.0131       +0.0835       +0.0835       
141           141           +3.3026       -1.7097       +1.5929       +1.5929       
142           142           +1.8064       -0.4264       +1.38         +1.38         
143           143           +0.0167       -0.0602       -0.0435       -0.0435       
144           144           +1.5775       -0.2179       +1.3596       +1.3596       
145           145           +0.9912       -0.1486       +0.8426       +0.8426       
146           146           +2.8249       -0.2369       +2.588        +2.588        
147           147           +2.2013       -0.33         +1.8713       +1.8713       
148           148           +2.0929       -0.4356       +1.6573       +1.6573       
149           149           +2.3008       -0.2387       +2.0621       +2.0621       
150           150           -0.6666       -1.6384       -2.305        -2.305        
151           151           +3.9239       -0.9314       +2.9925       +2.9925       
152           152           +0.6916       -1.4315       -0.7399       -0.7399       
153           153           +4.1756       -1.0854       +3.0902       +3.0902       
154           154           -1.0626       -0.4341       -1.4967       -1.4967       
155           155           +1.2129       -1.1307       +0.0822       +0.0822       
156           156           +3.2385       -2.7305       +0.508        +0.508        
157           157           +3.6313       -1.6873       +1.944        +1.944        
158           158           +2.7481       -1.9492       +0.7989       +0.7989       
159           159           +2.5951       -1.8283       +0.7668       +0.7668       
160           160           +2.1267       -2.1884       -0.0617       -0.0617       
161           161           +3.1421       -1.6428       +1.4993       +1.4993       
162           162           +0.757        -3.2932       -2.5362       -2.5362       
163           163           -1.234        -2.7245       -3.9585       -3.9585       
164           164           -0.036        -4.1879       -4.2239       -4.2239       
165           165           +3.0946       -2.1075       +0.9871       +0.9871       
166           166           +4.9378       -2.6305       +2.3073       +2.3073       
167           167           +3.6902       -3.4005       +0.2897       +0.2897       
168           168           +4.5068       -3.5867       +0.9201       +0.9201       
169           169           -1.736        -4.9687       -6.7047       -6.7047       
170           170           -3.0863       -5.5459       -8.6322       -8.6322       
171           171           -6.2502       -2.1567       -8.4069       -8.4069       
172           172           -4.4159       -2.3531       -6.769        -6.769        
173           173           -4.1157       -4.0126       -8.1283       -8.1283       
174           174           -5.2121       -2.5552       -7.7673       -7.7673       
175           175           -2.1239       -4.2387       -6.3626       -6.3626       
176           176           -3.4642       -5.2535       -8.7177       -8.7177       
177           177           -4.083        -4.8863       -8.9693       -8.9693       
178           178           -1.272        -6.4752       -7.7472       -7.7472       
179           179           -1.2779       -2.7287       -4.0066       -4.0066       
180           180           -0.767        -0.4064       -1.1734       -1.1734       
181           181           -0.8475       -0.7036       -1.5511       -1.5511       
182           182           -0.7972       -0.1921       -0.9893       -0.9893       
183           183           -0.5979       -0.0781       -0.676        -0.676        
184           184           -0.3144       -0.0853       -0.3997       -0.3997       
185           185           -1.148        -0.0948       -1.2428       -1.2428       
186           186           +0.0111       -0.1665       -0.1554       -0.1554       
187           187           -0.0215       -0.1814       -0.2029       -0.2029       
188           188           +0.068        -0.8008       -0.7328       -0.7328       
189           189           -1.6198       -0.2698       -1.8896       -1.8896       
190           190           -0.2942       -0.1333       -0.4275       -0.4275       
191           191           +0.3309       -0.0669       +0.264        +0.264        
192           192           +0.744        -0.3158       +0.4282       +0.4282       
193           193           +0.0086       -0.1318       -0.1232       -0.1232       
194           194           -2.3495       -0.2583       -2.6078       -2.6078       
195           195           -2.1557       -0.2121       -2.3678       -2.3678       
196           196           -2.606        -0.8532       -3.4592       -3.4592       
197           197           -3.0126       -0.5504       -3.563        -3.563        
198           198           -2.2812       -0.2413       -2.5225       -2.5225       
199           199           -1.5051       -0.7965       -2.3016       -2.3016       
200           200           -3.1879       -0.6221       -3.81         -3.81         
201           201           -3.7664       -0.5892       -4.3556       -4.3556       
202           202           -4.1233       -0.6734       -4.7967       -4.7967       
203           203           -1.0093       -0.2842       -1.2935       -1.2935       
204           204           -1.536        -0.3856       -1.9216       -1.9216       
205           205           -0.9813       -0.4354       -1.4167       -1.4167       
206           206           -2.18         -0.4381       -2.6181       -2.6181       
207           207           -1.3355       -0.2772       -1.6127       -1.6127       
208           208           -2.7731       -0.4166       -3.1897       -3.1897       
209           209           -2.9624       -0.3285       -3.2909       -3.2909       
210           210           -1.3733       -0.168        -1.5413       -1.5413       
211           211           -1.495        -0.1453       -1.6403       -1.6403       
212           212           -0.5707       -0.1006       -0.6713       -0.6713       
213           213           -1.4714       -0.2533       -1.7247       -1.7247       
214           214           +0.8656       -1.2262       -0.3606       -0.3606       
215           215           +0.5901       -0.2685       +0.3216       +0.3216       
216           216           -2.8189       -4.44         -7.2589       -7.2589       
217           217           -0.0647       -0.7952       -0.8599       -0.8599       
218           218           +1.6091       -0.3737       +1.2354       +1.2354       
219           219           +0.194        -0.206        -0.012        -0.012        
220           220           +0.3454       -0.2731       +0.0723       +0.0723       
221           221           -0.0945       -0.4367       -0.5312       -0.5312       
222           222           +0.5044       -0.7598       -0.2554       -0.2554       
223           223           -0.639        -1.7452       -2.3842       -2.3842       
224           224           +0.1868       -0.6662       -0.4794       -0.4794       
225           225           +0.967        -0.6216       +0.3454       +0.3454       
226           226           -0.7592       -1.7556       -2.5148       -2.5148       
227           227           +0.1269       -2.8391       -2.7122       -2.7122       
228           228           +1.1532       -0.5986       +0.5546       +0.5546       
229           229           -1.2807       -0.6039       -1.8846       -1.8846       
230           230           -3.7705       -0.7498       -4.5203       -4.5203       
231           231           -0.6195       -1.1767       -1.7962       -1.7962       
232           232           -3.1284       -1.1373       -4.2657       -4.2657       
233           233           -1.7901       -0.5419       -2.332        -2.332        
234           234           -2.1598       -0.6131       -2.7729       -2.7729       
235           235           -0.1644       -0.1269       -0.2913       -0.2913       
236           236           -0.2235       -0.7514       -0.9749       -0.9749       
237           237           +0.7618       -0.8638       -0.102        -0.102        
238           238           -1.0703       -0.5371       -1.6074       -1.6074       
239           239           -2.7204       -0.6419       -3.3623       -3.3623       
240           240           -0.2231       -0.1257       -0.3488       -0.3488       
241           241           -0.0306       -0.4193       -0.4499       -0.4499       
242           242           -0.1998       -0.0501       -0.2499       -0.2499       
243           243           -2.5879       -0.2153       -2.8032       -2.8032       
244           244           -3.5961       -0.4072       -4.0033       -4.0033       
245           245           -3.8023       -0.2471       -4.0494       -4.0494       
246           246           -3.2907       -0.3204       -3.6111       -3.6111       
247           247           -1.0836       -0.3409       -1.4245       -1.4245       
248           248           -0.0882       -0.6313       -0.7195       -0.7195       
249           249           -2.3135       -0.2627       -2.5762       -2.5762       
250           250           +1.3173       -0.387        +0.9303       +0.9303       
251           251           -1.1418       -0.4615       -1.6033       -1.6033       
252           252           -0.5693       -0.1409       -0.7102       -0.7102       
253           253           -0.0375       -0.5974       -0.6349       -0.6349       
254           254           -0.0893       -0.2183       -0.3076       -0.3076       
255           255           -0.485        -0.1541       -0.6391       -0.6391       
256           256           -1.2225       -0.1927       -1.4152       -1.4152       
257           257           -1.5561       -0.1907       -1.7468       -1.7468       
258           258           +0.3318       -0.1208       +0.211        +0.211        
259           259           +0.6659       -0.2512       +0.4147       +0.4147       
260           260           +0.355        -0.2243       +0.1307       +0.1307       
261           261           +0.1809       -0.2646       -0.0837       -0.0837       
262           262           -0.9534       -0.4337       -1.3871       -1.3871       
263           263           -0.6231       -0.4788       -1.1019       -1.1019       
264           264           -0.994        -1.089        -2.083        -2.083        
265           265           -1.1668       -0.241        -1.4078       -1.4078       
266           266           -0.8034       -0.2085       -1.0119       -1.0119       
267           267           +0.1362       -0.4012       -0.265        -0.265        
268           268           -3.9784       -0.4818       -4.4602       -4.4602       
269           269           +0.1741       -0.2666       -0.0925       -0.0925       
270           270           -0.7194       -0.2224       -0.9418       -0.9418       
271           271           -2.9884       -0.3357       -3.3241       -3.3241       
272           272           -3.0248       -0.8037       -3.8285       -3.8285       
273           273           -0.3982       -0.5194       -0.9176       -0.9176       
274           274           -5.0509       -0.9414       -5.9923       -5.9923       
275           275           -2.7688       -0.5312       -3.3          -3.3          
276           276           -0.9904       -0.3053       -1.2957       -1.2957       
277           277           -0.3585       -0.2775       -0.636        -0.636        
278           278           +0.9999       -0.4294       +0.5705       +0.5705       
279           279           -1.3359       -1.0947       -2.4306       -2.4306       
280           280           +0.5725       -0.861        -0.2885       -0.2885       
281           281           +0.474        -0.1243       +0.3497       +0.3497       
282           282           -0.6281       -1.221        -1.8491       -1.8491       
283           283           -1.4171       -2.171        -3.5881       -3.5881       
284           284           -0.1948       -2.9517       -3.1465       -3.1465       
285           285           +1.4138       -0.1271       +1.2867       +1.2867       
286           286           +0.0369       -0.6635       -0.6266       -0.6266       
287           287           +0.9552       -2.6541       -1.6989       -1.6989       
288           288           -2.3519       -3.1654       -5.5173       -5.5173       
289           289           -5.5802       -4.5482       -10.1284      -10.1284      
290           290           +0.7348       -3.5154       -2.7806       -2.7806       
291           291           -0.4855       -3.8265       -4.312        -4.312        
292           292           +0.0226       -3.1441       -3.1215       -3.1215       
293           293           +0.7175       -4.2306       -3.5131       -3.5131       
294           294           +4.8112       -1.2913       +3.5199       +3.5199       
295           295           +1.9821       -4.3511       -2.369        -2.369        
296           296           +0.7757       -0.6749       +0.1008       +0.1008       
297           297           +0.305        -1.9938       -1.6888       -1.6888       
298           298           -3.1631       -3.371        -6.5341       -6.5341       
299           299           -0.3743       -0.5878       -0.9621       -0.9621       
300           300           -1.6263       -0.5875       -2.2138       -2.2138       
301           301           +0.3051       -0.6075       -0.3024       -0.3024       
302           302           -3.3495       -2.9767       -6.3262       -6.3262       
303           303           -0.3987       -1.4944       -1.8931       -1.8931       
304           304           -3.0745       -2.2718       -5.3463       -5.3463       
305           305           -3.0355       -2.2219       -5.2574       -5.2574       
306           306           -0.2879       -1.175        -1.4629       -1.4629       
307           307           -2.0204       -2.3416       -4.362        -4.362        
308           308           -0.3107       -0.859        -1.1697       -1.1697       
309           309           -1.6523       -4.0616       -5.7139       -5.7139       
310           310           +3.6064       -2.3373       +1.2691       +1.2691       
311           311           -0.4525       -1.7315       -2.184        -2.184        
312           312           +0.7886       -2.8429       -2.0543       -2.0543       
313           313           +1.2873       -1.2663       +0.021        +0.021        
314           314           +0.7946       -2.349        -1.5544       -1.5544       
315           315           +2.406        -1.6338       +0.7722       +0.7722       
316           316           +0.4011       -0.7847       -0.3836       -0.3836       
317           317           -0.4722       -2.7253       -3.1975       -3.1975       
318           318           +0.6496       -0.7098       -0.0602       -0.0602       
319           319           +0.2228       -0.7484       -0.5256       -0.5256       
320           320           -0.6149       -0.716        -1.3309       -1.3309       
321           321           +1.551        -0.8623       +0.6887       +0.6887       
322           322           +1.8514       -3.0351       -1.1837       -1.1837       
323           323           -0.5418       -2.1981       -2.7399       -2.7399       
324           324           -1.7047       -5.473        -7.1777       -7.1777       
325           325           +1.0968       -2.8556       -1.7588       -1.7588       
326           326           +0.0461       -5.2313       -5.1852       -5.1852       
327           327           +0.0544       -1.8094       -1.755        -1.755        
328           328           -1.474        -3.5503       -5.0243       -5.0243       
329           329           -3.0402       -4.0637       -7.1039       -7.1039       
330           330           -1.4073       -4.8391       -6.2464       -6.2464       
331           331           -2.5291       -6.6651       -9.1942       -9.1942       
332           332           -2.5822       -3.0848       -5.667        -5.667        
333           333           -1.5597       -4.4799       -6.0396       -6.0396       
334           334           -0.7986       -2.6358       -3.4344       -3.4344       
335           335           -2.3981       -3.2221       -5.6202       -5.6202       
336           336           +0.5348       -2.241        -1.7062       -1.7062       
337           337           -3.0233       -3.4049       -6.4282       -6.4282       
338           338           -2.1665       -3.782        -5.9485       -5.9485       
339           339           -1.1628       -3.4301       -4.5929       -4.5929       
340           340           -1.8818       -4.565        -6.4468       -6.4468       
341           341           +1.8266       -2.2442       -0.4176       -0.4176       
342           342           +0.5827       -3.8279       -3.2452       -3.2452       
343           343           -2.6458       -4.8118       -7.4576       -7.4576       
344           344           +0.4442       -6.4154       -5.9712       -5.9712       
345           345           -1.6531       -7.0635       -8.7166       -8.7166       
346           346           +0.3845       -5.2228       -4.8383       -4.8383       
347           347           -0.8554       -6.0398       -6.8952       -6.8952       
348           348           -1.1409       -5.6506       -6.7915       -6.7915       
349           349           -1.882        -7.4567       -9.3387       -9.3387       
350           350           -1.95         -4.6453       -6.5953       -6.5953       
351           351           -1.2795       -6.9465       -8.226        -8.226        
352           352           -2.1181       -5.7585       -7.8766       -7.8766       
353           353           -3.989        -5.0813       -9.0703       -9.0703       
354           354           -1.0256       -3.6903       -4.7159       -4.7159       
355           355           -0.0366       -3.2779       -3.3145       -3.3145       
356           356           +2.5572       -1.6301       +0.9271       +0.9271       
357           357           +3.2812       -2.5349       +0.7463       +0.7463       
358           358           +4.4543       -1.1875       +3.2668       +3.2668       
359           359           +2.0252       -4.9981       -2.9729       -2.9729       
360           360           +6.2532       -5.5426       +0.7106       +0.7106       
361           361           +4.3707       -3.308        +1.0627       +1.0627       
362           362           -3.0374       -4.9823       -8.0197       -8.0197       
363           363           +6.1275       -8.1856       -2.0581       -2.0581       
364           364           +5.7357       -7.0907       -1.355        -1.355        
365           365           -1.646        -5.3042       -6.9502       -6.9502       
366           366           -2.143        -5.8885       -8.0315       -8.0315       
367           367           -0.4588       -6.2475       -6.7063       -6.7063       
368           368           -5.6473       -6.9045       -12.5518      -12.5518      
369           369           +3.4652       -6.4819       -3.0167       -3.0167       
370           370           -0.4379       -6.634        -7.0719       -7.0719       
371           371           +1.1688       -5.4549       -4.2861       -4.2861       
372           372           +1.0133       -7.2534       -6.2401       -6.2401       
373           373           +1.0999       -5.2919       -4.192        -4.192        
374           374           -6.0556       -7.8299       -13.8855      -13.8855      
375           375           -1.8605       -6.913        -8.7735       -8.7735       
376           376           -0.0602       -9.1421       -9.2023       -9.2023       
377           377           +3.6669       -5.4905       -1.8236       -1.8236       
378           378           +3.4938       -4.415        -0.9212       -0.9212       
379           379           +3.2769       -5.6613       -2.3844       -2.3844       
380           380           -0.9106       -6.9773       -7.8879       -7.8879       
381           381           -3.7228       -7.2402       -10.963       -10.963       
382           382           -6.3841       -7.9162       -14.3003      -14.3003      
383           383           -4.3151       -8.0488       -12.3639      -12.3639      
384           384           -2.6792       -4.5898       -7.269        -7.269        
385           385           +0.0763       -5.4878       -5.4115       -5.4115       
386           386           -2.0266       -4.9001       -6.9267       -6.9267       
387           387           -6.2873       -5.6817       -11.969       -11.969       
388           388           -5.4972       -8.8643       -14.3615      -14.3615      
389           389           +0.0693       -5.8384       -5.7691       -5.7691       
390           390           -4.0936       -6.6095       -10.7031      -10.7031      
391           391           -2.3922       -7.2892       -9.6814       -9.6814       
392           392           -5.054        -5.8465       -10.9005      -10.9005      
393           393           -1.0818       -3.9005       -4.9823       -4.9823       
394           394           -4.6412       -5.6533       -10.2945      -10.2945      
395           395           -6.1725       -6.4285       -12.601       -12.601       
396           396           +0.8411       -6.141        -5.2999       -5.2999       
397           397           -5.4473       -4.5474       -9.9947       -9.9947       
398           398           -3.4891       -6.6079       -10.097       -10.097       
399           399           -6.2581       -6.6337       -12.8918      -12.8918      
400           400           -1.4377       -8.706        -10.1437      -10.1437      
