Frame         Time          Elec          VdW           Nonbond       Total         
0             0             +0.8256       -0.0439       +0.7817       +0.7817       
1             1             +0.8087       -0.0098       +0.7989       +0.7989       
2             2             +0.4521       -0.0708       +0.3813       +0.3813       
3             3             +1.5974       -0.0494       +1.548        +1.548        
4             4             +3.061        -0.062        +2.999        +2.999        
5             5             +1.0854       -0.0876       +0.9978       +0.9978       
6             6             +2.0971       -0.0312       +2.0659       +2.0659       
7             7             +1.4164       -0.3802       +1.0362       +1.0362       
8             8             -0.1514       -0.0554       -0.2068       -0.2068       
9             9             -2.3283       -0.1133       -2.4416       -2.4416       
10            10            -0.6489       -0.0629       -0.7118       -0.7118       
11            11            -0.4465       -0.0165       -0.463        -0.463        
12            12            +0.5145       -0.0093       +0.5052       +0.5052       
13            13            -0.0135       -0            -0.0135       -0.0135       
14            14            +0            +0            +0            +0            
15            15            -0.0715       -0.0001       -0.0716       -0.0716       
16            16            +0.3012       -0.0102       +0.291        +0.291        
17            17            -1.3951       -0.1046       -1.4997       -1.4997       
18            18            -1.7284       -0.0917       -1.8201       -1.8201       
19            19            -1.5042       -0.7295       -2.2337       -2.2337       
20            20            -0.3439       -0.0123       -0.3562       -0.3562       
21            21            +0.3855       -0.0053       +0.3802       +0.3802       
22            22            +0            +0            +0            +0            
23            23            +1.7903       -0.042        +1.7483       +1.7483       
24            24            -0.0668       -0.0008       -0.0676       -0.0676       
25            25            +0.0035       -0            +0.0035       +0.0035       
26            26            +1.1318       -0.0445       +1.0873       +1.0873       
27            27            +0.0824       -0.0396       +0.0428       +0.0428       
28            28            +0.5273       -0.0941       +0.4332       +0.4332       
29            29            -0.1994       -0.0046       -0.204        -0.204        
30            30            +0            +0            +0            +0            
31            31            -0.9893       -0.0058       -0.9951       -0.9951       
32            32            -0.7663       -0.0827       -0.849        -0.849        
33            33            +0.1066       -0.0044       +0.1022       +0.1022       
34            34            -0.0022       -0            -0.0022       -0.0022       
35            35            -1.1949       -0.024        -1.2189       -1.2189       
36            36            -0.744        -0.016        -0.76         -0.76         
37            37            -1.0503       -0.0057       -1.056        -1.056        
38            38            -0.571        -0.0255       -0.5965       -0.5965       
39            39            -1.1535       -0.0456       -1.1991       -1.1991       
40            40            -0.317        -0.1055       -0.4225       -0.4225       
41            41            -0.2728       -0.0133       -0.2861       -0.2861       
42            42            -2.1891       -0.0456       -2.2347       -2.2347       
43            43            -1.6953       -0.2576       -1.9529       -1.9529       
44            44            -3.4555       -0.5089       -3.9644       -3.9644       
45            45            -1.4269       -0.2847       -1.7116       -1.7116       
46            46            +0.427        -0.0037       +0.4233       +0.4233       
47            47            -0.274        -0.0328       -0.3068       -0.3068       
48            48            -1.6905       -0.1709       -1.8614       -1.8614       
49            49            +1.0278       -0.0555       +0.9723       +0.9723       
50            50            +1.6443       -0.0395       +1.6048       +1.6048       
51            51            -1.0152       -0.0141       -1.0293       -1.0293       
52            52            +0.1671       -0.0001       +0.167        +0.167        
53            53            -0.2836       -0.0009       -0.2845       -0.2845       
54            54            -0.544        -0.0011       -0.5451       -0.5451       
55            55            -0.0467       -0            -0.0467       -0.0467       
56            56            -0.4891       -0.0039       -0.493        -0.493        
57            57            -0.2589       -0.0005       -0.2594       -0.2594       
58            58            -0.7313       -0.0137       -0.745        -0.745        
59            59            +1.056        -0.0022       +1.0538       +1.0538       
60            60            +0            +0            +0            +0            
61            61            +0            +0            +0            +0            
62            62            +0            +0            +0            +0            
63            63            +0            +0            +0            +0            
64            64            +0            +0            +0            +0            
65            65            +0            +0            +0            +0            
66            66            +0            +0            +0            +0            
67            67            +0            +0            +0            +0            
68            68            +0            +0            +0            +0            
69            69            +0            +0            +0            +0            
70            70            +0            +0            +0            +0            
71            71            +0            +0            +0            +0            
72            72            +0            +0            +0            +0            
73            73            +0            +0            +0            +0            
74            74            +0            +0            +0            +0            
75            75            +0            +0            +0            +0            
76            76            +0            +0            +0            +0            
77            77            +0            +0            +0            +0            
78            78            +0            +0            +0            +0            
79            79            +0            +0            +0            +0            
80            80            +0            +0            +0            +0            
81            81            +0            +0            +0            +0            
82            82            +0            +0            +0            +0            
83            83            +0            +0            +0            +0            
84            84            +0            +0            +0            +0            
85            85            +0            +0            +0            +0            
86            86            +0            +0            +0            +0            
87            87            +0            +0            +0            +0            
88            88            +0            +0            +0            +0            
89            89            +0            +0            +0            +0            
90            90            +0            +0            +0            +0            
91            91            +0            +0            +0            +0            
92            92            +0            +0            +0            +0            
93            93            +0            +0            +0            +0            
94            94            +0            +0            +0            +0            
95            95            +0            +0            +0            +0            
96            96            +0            +0            +0            +0            
97            97            +0            +0            +0            +0            
98            98            +0            +0            +0            +0            
99            99            +0            +0            +0            +0            
100           100           +0            +0            +0            +0            
101           101           +0            +0            +0            +0            
102           102           +0            +0            +0            +0            
103           103           +0            +0            +0            +0            
104           104           +0            +0            +0            +0            
105           105           +0            +0            +0            +0            
106           106           +0            +0            +0            +0            
107           107           +0            +0            +0            +0            
108           108           +0            +0            +0            +0            
109           109           +0            +0            +0            +0            
110           110           +0.0155       -0            +0.0155       +0.0155       
111           111           +0            +0            +0            +0            
112           112           +0.1382       -0.0001       +0.1381       +0.1381       
113           113           +1.125        -0.0343       +1.0907       +1.0907       
114           114           +1.6059       -0.0858       +1.5201       +1.5201       
115           115           +0.2463       -0.3801       -0.1338       -0.1338       
116           116           -0.4086       -0.0535       -0.4621       -0.4621       
117           117           -0.5515       -0.4406       -0.9921       -0.9921       
118           118           +0.2307       -0.0011       +0.2296       +0.2296       
119           119           +0.0358       -0            +0.0358       +0.0358       
120           120           +0.0089       -0            +0.0089       +0.0089       
121           121           +0            +0            +0            +0            
122           122           +0.0999       -0.0098       +0.0901       +0.0901       
123           123           +0.0056       -0            +0.0056       +0.0056       
124           124           +0.079        -0            +0.079        +0.079        
125           125           +0            +0            +0            +0            
126           126           +0            +0            +0            +0            
127           127           +0            +0            +0            +0            
128           128           +0            +0            +0            +0            
129           129           +0            +0            +0            +0            
130           130           +0            +0            +0            +0            
131           131           +0            +0            +0            +0            
132           132           +0            +0            +0            +0            
133           133           +0            +0            +0            +0            
134           134           +0            +0            +0            +0            
135           135           +0            +0            +0            +0            
136           136           +0            +0            +0            +0            
137           137           +0            +0            +0            +0            
138           138           +0            +0            +0            +0            
139           139           +0            +0            +0            +0            
140           140           +0            +0            +0            +0            
141           141           +0            +0            +0            +0            
142           142           +0            +0            +0            +0            
143           143           +0            +0            +0            +0            
144           144           +0.0418       -0            +0.0418       +0.0418       
145           145           +0.3016       -0.0009       +0.3007       +0.3007       
146           146           +0.1926       -0.0114       +0.1812       +0.1812       
147           147           +1.2713       -0.3867       +0.8846       +0.8846       
148           148           +0.0978       -0.2929       -0.1951       -0.1951       
149           149           -0.8906       -0.4281       -1.3187       -1.3187       
150           150           -0.27         -0.2373       -0.5073       -0.5073       
151           151           +0.1774       -0.0632       +0.1142       +0.1142       
152           152           +0.4826       -0.0684       +0.4142       +0.4142       
153           153           +0.8397       -0.0261       +0.8136       +0.8136       
154           154           +0.211        -0.0003       +0.2107       +0.2107       
155           155           +0.8439       -0.2363       +0.6076       +0.6076       
156           156           -0.3431       -0.0689       -0.412        -0.412        
157           157           +0.0891       -0.001        +0.0881       +0.0881       
158           158           -0.4818       -0.0026       -0.4844       -0.4844       
159           159           -0.0971       -0.0001       -0.0972       -0.0972       
160           160           -0.0347       -0.015        -0.0497       -0.0497       
161           161           +0            +0            +0            +0            
162           162           +0.0112       -0            +0.0112       +0.0112       
163           163           +0            +0            +0            +0            
164           164           +0            +0            +0            +0            
165           165           +0            +0            +0            +0            
166           166           +0            +0            +0            +0            
167           167           +0            +0            +0            +0            
168           168           +0            +0            +0            +0            
169           169           +0            +0            +0            +0            
170           170           +0.023        -0            +0.023        +0.023        
171           171           +0            +0            +0            +0            
172           172           +0            +0            +0            +0            
173           173           +0            +0            +0            +0            
174           174           +0.1853       -0.0006       +0.1847       +0.1847       
175           175           +0            +0            +0            +0            
176           176           +0            +0            +0            +0            
177           177           +0            +0            +0            +0            
178           178           +0            +0            +0            +0            
179           179           +0            +0            +0            +0            
180           180           +0            +0            +0            +0            
181           181           +0            +0            +0            +0            
182           182           +0            +0            +0            +0            
183           183           -0.2555       -0.0005       -0.256        -0.256        
184           184           +0.0033       -0            +0.0033       +0.0033       
185           185           +0            +0            +0            +0            
186           186           +0            +0            +0            +0            
187           187           +0            +0            +0            +0            
188           188           +0            +0            +0            +0            
189           189           +0            +0            +0            +0            
190           190           +0            +0            +0            +0            
191           191           +0            +0            +0            +0            
192           192           +0            +0            +0            +0            
193           193           +0            +0            +0            +0            
194           194           +0            +0            +0            +0            
195           195           +0            +0            +0            +0            
196           196           +0            +0            +0            +0            
197           197           +0            +0            +0            +0            
198           198           +0            +0            +0            +0            
199           199           +0            +0            +0            +0            
200           200           +0            +0            +0            +0            
201           201           +0            +0            +0            +0            
202           202           +0            +0            +0            +0            
203           203           +0            +0            +0            +0            
204           204           +0            +0            +0            +0            
205           205           +0            +0            +0            +0            
206           206           +0            +0            +0            +0            
207           207           +0            +0            +0            +0            
208           208           +0            +0            +0            +0            
209           209           +0            +0            +0            +0            
210           210           +0            +0            +0            +0            
211           211           +0            +0            +0            +0            
212           212           +0            +0            +0            +0            
213           213           +0            +0            +0            +0            
214           214           +0            +0            +0            +0            
215           215           +0            +0            +0            +0            
216           216           +0            +0            +0            +0            
217           217           +0            +0            +0            +0            
218           218           +0            +0            +0            +0            
219           219           +0            +0            +0            +0            
220           220           +0            +0            +0            +0            
221           221           +0            +0            +0            +0            
222           222           +0            +0            +0            +0            
223           223           +0            +0            +0            +0            
224           224           +0            +0            +0            +0            
225           225           +0            +0            +0            +0            
226           226           +0            +0            +0            +0            
227           227           +0            +0            +0            +0            
228           228           +0            +0            +0            +0            
229           229           +0            +0            +0            +0            
230           230           +0            +0            +0            +0            
231           231           +0            +0            +0            +0            
232           232           +0            +0            +0            +0            
233           233           +0            +0            +0            +0            
234           234           +0            +0            +0            +0            
235           235           +0            +0            +0            +0            
236           236           +0            +0            +0            +0            
237           237           +0            +0            +0            +0            
238           238           +0            +0            +0            +0            
239           239           +0            +0            +0            +0            
240           240           +0            +0            +0            +0            
241           241           +0            +0            +0            +0            
242           242           +0            +0            +0            +0            
243           243           +0            +0            +0            +0            
244           244           +0            +0            +0            +0            
245           245           +0            +0            +0            +0            
246           246           +0            +0            +0            +0            
247           247           +0            +0            +0            +0            
248           248           +0            +0            +0            +0            
249           249           +0            +0            +0            +0            
250           250           +0            +0            +0            +0            
251           251           +0            +0            +0            +0            
252           252           +0            +0            +0            +0            
253           253           +0            +0            +0            +0            
254           254           +0            +0            +0            +0            
255           255           +0            +0            +0            +0            
256           256           +0            +0            +0            +0            
257           257           +0            +0            +0            +0            
258           258           +0            +0            +0            +0            
259           259           +0            +0            +0            +0            
260           260           +0            +0            +0            +0            
261           261           +0            +0            +0            +0            
262           262           +0            +0            +0            +0            
263           263           +0            +0            +0            +0            
264           264           +0            +0            +0            +0            
265           265           +0            +0            +0            +0            
266           266           +0            +0            +0            +0            
267           267           +0            +0            +0            +0            
268           268           +0            +0            +0            +0            
269           269           +0            +0            +0            +0            
270           270           +0            +0            +0            +0            
271           271           +0            +0            +0            +0            
272           272           +0            +0            +0            +0            
273           273           +0            +0            +0            +0            
274           274           +0            +0            +0            +0            
275           275           +0            +0            +0            +0            
276           276           +0            +0            +0            +0            
277           277           +0            +0            +0            +0            
278           278           +0            +0            +0            +0            
279           279           +0            +0            +0            +0            
280           280           +0            +0            +0            +0            
281           281           +0            +0            +0            +0            
282           282           +0            +0            +0            +0            
283           283           +0            +0            +0            +0            
284           284           +0            +0            +0            +0            
285           285           +0            +0            +0            +0            
286           286           +0            +0            +0            +0            
287           287           +0            +0            +0            +0            
288           288           +0            +0            +0            +0            
289           289           +0            +0            +0            +0            
290           290           +0            +0            +0            +0            
291           291           +0            +0            +0            +0            
292           292           +0            +0            +0            +0            
293           293           +0            +0            +0            +0            
294           294           +0            +0            +0            +0            
295           295           +0            +0            +0            +0            
296           296           +0            +0            +0            +0            
297           297           +0            +0            +0            +0            
298           298           +0            +0            +0            +0            
299           299           +0            +0            +0            +0            
300           300           +0            +0            +0            +0            
301           301           +0            +0            +0            +0            
302           302           +0            +0            +0            +0            
303           303           +0            +0            +0            +0            
304           304           +0            +0            +0            +0            
305           305           +0            +0            +0            +0            
306           306           +0            +0            +0            +0            
307           307           +0            +0            +0            +0            
308           308           +0            +0            +0            +0            
309           309           +0            +0            +0            +0            
310           310           +0            +0            +0            +0            
311           311           +0            +0            +0            +0            
312           312           +0            +0            +0            +0            
313           313           +0            +0            +0            +0            
314           314           +0            +0            +0            +0            
315           315           +0            +0            +0            +0            
316           316           +0            +0            +0            +0            
317           317           +0            +0            +0            +0            
318           318           +0            +0            +0            +0            
319           319           +0            +0            +0            +0            
320           320           +0            +0            +0            +0            
321           321           +0            +0            +0            +0            
322           322           +0            +0            +0            +0            
323           323           +0            +0            +0            +0            
324           324           +0            +0            +0            +0            
325           325           +0            +0            +0            +0            
326           326           +0            +0            +0            +0            
327           327           +0            +0            +0            +0            
328           328           +0            +0            +0            +0            
329           329           +0            +0            +0            +0            
330           330           +0            +0            +0            +0            
331           331           +0            +0            +0            +0            
332           332           +0            +0            +0            +0            
333           333           +0            +0            +0            +0            
334           334           +0            +0            +0            +0            
335           335           +0            +0            +0            +0            
336           336           +0            -0            +0            +0            
337           337           +0            +0            +0            +0            
338           338           +0            +0            +0            +0            
339           339           +0            +0            +0            +0            
340           340           +0            +0            +0            +0            
341           341           +0            +0            +0            +0            
342           342           +0            +0            +0            +0            
343           343           +0.1151       -0.0001       +0.115        +0.115        
344           344           +0.7097       -0.0155       +0.6942       +0.6942       
345           345           -0.4544       -0.3583       -0.8127       -0.8127       
346           346           +0.113        -0            +0.113        +0.113        
347           347           +0            +0            +0            +0            
348           348           +0            +0            +0            +0            
349           349           +0            +0            +0            +0            
350           350           +0            +0            +0            +0            
351           351           +0            +0            +0            +0            
352           352           +0            +0            +0            +0            
353           353           +0            +0            +0            +0            
354           354           +0            +0            +0            +0            
355           355           +0            +0            +0            +0            
