Frame         Time          Elec          VdW           Nonbond       Total         
0             0             -16.5574      -5.2756       -21.833       -21.833       
1             1             -3.2184       -7.4801       -10.6985      -10.6985      
2             2             +1.6827       -4.8875       -3.2048       -3.2048       
3             3             +6.9925       -4.5954       +2.3971       +2.3971       
4             4             +4.8359       -4.8664       -0.0305       -0.0305       
5             5             -4.7494       -7.7894       -12.5388      -12.5388      
6             6             -2.8739       -7.7288       -10.6027      -10.6027      
7             7             -2.1909       -7.157        -9.3479       -9.3479       
8             8             -6.4697       -5.5947       -12.0644      -12.0644      
9             9             -3.4692       -8.5947       -12.0639      -12.0639      
10            10            -5.5189       -8.5212       -14.0401      -14.0401      
11            11            -4.2297       -6.124        -10.3537      -10.3537      
12            12            -2.3733       -7.2176       -9.5909       -9.5909       
13            13            +2.276        -6.728        -4.452        -4.452        
14            14            -4.9869       -6.107        -11.0939      -11.0939      
15            15            +0.2528       -7.0129       -6.7601       -6.7601       
16            16            -1.0584       -7.652        -8.7104       -8.7104       
17            17            -4.4625       -7.2188       -11.6813      -11.6813      
18            18            -8.6933       -5.6368       -14.3301      -14.3301      
19            19            +2.2962       -7.2608       -4.9646       -4.9646       
20            20            -3.3165       -5.2252       -8.5417       -8.5417       
21            21            -5.4922       -7.1538       -12.646       -12.646       
22            22            -5.0296       -6.3701       -11.3997      -11.3997      
23            23            -7.5852       -5.9222       -13.5074      -13.5074      
24            24            +0.0711       -6.6075       -6.5364       -6.5364       
25            25            +1.1604       -5.9165       -4.7561       -4.7561       
26            26            +7.0061       -6.7646       +0.2415       +0.2415       
27            27            +7.522        -5.2473       +2.2747       +2.2747       
28            28            +5.1573       -5.3394       -0.1821       -0.1821       
29            29            +1.6702       -5.7742       -4.104        -4.104        
30            30            +2.2409       -4.2167       -1.9758       -1.9758       
31            31            +6.6132       -4.1067       +2.5065       +2.5065       
32            32            +2.3754       -4.5593       -2.1839       -2.1839       
33            33            +4.8947       -5.9591       -1.0644       -1.0644       
34            34            +3.9557       -6.3957       -2.44         -2.44         
35            35            +4.3819       -6.4967       -2.1148       -2.1148       
36            36            +3.1162       -7.0492       -3.933        -3.933        
37            37            +8.5375       -5.0356       +3.5019       +3.5019       
38            38            +3.7225       -5.1543       -1.4318       -1.4318       
39            39            +5.1078       -6.3992       -1.2914       -1.2914       
40            40            +4.7564       -5.5727       -0.8163       -0.8163       
41            41            -0.2911       -6.7706       -7.0617       -7.0617       
42            42            +1.2501       -5.7887       -4.5386       -4.5386       
43            43            +6.0198       -5.9484       +0.0714       +0.0714       
44            44            -0.3793       -4.8504       -5.2297       -5.2297       
45            45            +2.5243       -5.8046       -3.2803       -3.2803       
46            46            +1.6186       -6.2687       -4.6501       -4.6501       
47            47            +0.0449       -6.3421       -6.2972       -6.2972       
48            48            -9.5362       -7.2418       -16.778       -16.778       
49            49            -12.4564      -5.0964       -17.5528      -17.5528      
50            50            -10.6514      -3.8637       -14.5151      -14.5151      
51            51            -10.3695      -6.4197       -16.7892      -16.7892      
52            52            -10.7608      -7.2369       -17.9977      -17.9977      
53            53            -17.3835      -7.3983       -24.7818      -24.7818      
54            54            -14.3821      -6.6777       -21.0598      -21.0598      
55            55            -8.3282       -7.0327       -15.3609      -15.3609      
56            56            -5.798        -5.4875       -11.2855      -11.2855      
57            57            -10.6115      -6.0346       -16.6461      -16.6461      
58            58            -7.4613       -7.6893       -15.1506      -15.1506      
59            59            -4.7199       -8.0458       -12.7657      -12.7657      
60            60            -7.4813       -7.626        -15.1073      -15.1073      
61            61            -5.1258       -6.3815       -11.5073      -11.5073      
62            62            -6.8572       -5.4785       -12.3357      -12.3357      
63            63            -9.8886       -7.7501       -17.6387      -17.6387      
64            64            -14.2871      -7.9042       -22.1913      -22.1913      
65            65            -11.6847      -6.9448       -18.6295      -18.6295      
66            66            -10.7995      -7.3782       -18.1777      -18.1777      
67            67            -8.8347       -6.1922       -15.0269      -15.0269      
68            68            -9.0589       -7.9877       -17.0466      -17.0466      
69            69            -13.5616      -6.1908       -19.7524      -19.7524      
70            70            -13.1781      -5.6328       -18.8109      -18.8109      
71            71            -18.487       -7.901        -26.388       -26.388       
72            72            -1.9019       -5.6289       -7.5308       -7.5308       
73            73            -0.3216       -4.3328       -4.6544       -4.6544       
74            74            -3.5223       -5.3143       -8.8366       -8.8366       
75            75            -5.0681       -2.3744       -7.4425       -7.4425       
76            76            +0.2931       -6.9929       -6.6998       -6.6998       
77            77            -11.8122      -7.9614       -19.7736      -19.7736      
78            78            -3.3803       -8.0388       -11.4191      -11.4191      
79            79            -7.1984       -6.5995       -13.7979      -13.7979      
80            80            -7.2203       -6.1707       -13.391       -13.391       
81            81            -5.451        -7.9608       -13.4118      -13.4118      
82            82            -6.0833       -6.6173       -12.7006      -12.7006      
83            83            -16.2563      -5.9154       -22.1717      -22.1717      
84            84            -5.6268       -8.0193       -13.6461      -13.6461      
85            85            -7.5852       -5.9526       -13.5378      -13.5378      
86            86            -7.2148       -7.9775       -15.1923      -15.1923      
87            87            -10.0146      -8.4567       -18.4713      -18.4713      
88            88            -6.6948       -8.3425       -15.0373      -15.0373      
89            89            -10.2824      -7.097        -17.3794      -17.3794      
90            90            -14.6237      -6.5623       -21.186       -21.186       
91            91            -11.5567      -7.284        -18.8407      -18.8407      
92            92            -12.4009      -5.8489       -18.2498      -18.2498      
93            93            -4.5201       -8.5808       -13.1009      -13.1009      
94            94            -8.4111       -7.141        -15.5521      -15.5521      
95            95            -7.9389       -7.561        -15.4999      -15.4999      
96            96            -6.3561       -7.2287       -13.5848      -13.5848      
97            97            -14.4194      -7.524        -21.9434      -21.9434      
98            98            -9.4218       -8.1838       -17.6056      -17.6056      
99            99            -11.2292      -7.9453       -19.1745      -19.1745      
100           100           -7.375        -8.0429       -15.4179      -15.4179      
101           101           -10.2641      -6.0429       -16.307       -16.307       
102           102           -6.6793       -8.7924       -15.4717      -15.4717      
103           103           -3.6101       -6.9959       -10.606       -10.606       
104           104           +9.6951       -6.0066       +3.6885       +3.6885       
105           105           +5.5724       -3.9481       +1.6243       +1.6243       
106           106           -0.4717       -3.8556       -4.3273       -4.3273       
107           107           -3.7808       -6.515        -10.2958      -10.2958      
108           108           -0.7201       -5.0329       -5.753        -5.753        
109           109           +1.5941       -4.542        -2.9479       -2.9479       
110           110           +3.3745       -5.3078       -1.9333       -1.9333       
111           111           -2.1081       -5.3479       -7.456        -7.456        
112           112           +1.1655       -5.5969       -4.4314       -4.4314       
113           113           +7.066        -5.7358       +1.3302       +1.3302       
114           114           +3.3737       -4.7404       -1.3667       -1.3667       
115           115           -1.5855       -5.1999       -6.7854       -6.7854       
116           116           +3.0071       -5.1169       -2.1098       -2.1098       
117           117           +2.3713       -6.3863       -4.015        -4.015        
118           118           -1.9316       -5.3121       -7.2437       -7.2437       
119           119           +0.6815       -6.5198       -5.8383       -5.8383       
120           120           -5.5268       -5.8178       -11.3446      -11.3446      
121           121           -0.8205       -6.1453       -6.9658       -6.9658       
122           122           -3.7994       -4.7568       -8.5562       -8.5562       
123           123           -10.6588      -6.2879       -16.9467      -16.9467      
124           124           -12.0492      -7.2736       -19.3228      -19.3228      
125           125           -7.4478       -6.2376       -13.6854      -13.6854      
126           126           -8.2392       -7.5691       -15.8083      -15.8083      
127           127           -11.2656      -5.5092       -16.7748      -16.7748      
128           128           -5.6356       -5.4306       -11.0662      -11.0662      
129           129           -6.4899       -5.6539       -12.1438      -12.1438      
130           130           -6.516        -6.3063       -12.8223      -12.8223      
131           131           -7.9163       -6.7662       -14.6825      -14.6825      
132           132           -10.3759      -5.6945       -16.0704      -16.0704      
133           133           -15.4927      -4.8711       -20.3638      -20.3638      
134           134           +1.5351       -5.652        -4.1169       -4.1169       
135           135           +0.7597       -5.2618       -4.5021       -4.5021       
136           136           -10.4267      -3.9527       -14.3794      -14.3794      
137           137           -11.6604      -5.3386       -16.999       -16.999       
138           138           -13.9891      -3.2636       -17.2527      -17.2527      
139           139           -15.8795      -5.6891       -21.5686      -21.5686      
140           140           -2.7627       -5.0386       -7.8013       -7.8013       
141           141           -5.5352       -4.9699       -10.5051      -10.5051      
142           142           -14.0732      -4.5498       -18.623       -18.623       
143           143           -9.6362       -5.3853       -15.0215      -15.0215      
144           144           -14.0161      -4.2304       -18.2465      -18.2465      
145           145           -12.2425      -7.2274       -19.4699      -19.4699      
146           146           -13.2993      -1.258        -14.5573      -14.5573      
147           147           -15.1234      -5.7742       -20.8976      -20.8976      
148           148           +2.8015       -6.5456       -3.7441       -3.7441       
149           149           -3.4906       -8.0003       -11.4909      -11.4909      
150           150           +0.3734       -6.8895       -6.5161       -6.5161       
151           151           -9.3385       -6.1792       -15.5177      -15.5177      
152           152           -9.7508       -5.3877       -15.1385      -15.1385      
153           153           -13.4556      -3.4652       -16.9208      -16.9208      
154           154           -11.049       -4.4385       -15.4875      -15.4875      
155           155           -3.0036       -6.0461       -9.0497       -9.0497       
156           156           -16.7401      -4.2477       -20.9878      -20.9878      
157           157           -8.8167       -7.7641       -16.5808      -16.5808      
158           158           -3.7449       -8.5687       -12.3136      -12.3136      
159           159           -4.9206       -6.9571       -11.8777      -11.8777      
160           160           -14.52        -3.6006       -18.1206      -18.1206      
161           161           -4.1403       -6.2685       -10.4088      -10.4088      
162           162           -1.0143       -3.6501       -4.6644       -4.6644       
163           163           -0.844        -7.1038       -7.9478       -7.9478       
164           164           -6.3416       -7.4737       -13.8153      -13.8153      
165           165           -4.1351       -6.0263       -10.1614      -10.1614      
166           166           -1.4033       -5.0368       -6.4401       -6.4401       
167           167           -6.3132       -5.4709       -11.7841      -11.7841      
168           168           -13.4252      -3.6829       -17.1081      -17.1081      
169           169           -13.1701      -4.2916       -17.4617      -17.4617      
170           170           -8.8891       -3.0877       -11.9768      -11.9768      
171           171           -5.013        -4.6384       -9.6514       -9.6514       
172           172           -17.8328      -3.253        -21.0858      -21.0858      
173           173           -6.421        -4.9652       -11.3862      -11.3862      
174           174           -11.3823      -3.2118       -14.5941      -14.5941      
175           175           -5.288        -3.569        -8.857        -8.857        
176           176           -9.4617       -3.3824       -12.8441      -12.8441      
177           177           -10.0388      -5.7651       -15.8039      -15.8039      
178           178           -19.0529      -4.8929       -23.9458      -23.9458      
179           179           -10.7141      -7.7335       -18.4476      -18.4476      
180           180           -14.2331      -5.2085       -19.4416      -19.4416      
181           181           -9.4932       -7.7391       -17.2323      -17.2323      
182           182           -9.1783       -5.9617       -15.14        -15.14        
183           183           +3.1353       -6.0976       -2.9623       -2.9623       
184           184           -8.5988       -5.9783       -14.5771      -14.5771      
185           185           -8.6813       -4.593        -13.2743      -13.2743      
186           186           -7.7009       -5.1065       -12.8074      -12.8074      
187           187           -1.8793       -4.6475       -6.5268       -6.5268       
188           188           -6.3509       -5.4014       -11.7523      -11.7523      
189           189           -9.0638       -4.5964       -13.6602      -13.6602      
190           190           -9.8733       -5.9576       -15.8309      -15.8309      
191           191           -9.7876       -5.5417       -15.3293      -15.3293      
192           192           -16.6358      -6.7474       -23.3832      -23.3832      
193           193           -2.6408       -6.0632       -8.704        -8.704        
194           194           -12.2343      -6.7784       -19.0127      -19.0127      
195           195           -12.1992      -5.7433       -17.9425      -17.9425      
196           196           -14.4246      -2.5165       -16.9411      -16.9411      
197           197           -13.0056      -4.3523       -17.3579      -17.3579      
198           198           -13.5142      -3.3459       -16.8601      -16.8601      
199           199           -13.9685      -4.8492       -18.8177      -18.8177      
200           200           -25.2094      -3.197        -28.4064      -28.4064      
201           201           -5.412        -5.5521       -10.9641      -10.9641      
202           202           -19.4359      -5.6958       -25.1317      -25.1317      
203           203           -28.5495      -3.1866       -31.7361      -31.7361      
204           204           -19.9519      -3.3702       -23.3221      -23.3221      
205           205           -14.1021      -5.8515       -19.9536      -19.9536      
206           206           -21.6552      -4.0571       -25.7123      -25.7123      
207           207           -19.1217      +0.0252       -19.0965      -19.0965      
208           208           -14.4174      -6.2647       -20.6821      -20.6821      
209           209           -21.0434      -5.0981       -26.1415      -26.1415      
210           210           -16.6638      -6.3735       -23.0373      -23.0373      
211           211           -7.6947       -5.3819       -13.0766      -13.0766      
212           212           -16.0391      -6.0623       -22.1014      -22.1014      
213           213           -11.3139      -7.4375       -18.7514      -18.7514      
214           214           -9.9089       -6.442        -16.3509      -16.3509      
215           215           -9.4937       -5.7843       -15.278       -15.278       
216           216           -13.4476      -5.945        -19.3926      -19.3926      
217           217           -9.8458       -3.7906       -13.6364      -13.6364      
218           218           -5.9986       -6.4738       -12.4724      -12.4724      
219           219           -6.6038       -6.0369       -12.6407      -12.6407      
220           220           -13.1982      -6.361        -19.5592      -19.5592      
221           221           -4.1948       -6.7345       -10.9293      -10.9293      
222           222           -6.9961       -6.5461       -13.5422      -13.5422      
223           223           -6.5902       -4.8733       -11.4635      -11.4635      
224           224           -2.5868       -4.6163       -7.2031       -7.2031       
225           225           +5.2746       -4.0673       +1.2073       +1.2073       
226           226           -9.3553       -6.2315       -15.5868      -15.5868      
227           227           -6.4116       -6.6592       -13.0708      -13.0708      
228           228           -0.443        -9.3621       -9.8051       -9.8051       
229           229           +2.4468       -7.6319       -5.1851       -5.1851       
230           230           -3.1864       -6.093        -9.2794       -9.2794       
231           231           -0.1021       -5.1061       -5.2082       -5.2082       
232           232           +0.0006       -5.6169       -5.6163       -5.6163       
233           233           +3.5837       -5.062        -1.4783       -1.4783       
234           234           -6.8228       -5.7121       -12.5349      -12.5349      
235           235           -5.686        -6.4415       -12.1275      -12.1275      
236           236           -9.6857       -6.4483       -16.134       -16.134       
237           237           -5.7529       -5.8456       -11.5985      -11.5985      
238           238           -2.7087       -5.0759       -7.7846       -7.7846       
239           239           -1.3268       -5.0862       -6.413        -6.413        
240           240           +0.877        -5.7144       -4.8374       -4.8374       
241           241           +1.1315       -5.7521       -4.6206       -4.6206       
242           242           +0.4802       -5.2453       -4.7651       -4.7651       
243           243           -3.1887       -5.2296       -8.4183       -8.4183       
244           244           +1.9973       -5.7748       -3.7775       -3.7775       
245           245           -1.9757       -4.943        -6.9187       -6.9187       
246           246           +3.4147       -5.7727       -2.358        -2.358        
247           247           +1.2051       -3.6908       -2.4857       -2.4857       
248           248           -5.3066       -5.2129       -10.5195      -10.5195      
249           249           -0.5149       -5.6362       -6.1511       -6.1511       
250           250           -4.4178       -5.6087       -10.0265      -10.0265      
251           251           -1.9765       -6.6278       -8.6043       -8.6043       
252           252           -6.1051       -5.9785       -12.0836      -12.0836      
253           253           +0.6069       -5.9044       -5.2975       -5.2975       
254           254           +3.4119       -5.0998       -1.6879       -1.6879       
255           255           +2.854        -5.4492       -2.5952       -2.5952       
256           256           +1.4055       -3.8852       -2.4797       -2.4797       
257           257           +5.1127       -7.4121       -2.2994       -2.2994       
258           258           -11.4143      -7.1268       -18.5411      -18.5411      
259           259           -5.4654       -7.0821       -12.5475      -12.5475      
260           260           -6.5364       -6.9483       -13.4847      -13.4847      
261           261           -3.413        -6.8943       -10.3073      -10.3073      
262           262           +2.7313       -7            -4.2687       -4.2687       
263           263           -13.1305      -6.36         -19.4905      -19.4905      
264           264           -17.4089      -5.415        -22.8239      -22.8239      
265           265           +3.5793       -6.2383       -2.659        -2.659        
266           266           -2.1158       -7.3552       -9.471        -9.471        
267           267           +4.9374       -6.7763       -1.8389       -1.8389       
268           268           -2.4672       -4.4127       -6.8799       -6.8799       
269           269           -5.0639       -6.1589       -11.2228      -11.2228      
270           270           -0.8287       -7.2188       -8.0475       -8.0475       
271           271           -2.3462       -7.6808       -10.027       -10.027       
272           272           -10.1061      -7.5211       -17.6272      -17.6272      
273           273           -2.6876       -9.1615       -11.8491      -11.8491      
274           274           -4.4936       -7.4531       -11.9467      -11.9467      
275           275           -5.7472       -6.9882       -12.7354      -12.7354      
276           276           -2.3272       -7.1875       -9.5147       -9.5147       
277           277           -2.6099       -6.4716       -9.0815       -9.0815       
278           278           -2.185        -5.7922       -7.9772       -7.9772       
279           279           -2.6013       -5.9749       -8.5762       -8.5762       
280           280           -1.3317       -5.6848       -7.0165       -7.0165       
281           281           -2.5909       -6.0158       -8.6067       -8.6067       
282           282           -7.052        -7.127        -14.179       -14.179       
283           283           -2.0051       -5.5047       -7.5098       -7.5098       
284           284           +3.4298       -6.7734       -3.3436       -3.3436       
285           285           +3.4645       -6.2429       -2.7784       -2.7784       
286           286           -4.6609       -8.3303       -12.9912      -12.9912      
287           287           -0.4045       -7.2101       -7.6146       -7.6146       
288           288           -3.7224       -7.5928       -11.3152      -11.3152      
289           289           -3.8713       -6.8738       -10.7451      -10.7451      
290           290           -3.5692       -7.6266       -11.1958      -11.1958      
291           291           -3.9679       -7.2013       -11.1692      -11.1692      
292           292           -8.3062       -8.2602       -16.5664      -16.5664      
293           293           -8.351        -5.9133       -14.2643      -14.2643      
294           294           -3.4654       -4.8458       -8.3112       -8.3112       
295           295           -4.2057       -6.9291       -11.1348      -11.1348      
296           296           -1.225        -6.3003       -7.5253       -7.5253       
297           297           -4.5846       -5.1471       -9.7317       -9.7317       
298           298           -5.2487       -6.9319       -12.1806      -12.1806      
299           299           -8.0496       -7.8426       -15.8922      -15.8922      
300           300           -2.3293       -6.7522       -9.0815       -9.0815       
301           301           +0.1969       -6.2806       -6.0837       -6.0837       
302           302           -6.2023       -6.621        -12.8233      -12.8233      
303           303           -4.1901       -6.7428       -10.9329      -10.9329      
304           304           -3.6385       -8.5922       -12.2307      -12.2307      
305           305           +1.2759       -6.8548       -5.5789       -5.5789       
306           306           -2.6424       -6.9225       -9.5649       -9.5649       
307           307           -3.6251       -5.8767       -9.5018       -9.5018       
308           308           +2.9287       -4.3994       -1.4707       -1.4707       
309           309           -9.3764       -3.5115       -12.8879      -12.8879      
310           310           -3.621        -5.4599       -9.0809       -9.0809       
311           311           -1.6883       -5.8433       -7.5316       -7.5316       
312           312           -2.1615       -7.5889       -9.7504       -9.7504       
313           313           -5.7065       -7.2168       -12.9233      -12.9233      
314           314           -6.8459       -6.6291       -13.475       -13.475       
315           315           -3.1556       -6.885        -10.0406      -10.0406      
316           316           +1.5707       -4.5195       -2.9488       -2.9488       
317           317           +0.1915       -6.3849       -6.1934       -6.1934       
318           318           +1.0404       -5.693        -4.6526       -4.6526       
319           319           +0.2582       -7.2006       -6.9424       -6.9424       
320           320           -1.4021       -6.3492       -7.7513       -7.7513       
321           321           -1.6337       -6.3681       -8.0018       -8.0018       
322           322           +3.4645       -5.3318       -1.8673       -1.8673       
323           323           +2.2182       -4.3331       -2.1149       -2.1149       
324           324           +0.7079       -6.0695       -5.3616       -5.3616       
325           325           -5.5106       -7.1601       -12.6707      -12.6707      
326           326           +4.7452       -7.7234       -2.9782       -2.9782       
327           327           +0.161        -6.7379       -6.5769       -6.5769       
328           328           -1.0073       -6.6761       -7.6834       -7.6834       
329           329           -3.4955       -6.9478       -10.4433      -10.4433      
330           330           -6.321        -6.4981       -12.8191      -12.8191      
331           331           -5.528        -7.2958       -12.8238      -12.8238      
332           332           -2.9713       -6.9841       -9.9554       -9.9554       
333           333           +0.6802       -6.4288       -5.7486       -5.7486       
334           334           -2.6009       -5.1376       -7.7385       -7.7385       
335           335           +4.0956       -5.6195       -1.5239       -1.5239       
336           336           +3.2035       -6.8271       -3.6236       -3.6236       
337           337           -1.2214       -5.829        -7.0504       -7.0504       
338           338           -2.6993       -5.0496       -7.7489       -7.7489       
339           339           +2.0681       -6.3239       -4.2558       -4.2558       
340           340           +1.8291       -6.6787       -4.8496       -4.8496       
341           341           -3.7162       -6.6028       -10.319       -10.319       
342           342           -6.5281       -7.0214       -13.5495      -13.5495      
343           343           -11.3077      -6.398        -17.7057      -17.7057      
344           344           -9.2465       -6.8222       -16.0687      -16.0687      
345           345           -3.3487       -6.1762       -9.5249       -9.5249       
346           346           -1.0841       -6.5827       -7.6668       -7.6668       
347           347           +2.0057       -6.0128       -4.0071       -4.0071       
348           348           -2.1639       -6.6351       -8.799        -8.799        
349           349           -2.366        -7.6472       -10.0132      -10.0132      
350           350           -3.2944       -6.1525       -9.4469       -9.4469       
351           351           -2.2274       -7.2757       -9.5031       -9.5031       
352           352           -3.3784       -9.0297       -12.4081      -12.4081      
353           353           -3.4429       -7.4818       -10.9247      -10.9247      
354           354           -7.94         -7.1059       -15.0459      -15.0459      
355           355           -7.2021       -7.516        -14.7181      -14.7181      
356           356           -4.175        -6.2031       -10.3781      -10.3781      
357           357           -2.277        -6.3922       -8.6692       -8.6692       
358           358           -4.7975       -6.683        -11.4805      -11.4805      
359           359           -4.8901       -7.4111       -12.3012      -12.3012      
360           360           -10.6489      -5.8418       -16.4907      -16.4907      
361           361           -7.6333       -6.1873       -13.8206      -13.8206      
362           362           -7.6332       -7.3368       -14.97        -14.97        
363           363           -3.7151       -7.0971       -10.8122      -10.8122      
364           364           -0.7159       -5.0935       -5.8094       -5.8094       
365           365           -9.2877       -5.4204       -14.7081      -14.7081      
366           366           -1.2941       -5.7843       -7.0784       -7.0784       
367           367           -5.7805       -5.7066       -11.4871      -11.4871      
368           368           -7.6547       -6.58         -14.2347      -14.2347      
369           369           -10.1245      -5.4019       -15.5264      -15.5264      
370           370           +1.4799       -7.2149       -5.735        -5.735        
371           371           +1.4617       -5.1643       -3.7026       -3.7026       
372           372           -6.277        -5.7309       -12.0079      -12.0079      
373           373           -9.3817       -7.0546       -16.4363      -16.4363      
374           374           +2.0693       -6.3905       -4.3212       -4.3212       
375           375           -9.5325       -6.9307       -16.4632      -16.4632      
376           376           -14.8958      -5.5002       -20.396       -20.396       
377           377           -10.1065      -6.5027       -16.6092      -16.6092      
378           378           -6.784        -5.4201       -12.2041      -12.2041      
379           379           -12.8154      -5.4695       -18.2849      -18.2849      
380           380           -7.0871       -3.792        -10.8791      -10.8791      
381           381           -7.9496       -5.1412       -13.0908      -13.0908      
382           382           -13.1496      -5.7612       -18.9108      -18.9108      
383           383           -6.2837       -6.1774       -12.4611      -12.4611      
384           384           -9.4162       -7.3304       -16.7466      -16.7466      
385           385           -9.7721       -7.2988       -17.0709      -17.0709      
386           386           -10.7172      -5.774        -16.4912      -16.4912      
387           387           -5.4863       -6.7338       -12.2201      -12.2201      
388           388           -0.4369       -7.0325       -7.4694       -7.4694       
389           389           -7.0451       -7.2512       -14.2963      -14.2963      
390           390           -1.1355       -5.4363       -6.5718       -6.5718       
391           391           -2.9042       -5.279        -8.1832       -8.1832       
392           392           -1.1737       -5.5138       -6.6875       -6.6875       
393           393           -0.6566       -4.6155       -5.2721       -5.2721       
394           394           -3.5686       -5.9001       -9.4687       -9.4687       
395           395           -7.8273       -5.9496       -13.7769      -13.7769      
396           396           -12.1827      -6.7721       -18.9548      -18.9548      
397           397           -5.4492       -5.7603       -11.2095      -11.2095      
398           398           -12.2713      -7.0174       -19.2887      -19.2887      
399           399           -6.9798       -6.3677       -13.3475      -13.3475      
400           400           -8.3019       -5.1661       -13.468       -13.468       
