Frame         Time          Elec          VdW           Nonbond       Total         
0             0             -15.3504      -5.1317       -20.4821      -20.4821      
1             1             -3.1319       -3.5702       -6.7021       -6.7021       
2             2             -17.2201      -5.6977       -22.9178      -22.9178      
3             3             -10.8783      -5.2919       -16.1702      -16.1702      
4             4             -23.6773      -9.8384       -33.5157      -33.5157      
5             5             -25.3423      -9.0079       -34.3502      -34.3502      
6             6             -31.5746      -6.9133       -38.4879      -38.4879      
7             7             -11.8341      -5.9773       -17.8114      -17.8114      
8             8             -16.2246      -5.1952       -21.4198      -21.4198      
9             9             -16.1217      -5.719        -21.8407      -21.8407      
10            10            -7.3732       -5.8535       -13.2267      -13.2267      
11            11            -17.969       -4.085        -22.054       -22.054       
12            12            -16.9039      -5.0494       -21.9533      -21.9533      
13            13            -20.7386      -6.7721       -27.5107      -27.5107      
14            14            -19.3063      -6.8067       -26.113       -26.113       
15            15            -22.0379      -5.7765       -27.8144      -27.8144      
16            16            -24.2053      -6.7152       -30.9205      -30.9205      
17            17            -41.8771      -8.257        -50.1341      -50.1341      
18            18            -35.7722      -6.3567       -42.1289      -42.1289      
19            19            -22.3721      -5.1874       -27.5595      -27.5595      
20            20            -31.3926      -3.5056       -34.8982      -34.8982      
21            21            -17.8758      -2.5827       -20.4585      -20.4585      
22            22            -35.8448      -5.846        -41.6908      -41.6908      
23            23            -19.2757      -6.2454       -25.5211      -25.5211      
24            24            -29.3155      -4.7951       -34.1106      -34.1106      
25            25            -26.5793      -5.2084       -31.7877      -31.7877      
26            26            -29.1564      -7.6308       -36.7872      -36.7872      
27            27            -36.107       -7.7097       -43.8167      -43.8167      
28            28            -18.3837      -5.3784       -23.7621      -23.7621      
29            29            -16.0112      -4.6987       -20.7099      -20.7099      
30            30            -7.7293       -3.3441       -11.0734      -11.0734      
31            31            +2.3221       -2.6691       -0.347        -0.347        
32            32            -5.0454       -2.5845       -7.6299       -7.6299       
33            33            -23.5528      -5.7606       -29.3134      -29.3134      
34            34            -13.4104      -6.1215       -19.5319      -19.5319      
35            35            -14.862       -6.7035       -21.5655      -21.5655      
36            36            -15.09        -5.6929       -20.7829      -20.7829      
37            37            -0.8268       -6.2864       -7.1132       -7.1132       
38            38            -12.8538      -4.1401       -16.9939      -16.9939      
39            39            -4.4619       -2.4303       -6.8922       -6.8922       
40            40            +8.9302       -3.1786       +5.7516       +5.7516       
41            41            +0.204        -3.9611       -3.7571       -3.7571       
42            42            +2.4769       -2.669        -0.1921       -0.1921       
43            43            -4.2971       -3.1507       -7.4478       -7.4478       
44            44            -7.4777       -3.8667       -11.3444      -11.3444      
45            45            +12.2828      -2.0815       +10.2013      +10.2013      
46            46            +2.6238       -3.3067       -0.6829       -0.6829       
47            47            -6.3007       -3.554        -9.8547       -9.8547       
48            48            -11.2479      -3.5353       -14.7832      -14.7832      
49            49            -6.935        -3.2422       -10.1772      -10.1772      
50            50            -5.7659       -3.656        -9.4219       -9.4219       
51            51            -4.6658       -3.3181       -7.9839       -7.9839       
52            52            -10.9418      -2.4217       -13.3635      -13.3635      
53            53            +0.1074       -2.0845       -1.9771       -1.9771       
54            54            -5.6064       -1.8049       -7.4113       -7.4113       
55            55            -7.0588       -3.2985       -10.3573      -10.3573      
56            56            -11.4799      -3.1384       -14.6183      -14.6183      
57            57            +0.646        -2.7754       -2.1294       -2.1294       
58            58            +5.2581       -1.5812       +3.6769       +3.6769       
59            59            +2.6759       -5.0859       -2.41         -2.41         
60            60            -2.5804       -3.1148       -5.6952       -5.6952       
61            61            +5.5242       -2.3413       +3.1829       +3.1829       
62            62            -1.988        -3.4828       -5.4708       -5.4708       
63            63            +4.8116       -4.3525       +0.4591       +0.4591       
64            64            +10.6618      -3.7041       +6.9577       +6.9577       
65            65            +2.7882       -6.6762       -3.888        -3.888        
66            66            -11.8218      -7.668        -19.4898      -19.4898      
67            67            -1.578        -3.3243       -4.9023       -4.9023       
68            68            -8.0095       -1.7404       -9.7499       -9.7499       
69            69            -3.5671       -3.1555       -6.7226       -6.7226       
70            70            -9.6054       -1.92         -11.5254      -11.5254      
71            71            +1.094        -3.2257       -2.1317       -2.1317       
72            72            +1.679        -3.2678       -1.5888       -1.5888       
73            73            -5.1789       -3.2012       -8.3801       -8.3801       
74            74            -3.514        -3.5928       -7.1068       -7.1068       
75            75            -18.2273      -5.8729       -24.1002      -24.1002      
76            76            -6.291        -5.4229       -11.7139      -11.7139      
77            77            -7.4771       -4.9529       -12.43        -12.43        
78            78            -9.2796       -4.5976       -13.8772      -13.8772      
79            79            +0.5137       -3.4265       -2.9128       -2.9128       
80            80            -0.8163       -3.24         -4.0563       -4.0563       
81            81            +4.2712       -4.2075       +0.0637       +0.0637       
82            82            +2.5192       -3.8588       -1.3396       -1.3396       
83            83            +2.9355       -3.4966       -0.5611       -0.5611       
84            84            -0.2052       -1.899        -2.1042       -2.1042       
85            85            +0.3433       -2.2177       -1.8744       -1.8744       
86            86            -7.4347       -2.2185       -9.6532       -9.6532       
87            87            -10.6499      -2.0345       -12.6844      -12.6844      
88            88            -3.1127       -2.2511       -5.3638       -5.3638       
89            89            -2.5014       -2.4962       -4.9976       -4.9976       
90            90            +1.0398       -2.2991       -1.2593       -1.2593       
91            91            -0.7962       -2.1282       -2.9244       -2.9244       
92            92            +1.2818       -2.6427       -1.3609       -1.3609       
93            93            +1.2869       -2.6902       -1.4033       -1.4033       
94            94            +8.3503       -2.9699       +5.3804       +5.3804       
95            95            +1.091        -2.4395       -1.3485       -1.3485       
96            96            +1.7582       -3.36         -1.6018       -1.6018       
97            97            +8.4875       -3.161        +5.3265       +5.3265       
98            98            +0.4535       -3.4018       -2.9483       -2.9483       
99            99            -0.54         -4.4457       -4.9857       -4.9857       
100           100           -4.4742       -2.3122       -6.7864       -6.7864       
101           101           -1.0735       -3.8803       -4.9538       -4.9538       
102           102           -3.6213       -2.3272       -5.9485       -5.9485       
103           103           +0.3369       -2.8057       -2.4688       -2.4688       
104           104           -2.8434       -4.3988       -7.2422       -7.2422       
105           105           -20.9786      -5.1586       -26.1372      -26.1372      
106           106           -23.2545      -2.1968       -25.4513      -25.4513      
107           107           +0.9149       -4.9223       -4.0074       -4.0074       
108           108           -8.1328       -5.1224       -13.2552      -13.2552      
109           109           -4.8853       -7.1841       -12.0694      -12.0694      
110           110           -12.3841      -4.7694       -17.1535      -17.1535      
111           111           -1.2217       -5.8361       -7.0578       -7.0578       
112           112           -11.8112      -4.4074       -16.2186      -16.2186      
113           113           -13.6138      -3.8166       -17.4304      -17.4304      
114           114           -7.0525       -4.5491       -11.6016      -11.6016      
115           115           -0.4483       -2.0745       -2.5228       -2.5228       
116           116           +7.6432       -1.7888       +5.8544       +5.8544       
117           117           -0.248        -2.3776       -2.6256       -2.6256       
118           118           -3.0474       -5.7078       -8.7552       -8.7552       
119           119           +7.5971       -3.9308       +3.6663       +3.6663       
120           120           +2.7291       -3.4059       -0.6768       -0.6768       
121           121           -4.5554       -5.5681       -10.1235      -10.1235      
122           122           +0.9049       -5.5827       -4.6778       -4.6778       
123           123           -1.6528       -4.1396       -5.7924       -5.7924       
124           124           -15.5997      -4.4948       -20.0945      -20.0945      
125           125           +1.4781       -3.3764       -1.8983       -1.8983       
126           126           +1.6143       -3.7113       -2.097        -2.097        
127           127           +2.6759       -2.7834       -0.1075       -0.1075       
128           128           -6.8053       -5.5133       -12.3186      -12.3186      
129           129           -0.4928       -3.0945       -3.5873       -3.5873       
130           130           -9.479        -5.2019       -14.6809      -14.6809      
131           131           -10.6273      -2.9322       -13.5595      -13.5595      
132           132           -18.3162      -3.3978       -21.714       -21.714       
133           133           -5.8107       -1.6286       -7.4393       -7.4393       
134           134           -4.5446       -3.0194       -7.564        -7.564        
135           135           -0.7663       -2.8524       -3.6187       -3.6187       
136           136           -5.303        -3.6816       -8.9846       -8.9846       
137           137           -11.2159      -2.1676       -13.3835      -13.3835      
138           138           -10.9363      -4.9096       -15.8459      -15.8459      
139           139           -26.4237      -4.6185       -31.0422      -31.0422      
140           140           -10.0391      -3.3074       -13.3465      -13.3465      
141           141           -12.7389      -4.8145       -17.5534      -17.5534      
142           142           -18.1708      -2.3446       -20.5154      -20.5154      
143           143           -21.0046      -3.13         -24.1346      -24.1346      
144           144           +4.0648       -3.0374       +1.0274       +1.0274       
145           145           +1.0501       -2.0243       -0.9742       -0.9742       
146           146           -0.4156       -3.2353       -3.6509       -3.6509       
147           147           -3.2356       -4.0412       -7.2768       -7.2768       
148           148           +2.2368       -3.2211       -0.9843       -0.9843       
149           149           +11.9829      -2.7333       +9.2496       +9.2496       
150           150           -9.6015       -3.9576       -13.5591      -13.5591      
151           151           +2.1633       -2.9825       -0.8192       -0.8192       
152           152           -1.4264       -1.5446       -2.971        -2.971        
153           153           -3.0964       -1.3699       -4.4663       -4.4663       
154           154           -9.763        -1.1244       -10.8874      -10.8874      
155           155           +0.0895       -1.1825       -1.093        -1.093        
156           156           -4.6048       -0.8328       -5.4376       -5.4376       
157           157           +1.8695       -1.0329       +0.8366       +0.8366       
158           158           +2.8444       -1.6358       +1.2086       +1.2086       
159           159           +8.3277       -0.6534       +7.6743       +7.6743       
160           160           +9.3865       -0.2509       +9.1356       +9.1356       
161           161           +10.6581      -1.1187       +9.5394       +9.5394       
162           162           +0.5796       -0.6788       -0.0992       -0.0992       
163           163           -1.0029       -0.6036       -1.6065       -1.6065       
164           164           +5.0103       -0.7776       +4.2327       +4.2327       
165           165           -2.0807       -0.4821       -2.5628       -2.5628       
166           166           -1.6435       -0.4158       -2.0593       -2.0593       
167           167           -10.3686      -1.1172       -11.4858      -11.4858      
168           168           -2.3991       -2.0181       -4.4172       -4.4172       
169           169           +5.9513       -0.8734       +5.0779       +5.0779       
170           170           +6.728        -0.7205       +6.0075       +6.0075       
171           171           +7.947        -0.5456       +7.4014       +7.4014       
172           172           -0.1075       -2.0796       -2.1871       -2.1871       
173           173           -4.7891       -0.6901       -5.4792       -5.4792       
174           174           -17.3546      -2.0046       -19.3592      -19.3592      
175           175           +1.1368       -0.7498       +0.387        +0.387        
176           176           -1.2433       -2.8321       -4.0754       -4.0754       
177           177           -14.9467      -2.6492       -17.5959      -17.5959      
178           178           -6.9647       -3.5886       -10.5533      -10.5533      
179           179           -5.9323       -2.5285       -8.4608       -8.4608       
180           180           -7.7239       -3.3105       -11.0344      -11.0344      
181           181           -11.2781      -2.324        -13.6021      -13.6021      
182           182           -5.5153       -0.9457       -6.461        -6.461        
183           183           -2.1493       -0.8723       -3.0216       -3.0216       
184           184           -0.8558       -1.7979       -2.6537       -2.6537       
185           185           -1.2673       -0.9806       -2.2479       -2.2479       
186           186           -6.226        -0.8178       -7.0438       -7.0438       
187           187           -8.0462       -1.3743       -9.4205       -9.4205       
188           188           -12.1048      -1.2679       -13.3727      -13.3727      
189           189           +5.0035       -4.0262       +0.9773       +0.9773       
190           190           +0.8362       -2.3142       -1.478        -1.478        
191           191           -9.604        -2.8128       -12.4168      -12.4168      
192           192           -16.9549      -3.6682       -20.6231      -20.6231      
193           193           -2.9188       -2.5369       -5.4557       -5.4557       
194           194           +0.8402       -2.5859       -1.7457       -1.7457       
195           195           -6.3254       -2.6368       -8.9622       -8.9622       
196           196           -1.7368       -2.6138       -4.3506       -4.3506       
197           197           -1.7515       -2.755        -4.5065       -4.5065       
198           198           +3.6337       -2.6181       +1.0156       +1.0156       
199           199           -1.9763       -0.8524       -2.8287       -2.8287       
200           200           +0.654        -0.9117       -0.2577       -0.2577       
201           201           +1.1201       -1.2874       -0.1673       -0.1673       
202           202           -6.5571       -3.0733       -9.6304       -9.6304       
203           203           -10.0557      -2.9597       -13.0154      -13.0154      
204           204           +6.849        -1.246        +5.603        +5.603        
205           205           +2.5874       -4.0813       -1.4939       -1.4939       
206           206           -6.6343       -2.319        -8.9533       -8.9533       
207           207           +7.3828       -2.075        +5.3078       +5.3078       
208           208           -0.2292       -1.4208       -1.65         -1.65         
209           209           -0.6021       -1.225        -1.8271       -1.8271       
210           210           -17.4959      -0.3813       -17.8772      -17.8772      
211           211           +3.6317       -4.2619       -0.6302       -0.6302       
212           212           -6.3006       -2.5261       -8.8267       -8.8267       
213           213           -15.0307      -3.2726       -18.3033      -18.3033      
214           214           +4.9261       -2.6465       +2.2796       +2.2796       
215           215           +1.427        -2.1826       -0.7556       -0.7556       
216           216           +2.4318       -2.3004       +0.1314       +0.1314       
217           217           -7.9855       -2.0315       -10.017       -10.017       
218           218           -2.1001       -3.2503       -5.3504       -5.3504       
219           219           -13.6289      -2.5041       -16.133       -16.133       
220           220           -18.0661      -2.3418       -20.4079      -20.4079      
221           221           -10.1998      -2.9067       -13.1065      -13.1065      
222           222           -0.4484       -3.405        -3.8534       -3.8534       
223           223           +2.4825       -2.2551       +0.2274       +0.2274       
224           224           -4.659        -1.7741       -6.4331       -6.4331       
225           225           +0.3005       -1.8422       -1.5417       -1.5417       
226           226           -6.7115       -5.1884       -11.8999      -11.8999      
227           227           -10.4266      -4.0405       -14.4671      -14.4671      
228           228           -15.9026      -2.8392       -18.7418      -18.7418      
229           229           -2.97         -1.722        -4.692        -4.692        
230           230           +0.0809       -0.581        -0.5001       -0.5001       
231           231           -6.2213       -1.4637       -7.685        -7.685        
232           232           -7.6459       -2.3692       -10.0151      -10.0151      
233           233           -12.0305      -3.0321       -15.0626      -15.0626      
234           234           -18.8472      -3.2798       -22.127       -22.127       
235           235           -14.5567      -3.9358       -18.4925      -18.4925      
236           236           -7.4299       -3.8462       -11.2761      -11.2761      
237           237           -11.3652      -3.5021       -14.8673      -14.8673      
238           238           -13.6136      -4.0073       -17.6209      -17.6209      
239           239           +2.5379       -3.3117       -0.7738       -0.7738       
240           240           -3.2505       -3.5597       -6.8102       -6.8102       
241           241           -6.811        -0.4302       -7.2412       -7.2412       
242           242           -6.6172       -2.6996       -9.3168       -9.3168       
243           243           -5.4703       -3.2863       -8.7566       -8.7566       
244           244           +1.6739       -2.8163       -1.1424       -1.1424       
245           245           -14.802       -2.2046       -17.0066      -17.0066      
246           246           -5.3239       -1.2041       -6.528        -6.528        
247           247           -5.0641       -0.8261       -5.8902       -5.8902       
248           248           +0.3876       -0.9075       -0.5199       -0.5199       
249           249           -3.5469       -1.3618       -4.9087       -4.9087       
250           250           -4.4204       -1.9133       -6.3337       -6.3337       
251           251           -8.9913       -3.1093       -12.1006      -12.1006      
252           252           -0.8453       -1.4804       -2.3257       -2.3257       
253           253           +2.5042       -2.1436       +0.3606       +0.3606       
254           254           +0.0194       -1.0171       -0.9977       -0.9977       
255           255           -0.8393       -1.2749       -2.1142       -2.1142       
256           256           -2.6218       -1.8985       -4.5203       -4.5203       
257           257           -7.7277       -1.2588       -8.9865       -8.9865       
258           258           -22.0194      +0.5417       -21.4777      -21.4777      
259           259           -7.431        -2.2965       -9.7275       -9.7275       
260           260           -15.4585      -4.1337       -19.5922      -19.5922      
261           261           -2.9535       -1.2255       -4.179        -4.179        
262           262           -16.2789      -0.5067       -16.7856      -16.7856      
263           263           -16.823       -3.4677       -20.2907      -20.2907      
264           264           -12.6983      -3.4548       -16.1531      -16.1531      
265           265           -24.5676      -4.5772       -29.1448      -29.1448      
266           266           -23.3627      -2.3342       -25.6969      -25.6969      
267           267           -9.6293       -2.6218       -12.2511      -12.2511      
268           268           -5.5844       -5.48         -11.0644      -11.0644      
269           269           +5.7697       -3.8824       +1.8873       +1.8873       
270           270           +5.2828       -6.2591       -0.9763       -0.9763       
271           271           -10.1311      -4.4202       -14.5513      -14.5513      
272           272           -6.8706       -4.6913       -11.5619      -11.5619      
273           273           -9.4289       -1.7205       -11.1494      -11.1494      
274           274           -3.8431       -4.2561       -8.0992       -8.0992       
275           275           +7.6382       -5.4354       +2.2028       +2.2028       
276           276           -2.9051       -4.0685       -6.9736       -6.9736       
277           277           -9.8153       -4.4144       -14.2297      -14.2297      
278           278           -19.6455      -4.9064       -24.5519      -24.5519      
279           279           -14.2157      -4.8308       -19.0465      -19.0465      
280           280           -13.8705      -2.8806       -16.7511      -16.7511      
281           281           -10.6559      -2.9722       -13.6281      -13.6281      
282           282           -11.7329      -2.5517       -14.2846      -14.2846      
283           283           -10.3782      -3.9381       -14.3163      -14.3163      
284           284           +2.1498       -4.6979       -2.5481       -2.5481       
285           285           -6.2717       -3.9141       -10.1858      -10.1858      
286           286           -14.1801      -1.9346       -16.1147      -16.1147      
287           287           -16.1108      -3.2086       -19.3194      -19.3194      
288           288           -10.9572      -0.7191       -11.6763      -11.6763      
289           289           -13.6015      +1.3515       -12.25        -12.25        
290           290           -9.2308       -2.9214       -12.1522      -12.1522      
291           291           +0.2066       -2.8216       -2.615        -2.615        
292           292           -0.3568       -3.3945       -3.7513       -3.7513       
293           293           -2.3809       +0.1226       -2.2583       -2.2583       
294           294           -2.2238       -2.4552       -4.679        -4.679        
295           295           -3.6113       -4.4703       -8.0816       -8.0816       
296           296           -13.8166      -2.5783       -16.3949      -16.3949      
297           297           -0.4486       -2.9568       -3.4054       -3.4054       
298           298           -9.514        -3.3545       -12.8685      -12.8685      
299           299           -18.5082      -4.7784       -23.2866      -23.2866      
300           300           -26.3938      -3.7962       -30.19        -30.19        
301           301           -13.5551      -5.2699       -18.825       -18.825       
302           302           -38.4268      -3.6238       -42.0506      -42.0506      
303           303           -47.7226      -4.252        -51.9746      -51.9746      
304           304           -18.164       -7.2313       -25.3953      -25.3953      
305           305           -40.2894      -3.2798       -43.5692      -43.5692      
306           306           -35.9216      -7.0398       -42.9614      -42.9614      
307           307           +0.0707       -4.7618       -4.6911       -4.6911       
308           308           -8.3057       -4.2327       -12.5384      -12.5384      
309           309           -2.6963       -3.7476       -6.4439       -6.4439       
310           310           -24.387       -1.9652       -26.3522      -26.3522      
311           311           -9.5501       -1.656        -11.2061      -11.2061      
312           312           -8.9056       -1.5084       -10.414       -10.414       
313           313           -13.8182      -2.9295       -16.7477      -16.7477      
314           314           -13.0275      -3.5842       -16.6117      -16.6117      
315           315           -8.0968       -4.756        -12.8528      -12.8528      
316           316           +4.1323       -3.3341       +0.7982       +0.7982       
317           317           -2.0799       -4.7517       -6.8316       -6.8316       
318           318           -10.3942      -4.4896       -14.8838      -14.8838      
319           319           -20.6274      -1.0584       -21.6858      -21.6858      
320           320           -17.3219      -2.8363       -20.1582      -20.1582      
321           321           -5.3027       -4.8885       -10.1912      -10.1912      
322           322           -19.0526      -1.3401       -20.3927      -20.3927      
323           323           -22.1312      -2.5571       -24.6883      -24.6883      
324           324           -19.5364      -4.783        -24.3194      -24.3194      
325           325           -16.7004      -3.676        -20.3764      -20.3764      
326           326           -10.6273      -2.2546       -12.8819      -12.8819      
327           327           -24.0956      -4.9432       -29.0388      -29.0388      
328           328           -23.7765      -3.3401       -27.1166      -27.1166      
329           329           -8.9383       -4.9071       -13.8454      -13.8454      
330           330           -17.2984      -5.5492       -22.8476      -22.8476      
331           331           -19.7844      -5.1472       -24.9316      -24.9316      
332           332           -3.0332       -4.1163       -7.1495       -7.1495       
333           333           -1.9338       -4.6827       -6.6165       -6.6165       
334           334           -9.8968       -6.0292       -15.926       -15.926       
335           335           -13.6984      -7.3445       -21.0429      -21.0429      
336           336           -18.6358      -6.7756       -25.4114      -25.4114      
337           337           -1.1232       -2.7596       -3.8828       -3.8828       
338           338           +6.6004       -2.3318       +4.2686       +4.2686       
339           339           +9.161        -2.7999       +6.3611       +6.3611       
340           340           -4.6043       -3.3914       -7.9957       -7.9957       
341           341           -11.3101      -3.5357       -14.8458      -14.8458      
342           342           +0.0102       -3.4108       -3.4006       -3.4006       
343           343           -1.6718       -2.5907       -4.2625       -4.2625       
344           344           -3.8482       -2.5227       -6.3709       -6.3709       
345           345           +4.4017       -1.0987       +3.303        +3.303        
346           346           -1.6788       -3.3915       -5.0703       -5.0703       
347           347           -12.1461      -3.8687       -16.0148      -16.0148      
348           348           -3.5752       -2.5875       -6.1627       -6.1627       
349           349           +3.6266       -3.5916       +0.035        +0.035        
350           350           +0.1889       -1.0956       -0.9067       -0.9067       
351           351           +3.8654       -4.5314       -0.666        -0.666        
352           352           -1.7294       -4.2756       -6.005        -6.005        
353           353           -9.6357       -3.5332       -13.1689      -13.1689      
354           354           +5.7679       -2.9794       +2.7885       +2.7885       
355           355           +3.194        -7.1703       -3.9763       -3.9763       
