Frame	Time	Elec	VdW	Nonbond
0	0	-177.983	-30.4674	-208.45
1	0.2	-216.107	-30.3044	-246.411
2	0.4	-225.658	-22.7024	-248.361
3	0.6	-111.811	-24.0107	-135.822
4	0.8	-104.696	-12.6497	-117.346
5	1	-106.031	-24.4072	-130.439
6	1.2	-149.808	-27.1577	-176.965
7	1.4	-165.153	-34.7917	-199.945
8	1.6	-210.762	-39.7878	-250.55
9	1.8	-230.595	-40.4087	-271.003
10	2	-186.218	-32.9126	-219.131
11	2.2	-86.1839	-30.9075	-117.091
12	2.4	-146.467	-31.8854	-178.352
13	2.6	-136.684	-33.6472	-170.331
14	2.8	-176.384	-28.8441	-205.229
15	3	-113.895	-29.793	-143.688
16	3.2	-272.25	-33.1274	-305.378
17	3.4	-227.466	-37.0936	-264.559
18	3.6	-229.797	-41.345	-271.142
19	3.8	-298.723	-44.3731	-343.096
20	4	-330.322	-45.1571	-375.479
21	4.2	-316.679	-33.6856	-350.365
22	4.4	-297.626	-47.5037	-345.129
23	4.6	-319.96	-46.6819	-366.642
24	4.8	-224.975	-38.9257	-263.901
25	5	-324.316	-35.44	-359.756
26	5.2	-216.963	-37.6794	-254.643
27	5.4	-213.32	-39.6661	-252.986
28	5.6	-263.94	-22.7033	-286.643
29	5.8	-222.55	-35.9361	-258.486
30	6	-207.254	-36.2418	-243.496
31	6.2	-240.195	-30.2213	-270.416
32	6.4	-161.084	-32.2119	-193.296
33	6.6	-206.183	-26.8299	-233.013
34	6.8	-117.992	-17.3164	-135.308
35	7	-135.43	-18.4163	-153.847
36	7.2	-172.314	-18.8978	-191.212
37	7.4	-117.712	-21.9211	-139.633
38	7.6	-171.086	-24.8427	-195.929
39	7.8	-148.873	-29.9987	-178.871
40	8	-169.454	-23.404	-192.858
41	8.2	-134.899	-23.2131	-158.112
42	8.4	-97.6233	-16.5906	-114.214
43	8.6	-170.958	-20.0368	-190.995
44	8.8	-134.259	-29.7808	-164.04
45	9	-112.715	-23.3781	-136.093
46	9.2	-137.495	-22.6014	-160.097
47	9.4	-103.127	-18.2667	-121.394
48	9.6	-160.379	-20.8595	-181.238
49	9.8	-19.9078	-13.7141	-33.6219
50	10	-67.0547	-12.6985	-79.7532
51	10.2	-90.9686	-22.3175	-113.286
52	10.4	-92.4486	-18.9349	-111.384
53	10.6	-113.167	-21.3393	-134.506
54	10.8	-76.2575	-17.1495	-93.407
55	11	-159.522	-21.0059	-180.528
56	11.2	-135.71	-20.7696	-156.479
57	11.4	-116.782	-21.2326	-138.015
58	11.6	-167.787	-19.0561	-186.843
59	11.8	-152.054	-21.4721	-173.526
60	12	-130.842	-16.4434	-147.285
61	12.2	-144.768	-15.9817	-160.75
62	12.4	-98.9094	-18.893	-117.802
63	12.6	-151.746	-18.4329	-170.179
64	12.8	-126.706	-14.1268	-140.833
65	13	-124.388	-14.9196	-139.308
66	13.2	-150.131	-21.4516	-171.582
67	13.4	-193.697	-19.2711	-212.968
68	13.6	-211.51	-20.4249	-231.934
69	13.8	-168.04	-12.6951	-180.735
70	14	-61.2119	-11.2975	-72.5094
71	14.2	-9.3281	-15.9628	-25.2909
72	14.4	-124.962	-23.6106	-148.573
73	14.6	-110.769	-23.7611	-134.53
74	14.8	-83.9435	-19.1713	-103.115
75	15	-69.5921	-16.8322	-86.4243
76	15.2	-109.9	-18.7949	-128.695
77	15.4	-98.2463	-18.6699	-116.916
78	15.6	-69.5614	-15.3767	-84.9381
79	15.8	-36.5295	-9.2757	-45.8052
80	16	-102.72	-10.5552	-113.275
81	16.2	-86.2873	-9.6614	-95.9487
82	16.4	-39.7107	-7.1571	-46.8678
83	16.6	-112.421	-13.7886	-126.21
84	16.8	-134.272	-17.7768	-152.049
85	17	-132.621	-11.5839	-144.205
86	17.2	-120.483	-10.5212	-131.004
87	17.4	-79.3814	-15.9008	-95.2822
88	17.6	-120.001	-11.987	-131.988
89	17.8	-114.369	-17.9883	-132.357
90	18	-124.305	-15.0977	-139.403
91	18.2	-57.4011	-11.2678	-68.6689
92	18.4	-119.122	-11.6512	-130.773
93	18.6	-90.4534	-18.0365	-108.49
94	18.8	-96.8851	-11.9058	-108.791
95	19	-102.85	-13.913	-116.763
96	19.2	-64.8331	-12.5698	-77.4029
97	19.4	-78.0898	-19.2752	-97.365
98	19.6	-85.618	-10.4791	-96.0971
99	19.8	-41.2111	-10.319	-51.5301
100	20	-52.4913	-8.8744	-61.3657
101	20.2	-64.9904	-13.0335	-78.0239
102	20.4	-50.4539	-10.9196	-61.3735
103	20.6	-42.2334	-11.9631	-54.1965
104	20.8	-69.4959	-16.0411	-85.537
105	21	-44.2155	-10.434	-54.6495
106	21.2	-68.532	-11.8912	-80.4232
107	21.4	-35.0075	-19.5927	-54.6002
108	21.6	-69.5786	-20.4958	-90.0744
109	21.8	-31.888	-21.6418	-53.5298
110	22	-43.3179	-19.2216	-62.5395
111	22.2	-67.061	-21.3977	-88.4587
112	22.4	-60.9631	-21.6056	-82.5687
113	22.6	-80.8685	-18.6548	-99.5233
114	22.8	-55.2353	-13.7549	-68.9902
115	23	-43.4988	-11.7711	-55.2699
116	23.2	-26.9456	-8.344	-35.2896
117	23.4	-51.3398	-13.0713	-64.4111
118	23.6	-17.9901	-15.101	-33.0911
119	23.8	-1.151	-16.2621	-17.4131
120	24	16.997	-14.9766	2.0204
121	24.2	-29.2195	-16.1903	-45.4098
122	24.4	4.1808	-14.6046	-10.4238
123	24.6	-46.4378	-22.2029	-68.6407
124	24.8	-84.0395	-27.0562	-111.096
125	25	-79.0401	-26.2022	-105.242
126	25.2	-61.0181	-28.7782	-89.7963
127	25.4	-19.5906	-30.5505	-50.1411
128	25.6	-12.3572	-30.156	-42.5132
129	25.8	-49.7947	-22.4988	-72.2935
130	26	-135.806	-31.8887	-167.695
131	26.2	-137.429	-35.0361	-172.465
132	26.4	-109.523	-27.9857	-137.509
133	26.6	-152.189	-27.5672	-179.756
134	26.8	-121.711	-20.038	-141.749
135	27	-92.0464	-15.5144	-107.561
136	27.2	-48.2404	-20.8831	-69.1235
137	27.4	-76.6828	-25.0475	-101.73
138	27.6	-74.8575	-19.0294	-93.8869
139	27.8	-40.859	-17.0724	-57.9314
140	28	-7.4631	-18.3963	-25.8594
141	28.2	-89.6961	-14.7286	-104.425
142	28.4	-85.0946	-17.7765	-102.871
143	28.6	-73.7346	-21.0602	-94.7948
144	28.8	-92.288	-16.1718	-108.46
145	29	-83.4988	-17.5128	-101.012
146	29.2	-48.4401	-17.1079	-65.548
147	29.4	-40.8414	-13.0988	-53.9402
148	29.6	-84.8667	-12.4589	-97.3256
149	29.8	-32.0009	-10.0707	-42.0716
150	30	-42.4897	-11.8668	-54.3565
151	30.2	-160.523	-19.5618	-180.084
152	30.4	-128.32	-19.5396	-147.86
153	30.6	-148.469	-23.7951	-172.265
154	30.8	-165.106	-23.9458	-189.052
155	31	-187.574	-32.422	-219.996
156	31.2	-165.07	-26.9299	-192
157	31.4	-196.162	-34.064	-230.226
158	31.6	-161.461	-23.86	-185.321
159	31.8	-103.668	-23.493	-127.161
160	32	-213.534	-23.5596	-237.094
161	32.2	-198.297	-30.371	-228.668
162	32.4	-112.422	-33.4661	-145.888
163	32.6	-131.256	-26.953	-158.209
164	32.8	-143.18	-21.9474	-165.128
165	33	-155.978	-27.4406	-183.419
166	33.2	-186.138	-35.2275	-221.365
167	33.4	-156.847	-29.4879	-186.335
168	33.6	-168.515	-33.4691	-201.984
169	33.8	-130.976	-29.9209	-160.897
170	34	-163.274	-40.123	-203.397
171	34.2	-110.121	-35.2482	-145.369
172	34.4	-99.3441	-30.8893	-130.233
173	34.6	-122.433	-32.6454	-155.078
174	34.8	-172.1	-31.6699	-203.769
175	35	-128.886	-35.6935	-164.579
176	35.2	-96.4954	-30.6119	-127.107
177	35.4	-89.2858	-30.8032	-120.089
178	35.6	-96.9494	-28.2609	-125.21
179	35.8	-146.401	-31.0793	-177.48
180	36	-78.7522	-34.0212	-112.773
181	36.2	-131.722	-30.7228	-162.445
182	36.4	-170.818	-29.1917	-200.01
183	36.6	-79.3803	-22.1728	-101.553
184	36.8	-59.675	-28.0521	-87.7271
185	37	-69.9204	-25.8985	-95.8189
186	37.2	-83.9688	-30.9934	-114.962
187	37.4	-106.054	-32.1707	-138.224
188	37.6	-123.059	-32.8063	-155.865
189	37.8	-167.772	-35.5362	-203.309
190	38	-180.128	-38.4639	-218.592
191	38.2	-148.607	-32.8512	-181.459
192	38.4	-134.199	-38.2585	-172.457
193	38.6	-128.258	-47.3053	-175.563
194	38.8	-226.926	-31.572	-258.498
195	39	-166.586	-32.4934	-199.08
196	39.2	-95.5366	-29.8451	-125.382
197	39.4	-105.213	-29.2514	-134.465
198	39.6	-102.02	-24.4367	-126.457
199	39.8	-76.5291	-31.0182	-107.547
200	40	-73.487	-27.3391	-100.826
201	40.2	-89.4556	-25.7058	-115.161
202	40.4	-90.0726	-29.5914	-119.664
203	40.6	-61.5728	-22.3341	-83.9069
204	40.8	-70.0368	-26.9901	-97.0269
205	41	-106.942	-24.3958	-131.337
206	41.2	-91.9683	-13.764	-105.732
207	41.4	-74.8126	-27.1755	-101.988
208	41.6	-83.6488	-24.6083	-108.257
209	41.8	-101.952	-25.7972	-127.749
210	42	-95.4815	-21.1474	-116.629
211	42.2	-169.158	-15.2555	-184.414
212	42.4	-176.76	-28.409	-205.169
213	42.6	-153.365	-46.0422	-199.407
214	42.8	-225.171	-42.8566	-268.028
215	43	-166.542	-27.405	-193.947
216	43.2	-236.928	-32.6642	-269.592
217	43.4	-151.438	-39.9715	-191.409
218	43.6	-252.798	-47.6258	-300.424
219	43.8	-301.344	-49.5851	-350.929
220	44	-274.867	-55.2617	-330.129
221	44.2	-246.133	-43.7686	-289.902
222	44.4	-250.225	-49.4175	-299.642
223	44.6	-198.535	-41.8277	-240.362
224	44.8	-192.724	-45.665	-238.389
225	45	-106.772	-37.6597	-144.432
226	45.2	-140.13	-55.3574	-195.487
227	45.4	-175.696	-50.0655	-225.761
228	45.6	-166.509	-56.0829	-222.591
229	45.8	-149.042	-36.8769	-185.919
230	46	-220.822	-54.1404	-274.962
231	46.2	-200.762	-52.494	-253.256
232	46.4	-255.912	-55.448	-311.36
233	46.6	-180.394	-51.4488	-231.843
234	46.8	-183.2	-41.7047	-224.905
235	47	-149.322	-39.5021	-188.824
236	47.2	-170.117	-40.1775	-210.295
237	47.4	-155.488	-37.351	-192.839
238	47.6	-126.271	-34.4535	-160.724
239	47.8	-116.191	-36.869	-153.06
240	48	-116.767	-29.5305	-146.297
241	48.2	-106.493	-37.2413	-143.735
242	48.4	-113.002	-35.2092	-148.211
243	48.6	-120.972	-34.9525	-155.925
244	48.8	-187.352	-37.2624	-224.615
245	49	-199.989	-48.2327	-248.222
246	49.2	-164.985	-28.517	-193.502
247	49.4	-144.292	-35.5514	-179.844
248	49.6	-166.673	-39.3797	-206.053
249	49.8	-218.308	-34.4482	-252.756
250	50	-246.086	-38.9401	-285.026
251	50.2	-148.005	-41.1	-189.105
252	50.4	-143.606	-35.3563	-178.963
253	50.6	-200.076	-32.3076	-232.384
254	50.8	-86.0798	-33.0187	-119.099
255	51	-145.138	-37.8601	-182.998
256	51.2	-107.531	-46.8116	-154.342
257	51.4	-153.08	-58.4363	-211.516
258	51.6	-216.496	-63.4653	-279.962
259	51.8	-147.085	-63.126	-210.211
260	52	-182.664	-59.0345	-241.699
261	52.2	-226.343	-61.978	-288.321
262	52.4	-228.019	-62.5142	-290.533
263	52.6	-232.626	-57.9895	-290.616
264	52.8	-194.826	-67.2265	-262.053
265	53	-271.973	-59.2233	-331.196
266	53.2	-186.322	-52.4737	-238.796
267	53.4	-196.365	-63.7431	-260.108
268	53.6	-271.236	-67.2832	-338.519
269	53.8	-217.477	-63.4118	-280.889
270	54	-248.381	-52.9608	-301.342
271	54.2	-235.024	-50.1606	-285.185
272	54.4	-181.167	-56.6474	-237.815
273	54.6	-170.031	-55.4189	-225.45
274	54.8	-195.415	-57.3157	-252.73
275	55	-204.247	-52.4866	-256.734
276	55.2	-251.815	-46.8338	-298.649
277	55.4	-254.776	-35.7716	-290.548
278	55.6	-232.722	-42.8418	-275.564
279	55.8	-243.905	-40.6446	-284.55
280	56	-178.401	-41.0077	-219.409
281	56.2	-195.946	-49.5185	-245.465
282	56.4	-222.064	-42.4744	-264.538
283	56.6	-249.488	-45.0878	-294.576
284	56.8	-183.96	-43.8026	-227.762
285	57	-199.837	-36.9432	-236.78
286	57.2	-231.556	-45.6271	-277.183
287	57.4	-226.876	-51.5333	-278.409
288	57.6	-264.594	-40.3443	-304.938
289	57.8	-275.657	-53.809	-329.466
290	58	-254.233	-54.3402	-308.573
291	58.2	-247.368	-58.8494	-306.218
292	58.4	-190.711	-54.7611	-245.472
293	58.6	-345.698	-45.3042	-391.002
294	58.8	-320.733	-65.3503	-386.084
295	59	-286.466	-60.848	-347.314
296	59.2	-398.858	-62.4279	-461.286
297	59.4	-382.065	-64.7806	-446.846
298	59.6	-298.199	-55.3546	-353.554
299	59.8	-283.754	-51.8461	-335.6
300	60	-265.082	-61.4729	-326.555
301	60.2	-307.666	-53.1819	-360.848
302	60.4	-296.806	-53.9088	-350.715
303	60.6	-329.132	-48.3589	-377.491
304	60.8	-339.165	-43.3484	-382.513
305	61	-282.03	-42.1615	-324.192
306	61.2	-317.074	-44.7583	-361.833
307	61.4	-307.765	-39.4428	-347.207
308	61.6	-278.149	-42.5523	-320.701
309	61.8	-318.919	-52.4825	-371.401
310	62	-295.603	-56.9982	-352.601
311	62.2	-308.365	-42.7763	-351.141
312	62.4	-296.338	-47.968	-344.306
313	62.6	-279.563	-42.337	-321.9
314	62.8	-253.104	-50.4478	-303.552
315	63	-250.492	-43.4954	-293.987
316	63.2	-280.498	-48.1052	-328.604
317	63.4	-263.538	-52.8413	-316.379
318	63.6	-268.194	-51.3759	-319.57
319	63.8	-302.234	-44.9125	-347.147
320	64	-242.387	-37.3912	-279.779
321	64.2	-347.262	-51.0172	-398.279
322	64.4	-394.433	-61.9661	-456.399
323	64.6	-338.035	-56.3019	-394.337
324	64.8	-231.618	-59.9009	-291.519
325	65	-261.897	-63.4562	-325.353
326	65.2	-349.759	-64.1765	-413.935
327	65.4	-333.607	-58.1099	-391.717
328	65.6	-271.655	-56.9931	-328.649
329	65.8	-361.506	-59.2904	-420.796
330	66	-309.6	-49.0817	-358.681
331	66.2	-375.358	-56.0522	-431.41
332	66.4	-447.347	-56.4943	-503.841
333	66.6	-393.117	-61.7933	-454.91
334	66.8	-308.588	-54.8821	-363.47
335	67	-241.067	-52.7555	-293.823
336	67.2	-160.793	-45.8075	-206.601
337	67.4	-162.796	-42.3714	-205.168
338	67.6	-169.541	-43.6824	-213.223
339	67.8	-191.072	-40.6562	-231.728
340	68	-101.097	-36.5566	-137.653
341	68.2	-127.308	-43.3217	-170.63
342	68.4	-129.313	-50.2653	-179.578
343	68.6	-130.741	-33.788	-164.529
344	68.8	-164.808	-38.5374	-203.346
345	69	-125.014	-41.59	-166.604
346	69.2	-155.357	-43.5968	-198.954
347	69.4	-140.248	-40.7493	-180.997
348	69.6	-139.06	-35.9383	-174.999
349	69.8	-126.2	-31.3606	-157.56
350	70	-138.939	-40.6072	-179.546
351	70.2	-209.318	-44.6807	-253.999
352	70.4	-377.054	-43.9154	-420.97
353	70.6	-353.913	-45.5305	-399.444
354	70.8	-267.065	-63.4029	-330.467
355	71	-269.038	-54.7969	-323.835
356	71.2	-255.798	-61.0424	-316.84
357	71.4	-202.345	-53.954	-256.299
358	71.6	-134.839	-55.3863	-190.225
359	71.8	-189.324	-55.0501	-244.374
360	72	-179.257	-61.2365	-240.494
361	72.2	-147.202	-59.0064	-206.208
362	72.4	-164.488	-58.6137	-223.102
363	72.6	-116.223	-64.9124	-181.136
364	72.8	-149.297	-68.2978	-217.595
365	73	-193.584	-77.1249	-270.709
366	73.2	-139.992	-73.2877	-213.28
367	73.4	-168.674	-81.8734	-250.547
368	73.6	-166.872	-69.8576	-236.73
369	73.8	-78.3402	-72.3299	-150.67
370	74	-240.123	-76.6141	-316.737
371	74.2	-176.877	-63.1136	-239.991
372	74.4	-182.909	-66.8162	-249.725
373	74.6	-173.636	-64.5637	-238.2
374	74.8	-137.841	-62.6687	-200.51
375	75	-177.481	-67.0955	-244.577
376	75.2	-190.404	-62.5279	-252.932
377	75.4	-160.403	-57.2467	-217.65
378	75.6	-202.574	-67.8632	-270.437
379	75.8	-234.357	-53.3464	-287.703
380	76	-139.216	-51.1027	-190.318
381	76.2	-162.897	-49.2098	-212.107
382	76.4	-128.096	-59.5962	-187.692
383	76.6	-215.341	-71.1125	-286.454
384	76.8	-133.574	-63.5993	-197.173
385	77	-163.424	-72.2707	-235.695
386	77.2	-225.506	-66.7699	-292.276
387	77.4	-195.921	-60.1999	-256.121
388	77.6	-248.461	-54.6082	-303.069
389	77.8	-223.341	-51.8096	-275.151
390	78	-146.167	-51.9078	-198.075
391	78.2	-152.047	-54.2972	-206.344
392	78.4	-104.045	-65.4032	-169.448
393	78.6	-163.931	-57.6784	-221.609
394	78.8	-199.653	-55.9296	-255.582
395	79	-151.434	-64.7671	-216.202
396	79.2	-167.451	-61.3208	-228.772
397	79.4	-138.611	-52.8806	-191.492
398	79.6	-144.282	-67.6261	-211.908
399	79.8	-150.876	-58.1048	-208.981
400	80	-151.71	-52.6397	-204.349
401	80.2	-136.891	-48.9668	-185.858
402	80.4	-98.6663	-45.1764	-143.843
403	80.6	-189.357	-53.926	-243.283
404	80.8	-192.749	-52.5151	-245.265
405	81	-184.822	-52.3863	-237.209
406	81.2	-174.809	-46.9734	-221.783
407	81.4	-156.034	-60.2643	-216.298
408	81.6	-236.829	-62.8861	-299.715
409	81.8	-278.75	-65.3322	-344.082
410	82	-325.329	-57.9687	-383.298
411	82.2	-319.926	-64.7827	-384.709
412	82.4	-215.296	-55.4312	-270.727
413	82.6	-223.39	-66.2626	-289.653
414	82.8	-213.439	-60.2089	-273.648
415	83	-188.646	-60.2832	-248.929
416	83.2	-189.665	-49.6583	-239.323
417	83.4	-185.854	-48.0311	-233.885
418	83.6	-141.371	-50.3635	-191.735
419	83.8	-260.902	-45.5615	-306.464
420	84	-198.024	-52.2045	-250.229
421	84.2	-194.468	-50.3684	-244.836
422	84.4	-76.6941	-50.8155	-127.51
423	84.6	-109.118	-51.2584	-160.377
424	84.8	-188.415	-58.6375	-247.052
425	85	-200.978	-51.1659	-252.144
426	85.2	-88.6588	-54.4283	-143.087
427	85.4	-126.71	-51.3329	-178.043
428	85.6	-113.198	-51.6652	-164.863
429	85.8	-167.388	-68.9452	-236.333
430	86	-156.437	-66.5932	-223.03
431	86.2	-186.823	-66.3709	-253.194
432	86.4	-118.202	-50.3896	-168.592
433	86.6	-165.942	-65.3679	-231.31
434	86.8	-136.885	-63.1824	-200.068
435	87	-189.901	-62.5389	-252.44
436	87.2	-187.702	-64.4127	-252.115
437	87.4	-148.007	-61.9559	-209.963
438	87.6	-109.191	-51.9891	-161.18
439	87.8	-100.861	-47.7029	-148.564
440	88	-158.799	-47.4778	-206.277
441	88.2	-191.467	-49.202	-240.669
442	88.4	-112.794	-52.6678	-165.462
443	88.6	-155.847	-55.9641	-211.811
444	88.8	-138.171	-56.8585	-195.029
445	89	-159.507	-53.22	-212.727
446	89.2	-184.098	-64.1356	-248.234
447	89.4	-244.61	-65.2925	-309.903
448	89.6	-201.127	-62.7845	-263.911
449	89.8	-195.255	-70.4407	-265.696
450	90	-332.106	-64.4944	-396.6
451	90.2	-256.624	-79.4296	-336.054
452	90.4	-243.473	-72.8544	-316.327
453	90.6	-183.667	-68.0974	-251.765
454	90.8	-203.032	-69.5132	-272.545
455	91	-179.766	-74.0455	-253.812
456	91.2	-192.776	-69.4136	-262.19
457	91.4	-216.212	-69.2001	-285.413
458	91.6	-196.048	-65.634	-261.682
459	91.8	-155.576	-52.6202	-208.196
460	92	-42.8303	-47.1628	-89.9931
461	92.2	-155.394	-53.9956	-209.39
462	92.4	-80.3419	-51.3785	-131.72
463	92.6	-157.928	-39.9103	-197.839
464	92.8	-83.3566	-55.8093	-139.166
465	93	-119.409	-48.1425	-167.551
466	93.2	-45.4213	-51.5646	-96.9859
467	93.4	-98.5108	-45.1096	-143.62
468	93.6	-160.63	-48.436	-209.066
469	93.8	-204.875	-68.2544	-273.13
470	94	-172.884	-62.9179	-235.802
471	94.2	-141.519	-64.8736	-206.393
472	94.4	-138.72	-51.713	-190.433
473	94.6	-121.969	-55.0445	-177.013
474	94.8	-85.787	-62.8797	-148.667
475	95	-70.1052	-65.6947	-135.8
476	95.2	-93.5814	-69.3157	-162.897
477	95.4	-152.578	-62.5948	-215.172
478	95.6	-79.5634	-53.9261	-133.489
479	95.8	-51.025	-68.8162	-119.841
480	96	-59.7276	-51.0911	-110.819
481	96.2	-65.7391	-59.4099	-125.149
482	96.4	-92.1037	-58.0943	-150.198
483	96.6	-86.9673	-57.3199	-144.287
484	96.8	-84.7486	-56.4964	-141.245
485	97	-118.157	-65.3997	-183.557
486	97.2	-85.4756	-73.5031	-158.979
487	97.4	-88.4246	-69.6219	-158.046
488	97.6	-110.564	-69.4395	-180.004
489	97.8	-129.413	-62.1054	-191.518
490	98	-149.166	-56.2023	-205.368
491	98.2	-120.549	-52.3318	-172.881
492	98.4	-164.781	-53.9633	-218.744
493	98.6	-97.2132	-50.5144	-147.728
494	98.8	-162.803	-57.6535	-220.457
495	99	-94.6511	-56.3492	-151
496	99.2	-124.804	-53.6864	-178.49
497	99.4	-153.937	-59.4817	-213.418
498	99.6	-148.273	-53.3589	-201.632
499	99.8	-117.215	-56.5642	-173.779
500	100	-158.88	-60.3386	-219.218
501	100.2	-121.216	-60.2812	-181.497
502	100.4	-131.721	-52.2857	-184.007
503	100.6	-120.512	-49.7316	-170.243
504	100.8	-147.434	-51.4852	-198.919
505	101	-143.104	-59.772	-202.876
506	101.2	-206.676	-61.6028	-268.279
507	101.4	-145.685	-49.2571	-194.943
508	101.6	-167.868	-51.9395	-219.807
509	101.8	-142.545	-42.7387	-185.283
510	102	-175.198	-50.6446	-225.842
511	102.2	-111.028	-44.7744	-155.803
512	102.4	-146.15	-57.9229	-204.072
513	102.6	-172.98	-54.4079	-227.388
514	102.8	-167.559	-62.2414	-229.8
515	103	-138.378	-57.6131	-195.991
516	103.2	-183.821	-46.4768	-230.297
517	103.4	-193.2	-50.2803	-243.48
518	103.6	-256.12	-56.1209	-312.24
519	103.8	-220.9	-65.7592	-286.66
520	104	-271.361	-80.1211	-351.482
521	104.2	-172.599	-76.0346	-248.633
522	104.4	-115.518	-69.6194	-185.138
523	104.6	-216.752	-79.3123	-296.064
524	104.8	-232.174	-73.9581	-306.133
525	105	-228.348	-86.1414	-314.489
526	105.2	-162.54	-75.6386	-238.179
527	105.4	-231.19	-70.7455	-301.935
528	105.6	-237.819	-69.4477	-307.267
529	105.8	-188.006	-73.3746	-261.381
530	106	-192.897	-68.3369	-261.234
531	106.2	-148.58	-67.6163	-216.196
532	106.4	-206.318	-66.8559	-273.174
533	106.6	-184.814	-59.3584	-244.172
534	106.8	-184.473	-57.6178	-242.091
535	107	-131.68	-68.7803	-200.46
536	107.2	-183.216	-69.0396	-252.256
537	107.4	-182.6	-73.1557	-255.755
538	107.6	-223.101	-69.6004	-292.702
539	107.8	-225.318	-72.8204	-298.138
540	108	-316.799	-72.027	-388.826
541	108.2	-223.42	-68.7061	-292.126
542	108.4	-312.126	-69.0097	-381.136
543	108.6	-247.522	-77.436	-324.958
544	108.8	-175.288	-63.7853	-239.073
545	109	-282.305	-59.3738	-341.679
546	109.2	-182.102	-54.2793	-236.381
547	109.4	-238.296	-69.5841	-307.88
548	109.6	-182.317	-63.3128	-245.63
549	109.8	-187.864	-59.349	-247.213
550	110	-156.729	-70.2974	-227.027
551	110.2	-174.132	-63.7105	-237.842
552	110.4	-116.896	-57.5553	-174.451
553	110.6	-188.525	-52.0775	-240.603
554	110.8	-176.245	-57.9597	-234.205
555	111	-138.423	-59.2122	-197.635
556	111.2	-77.3994	-66.102	-143.501
557	111.4	-78.1885	-59.3445	-137.533
558	111.6	-110.538	-65.1864	-175.725
559	111.8	-106.14	-62.9985	-169.138
560	112	-140.419	-64.6938	-205.112
561	112.2	-113.179	-63.3671	-176.546
562	112.4	-173.378	-57.5651	-230.943
563	112.6	-192.976	-63.4113	-256.387
564	112.8	-153.521	-56.33	-209.851
565	113	-103.386	-60.211	-163.597
566	113.2	-105.31	-51.3097	-156.62
567	113.4	-114.804	-68.1881	-182.992
568	113.6	-97.7749	-60.2812	-158.056
569	113.8	-115.382	-66.667	-182.049
570	114	-130.986	-64.8249	-195.811
571	114.2	-163.326	-69.4636	-232.79
572	114.4	-141.393	-74.3316	-215.725
573	114.6	-189.231	-77.9865	-267.217
574	114.8	-105.367	-71.6051	-176.973
575	115	-156.324	-68.7223	-225.046
576	115.2	-175.054	-67.9595	-243.013
577	115.4	-112.198	-76.6115	-188.809
578	115.6	-119.803	-60.6657	-180.469
579	115.8	-134.597	-68.6467	-203.243
580	116	-121.428	-62.7054	-184.133
581	116.2	-184.065	-63.0801	-247.145
582	116.4	-113.972	-69.5623	-183.534
583	116.6	-125.979	-86.8205	-212.799
584	116.8	-126.616	-71.1664	-197.782
585	117	-108.009	-85.8908	-193.9
586	117.2	-121.719	-61.8919	-183.611
587	117.4	-80.7315	-71.6016	-152.333
588	117.6	-91.7022	-73.3526	-165.055
589	117.8	-159.763	-72.5175	-232.281
590	118	-168.073	-67.1974	-235.271
591	118.2	-113.494	-74.4484	-187.942
592	118.4	-156.097	-56.6585	-212.755
593	118.6	-105.671	-56.1009	-161.771
594	118.8	-122.563	-63.4988	-186.062
595	119	-116.358	-82.5766	-198.934
596	119.2	-158.633	-80.4587	-239.092
597	119.4	-120.158	-73.5973	-193.755
598	119.6	-114.327	-72.9041	-187.231
599	119.8	-95.5065	-72.1733	-167.68
600	120	-119.944	-79.5668	-199.51
601	120.2	-160.563	-77.6785	-238.241
602	120.4	-163.425	-78.7417	-242.166
603	120.6	-163.551	-80.094	-243.645
604	120.8	-156.054	-82.1441	-238.198
605	121	-135.334	-74.5478	-209.882
606	121.2	-111.26	-83.4994	-194.759
607	121.4	-104.622	-69.3209	-173.943
608	121.6	-78.9403	-76.3588	-155.299
609	121.8	-84.0221	-67.5084	-151.53
610	122	-37.9712	-69.4426	-107.414
611	122.2	-107.581	-71.9821	-179.563
612	122.4	-94.8336	-62.4536	-157.287
613	122.6	-77.639	-66.9798	-144.619
614	122.8	-99.1823	-68.4943	-167.677
615	123	-149.757	-62.3584	-212.115
616	123.2	-150.661	-54.3625	-205.024
617	123.4	-162.812	-63.9334	-226.745
618	123.6	-148.005	-65.6971	-213.702
619	123.8	-181.716	-71.7855	-253.502
620	124	-119.356	-54.0345	-173.39
621	124.2	-93.0038	-40.8715	-133.875
622	124.4	-145.706	-61.1256	-206.831
623	124.6	-127.659	-68.8768	-196.536
624	124.8	-128.311	-63.5439	-191.855
625	125	-156.437	-61.9027	-218.34
626	125.2	-133.958	-62.9615	-196.919
627	125.4	-128.941	-54.0575	-182.999
628	125.6	-131.267	-46.7588	-178.026
629	125.8	-68.5373	-61.5351	-130.072
630	126	-106.545	-63.12	-169.665
631	126.2	-101.313	-70.1677	-171.481
632	126.4	-41.7187	-72.0643	-113.783
633	126.6	-63.9871	-62.6548	-126.642
634	126.8	-107.748	-61.3068	-169.054
635	127	-86.2521	-66.053	-152.305
636	127.2	-65.7058	-64.5382	-130.244
637	127.4	-77.7147	-65.7414	-143.456
638	127.6	-127.07	-71.7971	-198.867
639	127.8	-86.3897	-71.1262	-157.516
640	128	-88.702	-57.0925	-145.795
641	128.2	-112.634	-52.3154	-164.949
642	128.4	-83.6578	-69.4344	-153.092
643	128.6	-128.951	-76.0417	-204.993
644	128.8	-113.588	-69.406	-182.994
645	129	-115.701	-58.412	-174.113
646	129.2	-112.65	-65.9657	-178.616
647	129.4	-156.567	-60.9694	-217.537
648	129.6	-88.7171	-61.5182	-150.235
649	129.8	-66.3885	-71.5823	-137.971
650	130	-140.06	-77.6906	-217.75
651	130.2	-102.143	-76.2155	-178.358
652	130.4	-177.146	-73.4882	-250.634
653	130.6	-181.142	-67.1384	-248.281
654	130.8	-178.093	-71.5949	-249.688
655	131	-181.776	-74.78	-256.556
656	131.2	-165.63	-67.4506	-233.08
657	131.4	-153.597	-69.5263	-223.124
658	131.6	-166.982	-72.5163	-239.498
659	131.8	-94.0895	-71.1065	-165.196
660	132	-43.8039	-68.2376	-112.042
661	132.2	-88.2613	-64.2123	-152.474
662	132.4	-124.363	-69.1526	-193.516
663	132.6	-130.827	-49.8791	-180.706
664	132.8	-104.844	-61.6392	-166.483
665	133	-84.8993	-56.0096	-140.909
666	133.2	-80.2411	-55.9739	-136.215
667	133.4	-55.712	-53.3016	-109.014
668	133.6	23.7199	-60.8511	-37.1312
669	133.8	92.6677	-54.9618	37.7059
670	134	9.3403	-67.0697	-57.7294
671	134.2	-40.0117	-67.6342	-107.646
672	134.4	8.0833	-61.3858	-53.3025
673	134.6	20.0103	-63.571	-43.5607
674	134.8	-23.743	-62.2475	-85.9905
675	135	14.5079	-59.7836	-45.2757
676	135.2	20.8593	-60.6551	-39.7958
677	135.4	-14.0823	-62.9466	-77.0289
678	135.6	-5.449	-52.5707	-58.0197
679	135.8	-34.4624	-61.6805	-96.1429
680	136	-112.796	-61.1525	-173.949
681	136.2	-146.116	-66.3713	-212.487
682	136.4	-93.0784	-65.1737	-158.252
683	136.6	-30.3782	-51.9188	-82.297
684	136.8	-27.8315	-63.7187	-91.5502
685	137	13.5406	-55.4168	-41.8762
686	137.2	-21.5958	-59.7838	-81.3796
687	137.4	-34.0164	-64.5891	-98.6055
688	137.6	-21.8442	-54.0493	-75.8935
689	137.8	-54.1456	-64.9717	-119.117
690	138	-51.2335	-54.2667	-105.5
691	138.2	-52.632	-60.1064	-112.738
692	138.4	-73.543	-53.5409	-127.084
693	138.6	-106.117	-57.9443	-164.062
694	138.8	-99.0486	-56.059	-155.108
695	139	-181.22	-58.3323	-239.552
696	139.2	-98.83	-65.1212	-163.951
697	139.4	-87.9974	-62.5556	-150.553
698	139.6	-49.2495	-56.0461	-105.296
699	139.8	-90.4821	-59.0027	-149.485
700	140	-132.951	-70.7264	-203.677
701	140.2	-86.384	-61.0398	-147.424
702	140.4	-101.631	-61.3823	-163.014
703	140.6	-124.198	-77.8566	-202.055
704	140.8	-158.157	-68.5763	-226.734
705	141	-116.68	-61.5321	-178.212
706	141.2	-201.92	-73.9084	-275.828
707	141.4	-230.462	-70.8889	-301.351
708	141.6	-132.533	-75.3617	-207.895
709	141.8	-138.883	-71.0079	-209.891
710	142	-155.131	-71.465	-226.596
711	142.2	-90.4406	-70.8648	-161.305
712	142.4	-126.347	-71.6002	-197.947
713	142.6	-133.321	-70.2751	-203.596
714	142.8	-123.92	-54.0308	-177.951
715	143	-108.271	-71.3023	-179.573
716	143.2	-112.91	-73.4022	-186.312
717	143.4	-125.958	-71.4755	-197.434
718	143.6	-84.8086	-72.7295	-157.538
719	143.8	-132.195	-75.5762	-207.772
720	144	-126.753	-74.7869	-201.54
721	144.2	-83.0533	-70.9023	-153.956
722	144.4	-104.519	-68.3729	-172.891
723	144.6	-111.187	-68.0205	-179.208
724	144.8	-105.823	-60.0175	-165.84
725	145	-89.0274	-63.2066	-152.234
726	145.2	-139.628	-50.8103	-190.438
727	145.4	-63.1687	-56.4369	-119.606
728	145.6	-45.4506	-70.4304	-115.881
729	145.8	-44.8543	-66.7248	-111.579
730	146	-65.4216	-65.1682	-130.59
731	146.2	-64.9693	-62.4377	-127.407
732	146.4	-140.952	-66.8362	-207.788
733	146.6	-97.7965	-69.1409	-166.937
734	146.8	-101.17	-71.8505	-173.02
735	147	-137.16	-61.8644	-199.024
736	147.2	-167.041	-56.878	-223.919
737	147.4	-142.389	-64.703	-207.092
738	147.6	-199.489	-61.6324	-261.122
739	147.8	-130.227	-55.926	-186.153
740	148	-179.923	-61.8896	-241.813
741	148.2	-151.97	-51.6836	-203.654
742	148.4	-177.551	-55.7402	-233.291
743	148.6	-161.544	-57.8733	-219.418
744	148.8	-139.115	-57.6096	-196.725
745	149	-113.781	-66.7972	-180.578
746	149.2	-170.239	-68.9417	-239.18
747	149.4	-103	-61.9401	-164.94
748	149.6	-118.055	-64.7603	-182.816
749	149.8	-112.471	-68.7674	-181.238
750	150	-57.5437	-65.9219	-123.466
751	150.2	-181.083	-70.7196	-251.802
752	150.4	-122.162	-54.4209	-176.583
753	150.6	-157.178	-68.8643	-226.042
754	150.8	-150.636	-58.8703	-209.506
755	151	-111.87	-57.7284	-169.598
756	151.2	-106.468	-52.9585	-159.426
