Frame	Time	Elec	VdW	Nonbond	Total
0	0	-746.952	-232.205	-979.157	-979.157
1	0.2	-829.278	-228.244	-1057.52	-1057.52
2	0.4	-658.499	-203.635	-862.134	-862.134
3	0.6	-636.65	-231.391	-868.041	-868.041
4	0.8	-680.028	-207.94	-887.967	-887.967
5	1	-599.263	-219.179	-818.442	-818.442
6	1.2	-627.202	-211.262	-838.465	-838.465
7	1.4	-537.846	-201.714	-739.561	-739.561
8	1.6	-592.692	-219.198	-811.89	-811.89
9	1.8	-544.678	-214.795	-759.473	-759.473
10	2	-578.206	-208.423	-786.63	-786.63
11	2.2	-440.428	-188.423	-628.851	-628.851
12	2.4	-361.637	-194.439	-556.076	-556.076
13	2.6	-400.83	-195.321	-596.152	-596.152
14	2.8	-475.225	-206.037	-681.263	-681.263
15	3	-481.161	-194.391	-675.552	-675.552
16	3.2	-527.52	-203.766	-731.286	-731.286
17	3.4	-399.652	-196.5	-596.152	-596.152
18	3.6	-533.457	-205.221	-738.678	-738.678
19	3.8	-466.738	-202.013	-668.75	-668.75
20	4	-512.818	-218.097	-730.915	-730.915
21	4.2	-562.731	-216.753	-779.484	-779.484
22	4.4	-595.321	-211.53	-806.852	-806.852
23	4.6	-556.719	-189.298	-746.017	-746.017
24	4.8	-521.565	-210.532	-732.097	-732.097
25	5	-563.582	-207.081	-770.663	-770.663
26	5.2	-564.582	-195.901	-760.483	-760.483
27	5.4	-514.792	-197.56	-712.351	-712.351
28	5.6	-529.925	-213.628	-743.553	-743.553
29	5.8	-596.976	-226.927	-823.903	-823.903
30	6	-712.689	-211.669	-924.358	-924.358
31	6.2	-574.516	-203.877	-778.394	-778.394
32	6.4	-507.081	-214.942	-722.024	-722.024
33	6.6	-549.758	-209.487	-759.245	-759.245
34	6.8	-550.676	-193.096	-743.771	-743.771
35	7	-625.891	-205.612	-831.503	-831.503
36	7.2	-535.197	-229.554	-764.751	-764.751
37	7.4	-638.567	-206.478	-845.044	-845.044
38	7.6	-604.492	-223.804	-828.296	-828.296
39	7.8	-586.87	-191.993	-778.863	-778.863
40	8	-609.355	-203.884	-813.239	-813.239
41	8.2	-634.521	-203.364	-837.885	-837.885
42	8.4	-622.16	-189.468	-811.628	-811.628
43	8.6	-678.039	-196.836	-874.875	-874.875
44	8.8	-543.506	-199.039	-742.545	-742.545
45	9	-583.909	-194.364	-778.273	-778.273
46	9.2	-611.766	-190.955	-802.721	-802.721
47	9.4	-538.591	-187.973	-726.564	-726.564
48	9.6	-518.075	-191.004	-709.079	-709.079
49	9.8	-509.737	-213.781	-723.518	-723.518
50	10	-540.291	-214.79	-755.081	-755.081
51	10.2	-633.426	-199.664	-833.09	-833.09
52	10.4	-600.629	-203.377	-804.007	-804.007
53	10.6	-515.466	-210.433	-725.899	-725.899
54	10.8	-533.113	-209.641	-742.754	-742.754
55	11	-576.263	-199.604	-775.866	-775.866
56	11.2	-547.398	-195.804	-743.202	-743.202
57	11.4	-529.36	-209.064	-738.424	-738.424
58	11.6	-485.663	-227.499	-713.162	-713.162
59	11.8	-490.127	-200.297	-690.424	-690.424
60	12	-450.808	-228.765	-679.573	-679.573
61	12.2	-525.378	-210.318	-735.696	-735.696
62	12.4	-599.286	-213.076	-812.362	-812.362
63	12.6	-425.101	-224.824	-649.925	-649.925
64	12.8	-455.317	-230.884	-686.201	-686.201
65	13	-521.404	-235.344	-756.748	-756.748
66	13.2	-573.195	-218.23	-791.425	-791.425
67	13.4	-598.675	-213.498	-812.173	-812.173
68	13.6	-570.425	-226.144	-796.569	-796.569
69	13.8	-609.223	-238.147	-847.37	-847.37
70	14	-662.443	-232.305	-894.747	-894.747
71	14.2	-559.208	-223.272	-782.48	-782.48
72	14.4	-668.413	-231.861	-900.275	-900.275
73	14.6	-582.133	-228.437	-810.57	-810.57
74	14.8	-525.103	-217.868	-742.972	-742.972
75	15	-493.953	-221.853	-715.805	-715.805
76	15.2	-653.466	-233.434	-886.9	-886.9
77	15.4	-655.571	-231.822	-887.392	-887.392
78	15.6	-598.908	-223.302	-822.21	-822.21
79	15.8	-595.641	-220.392	-816.032	-816.032
80	16	-546.996	-229.6	-776.596	-776.596
81	16.2	-606.057	-226.974	-833.031	-833.031
82	16.4	-561.937	-219.184	-781.121	-781.121
83	16.6	-469.165	-237.813	-706.978	-706.978
84	16.8	-509.073	-233.249	-742.321	-742.321
85	17	-470.637	-231.698	-702.335	-702.335
86	17.2	-625.957	-221.965	-847.922	-847.922
87	17.4	-621.602	-214.976	-836.577	-836.577
88	17.6	-669.475	-240.647	-910.122	-910.122
89	17.8	-616.55	-231.446	-847.996	-847.996
90	18	-684.67	-203.086	-887.756	-887.756
91	18.2	-636.719	-216.576	-853.295	-853.295
92	18.4	-626.307	-215.768	-842.075	-842.075
93	18.6	-752.662	-212.94	-965.602	-965.602
94	18.8	-609.322	-220.437	-829.758	-829.758
95	19	-675.86	-222.946	-898.807	-898.807
96	19.2	-714.093	-230.222	-944.315	-944.315
97	19.4	-732.532	-242.899	-975.431	-975.431
98	19.6	-813.323	-221.323	-1034.65	-1034.65
99	19.8	-723.905	-222.902	-946.807	-946.807
100	20	-787.589	-240.382	-1027.97	-1027.97
101	20.2	-755.036	-207.744	-962.78	-962.78
102	20.4	-718.492	-229.422	-947.914	-947.914
103	20.6	-682.764	-229.826	-912.591	-912.591
104	20.8	-655.177	-224.959	-880.136	-880.136
105	21	-697.768	-219.815	-917.584	-917.584
106	21.2	-810.247	-236.671	-1046.92	-1046.92
107	21.4	-678.65	-225.106	-903.756	-903.756
108	21.6	-636.657	-206.25	-842.907	-842.907
109	21.8	-667.761	-205.893	-873.654	-873.654
110	22	-618.969	-212.68	-831.649	-831.649
111	22.2	-608.176	-213.917	-822.093	-822.093
112	22.4	-555.902	-215.661	-771.563	-771.563
113	22.6	-512.78	-204.929	-717.709	-717.709
114	22.8	-490.86	-207.704	-698.564	-698.564
115	23	-478.356	-216.76	-695.116	-695.116
116	23.2	-424.222	-214.431	-638.652	-638.652
117	23.4	-466.596	-219.16	-685.756	-685.756
118	23.6	-534.72	-227.067	-761.787	-761.787
119	23.8	-594.758	-220.137	-814.895	-814.895
120	24	-575.878	-202.888	-778.766	-778.766
121	24.2	-606.814	-212.911	-819.726	-819.726
122	24.4	-550.787	-226.298	-777.086	-777.086
123	24.6	-633.634	-225.987	-859.62	-859.62
124	24.8	-567.449	-215.045	-782.494	-782.494
125	25	-552.402	-208.482	-760.884	-760.884
126	25.2	-495.933	-205.067	-701	-701
127	25.4	-588.33	-203.129	-791.459	-791.459
128	25.6	-453.286	-206.41	-659.696	-659.696
129	25.8	-457.303	-203.605	-660.908	-660.908
130	26	-381.279	-189.996	-571.275	-571.275
131	26.2	-435.693	-196.061	-631.755	-631.755
132	26.4	-492.215	-204.227	-696.442	-696.442
133	26.6	-519.959	-218.762	-738.722	-738.722
134	26.8	-475.334	-219.446	-694.78	-694.78
135	27	-530.18	-222.125	-752.305	-752.305
136	27.2	-518.326	-205.999	-724.324	-724.324
137	27.4	-440.332	-219.831	-660.163	-660.163
138	27.6	-445.54	-211.551	-657.091	-657.091
139	27.8	-385.422	-215.327	-600.75	-600.75
140	28	-565.547	-209.282	-774.829	-774.829
141	28.2	-375.875	-221.572	-597.447	-597.447
142	28.4	-436.151	-227.238	-663.388	-663.388
143	28.6	-392.445	-197.234	-589.679	-589.679
144	28.8	-418.761	-203.561	-622.322	-622.322
145	29	-456.264	-208.212	-664.476	-664.476
146	29.2	-418.074	-200.735	-618.81	-618.81
147	29.4	-443.904	-211.205	-655.109	-655.109
148	29.6	-462.809	-196.703	-659.512	-659.512
149	29.8	-428.207	-201.52	-629.727	-629.727
150	30	-352.195	-202.845	-555.04	-555.04
151	30.2	-385.714	-203.859	-589.573	-589.573
152	30.4	-477.879	-215.177	-693.055	-693.055
153	30.6	-410.028	-201.126	-611.154	-611.154
154	30.8	-464.197	-211.356	-675.553	-675.553
155	31	-507.881	-209.117	-716.998	-716.998
156	31.2	-424.233	-198.258	-622.491	-622.491
157	31.4	-417.222	-206.661	-623.883	-623.883
158	31.6	-428.153	-214.351	-642.504	-642.504
159	31.8	-407.285	-198.413	-605.698	-605.698
160	32	-436.06	-200.27	-636.33	-636.33
161	32.2	-456.548	-212.393	-668.942	-668.942
162	32.4	-460.57	-203.611	-664.181	-664.181
163	32.6	-456.273	-204.432	-660.705	-660.705
164	32.8	-453.167	-210.291	-663.458	-663.458
165	33	-465.955	-216.628	-682.582	-682.582
166	33.2	-539.452	-245.077	-784.529	-784.529
167	33.4	-514.517	-203.679	-718.197	-718.197
168	33.6	-473.59	-198.965	-672.556	-672.556
169	33.8	-457.626	-218.708	-676.334	-676.334
170	34	-525.151	-221.435	-746.585	-746.585
171	34.2	-574.5	-204.106	-778.607	-778.607
172	34.4	-526.864	-231.447	-758.311	-758.311
173	34.6	-554.367	-216.452	-770.819	-770.819
174	34.8	-554.03	-225.155	-779.186	-779.186
175	35	-537.242	-205.606	-742.848	-742.848
176	35.2	-558.454	-215.111	-773.565	-773.565
177	35.4	-438.497	-207.381	-645.877	-645.877
178	35.6	-508.973	-206.415	-715.388	-715.388
179	35.8	-513.315	-203.678	-716.993	-716.993
180	36	-570.715	-201.9	-772.615	-772.615
181	36.2	-664.62	-223.942	-888.562	-888.562
182	36.4	-694.037	-198.62	-892.657	-892.657
183	36.6	-628.643	-214.707	-843.35	-843.35
184	36.8	-580.874	-214.235	-795.109	-795.109
185	37	-611.858	-202.354	-814.211	-814.211
186	37.2	-565.919	-219.724	-785.643	-785.643
187	37.4	-488.668	-230.669	-719.336	-719.336
188	37.6	-422.941	-216.38	-639.322	-639.322
189	37.8	-474.522	-206.979	-681.5	-681.5
190	38	-526.308	-210.086	-736.394	-736.394
191	38.2	-517.786	-208.54	-726.326	-726.326
192	38.4	-571.271	-200.309	-771.58	-771.58
193	38.6	-483.254	-197.246	-680.5	-680.5
194	38.8	-472.629	-201.872	-674.501	-674.501
195	39	-375.648	-198.367	-574.015	-574.015
196	39.2	-467.633	-200.429	-668.062	-668.062
197	39.4	-456.076	-212.625	-668.701	-668.701
198	39.6	-483.678	-210.508	-694.186	-694.186
199	39.8	-439.92	-200.96	-640.881	-640.881
200	40	-421.336	-198.209	-619.545	-619.545
201	40.2	-485.082	-202.338	-687.419	-687.419
202	40.4	-375.196	-208.442	-583.638	-583.638
203	40.6	-454.441	-203.136	-657.577	-657.577
204	40.8	-481.982	-193.473	-675.456	-675.456
205	41	-438.562	-211.22	-649.782	-649.782
206	41.2	-463.557	-213.972	-677.529	-677.529
207	41.4	-580.174	-206.311	-786.485	-786.485
208	41.6	-559.785	-197.22	-757.005	-757.005
209	41.8	-460.131	-204.771	-664.902	-664.902
210	42	-420.921	-206.793	-627.714	-627.714
211	42.2	-367.128	-194.649	-561.777	-561.777
212	42.4	-533.331	-202.971	-736.302	-736.302
213	42.6	-528.538	-186.293	-714.831	-714.831
214	42.8	-434.292	-198.714	-633.006	-633.006
215	43	-479.139	-191.574	-670.714	-670.714
216	43.2	-400.165	-209.692	-609.857	-609.857
217	43.4	-413.929	-191.064	-604.993	-604.993
218	43.6	-465.99	-194.386	-660.376	-660.376
219	43.8	-575.02	-221.433	-796.452	-796.452
220	44	-557.35	-215.914	-773.264	-773.264
221	44.2	-534.005	-203.95	-737.955	-737.955
222	44.4	-551.273	-212.478	-763.751	-763.751
223	44.6	-589.596	-231.489	-821.086	-821.086
224	44.8	-505.196	-210.743	-715.939	-715.939
225	45	-548.187	-224.193	-772.38	-772.38
226	45.2	-508.183	-231.41	-739.594	-739.594
227	45.4	-530.029	-236.048	-766.077	-766.077
228	45.6	-490.92	-222.317	-713.237	-713.237
229	45.8	-461.107	-214.636	-675.743	-675.743
230	46	-507.006	-222.007	-729.013	-729.013
231	46.2	-476.01	-205.692	-681.702	-681.702
232	46.4	-639.821	-229.389	-869.21	-869.21
233	46.6	-669.958	-238.836	-908.793	-908.793
234	46.8	-564.92	-215.848	-780.768	-780.768
235	47	-571.158	-206.559	-777.717	-777.717
236	47.2	-576.769	-215.739	-792.509	-792.509
237	47.4	-615.26	-208.484	-823.744	-823.744
238	47.6	-523.737	-227.844	-751.581	-751.581
239	47.8	-539.086	-201.84	-740.926	-740.926
240	48	-483.327	-200.27	-683.597	-683.597
241	48.2	-525.135	-207.504	-732.639	-732.639
242	48.4	-556.062	-204.773	-760.835	-760.835
243	48.6	-511.353	-208.195	-719.548	-719.548
244	48.8	-552.44	-208.499	-760.94	-760.94
245	49	-498.707	-216.721	-715.428	-715.428
246	49.2	-532.039	-192.81	-724.85	-724.85
247	49.4	-508.935	-208.792	-717.728	-717.728
248	49.6	-531.033	-214.033	-745.067	-745.067
249	49.8	-460.656	-213.55	-674.206	-674.206
250	50	-458.857	-209.181	-668.038	-668.038
251	50.2	-482.565	-212.861	-695.426	-695.426
252	50.4	-491.383	-213.867	-705.25	-705.25
253	50.6	-520.298	-227.496	-747.794	-747.794
254	50.8	-563.522	-205.879	-769.401	-769.401
255	51	-521.884	-217.398	-739.282	-739.282
256	51.2	-470.617	-219.111	-689.729	-689.729
257	51.4	-390.712	-205.569	-596.281	-596.281
258	51.6	-476.14	-214.757	-690.897	-690.897
259	51.8	-488.099	-208.669	-696.768	-696.768
260	52	-415.69	-216.626	-632.316	-632.316
261	52.2	-414.514	-213.265	-627.78	-627.78
262	52.4	-419.816	-211.674	-631.49	-631.49
263	52.6	-451.6	-221.447	-673.047	-673.047
264	52.8	-417.739	-204.717	-622.456	-622.456
265	53	-451.184	-205.034	-656.218	-656.218
266	53.2	-468.729	-214.503	-683.232	-683.232
267	53.4	-420.465	-214.711	-635.176	-635.176
268	53.6	-495.008	-213.329	-708.337	-708.337
269	53.8	-454.668	-212.015	-666.683	-666.683
270	54	-475.767	-237.953	-713.72	-713.72
271	54.2	-521.49	-218.619	-740.109	-740.109
272	54.4	-481.933	-201.139	-683.071	-683.071
273	54.6	-430.003	-213.701	-643.704	-643.704
274	54.8	-467.706	-231.876	-699.582	-699.582
275	55	-477.178	-217.648	-694.827	-694.827
276	55.2	-504.38	-207.499	-711.879	-711.879
277	55.4	-510.815	-219.062	-729.877	-729.877
278	55.6	-562.005	-214.437	-776.441	-776.441
279	55.8	-506.848	-230.246	-737.094	-737.094
280	56	-501.132	-218.726	-719.858	-719.858
281	56.2	-490.469	-223.075	-713.544	-713.544
282	56.4	-536.792	-199.952	-736.744	-736.744
283	56.6	-445.54	-207.467	-653.007	-653.007
284	56.8	-410.626	-213.743	-624.37	-624.37
285	57	-435.599	-212.801	-648.4	-648.4
286	57.2	-510.104	-199.86	-709.964	-709.964
287	57.4	-542.985	-207.053	-750.038	-750.038
288	57.6	-507.35	-199.33	-706.68	-706.68
289	57.8	-469.865	-207.478	-677.343	-677.343
290	58	-433.289	-195.644	-628.933	-628.933
291	58.2	-485.925	-203.902	-689.827	-689.827
292	58.4	-437.755	-201.858	-639.613	-639.613
293	58.6	-489.763	-212.262	-702.025	-702.025
294	58.8	-503.112	-210.944	-714.056	-714.056
295	59	-517.115	-214.416	-731.53	-731.53
296	59.2	-497.884	-202.801	-700.685	-700.685
297	59.4	-448.925	-212.551	-661.476	-661.476
298	59.6	-574.641	-204.502	-779.143	-779.143
299	59.8	-515.308	-214.928	-730.236	-730.236
300	60	-525.519	-209.209	-734.727	-734.727
301	60.2	-532.06	-220.909	-752.969	-752.969
302	60.4	-519.563	-221.856	-741.419	-741.419
303	60.6	-515.801	-220.939	-736.74	-736.74
304	60.8	-433.387	-221.666	-655.053	-655.053
305	61	-496.645	-221.956	-718.601	-718.601
306	61.2	-523.207	-213.04	-736.247	-736.247
307	61.4	-441.214	-201.083	-642.298	-642.298
308	61.6	-445.452	-194.804	-640.255	-640.255
309	61.8	-561.374	-211.063	-772.437	-772.437
310	62	-517.369	-226.718	-744.087	-744.087
311	62.2	-532.552	-205.548	-738.101	-738.101
312	62.4	-491.479	-202.364	-693.843	-693.843
313	62.6	-503.071	-208.39	-711.46	-711.46
314	62.8	-383.376	-201.637	-585.013	-585.013
315	63	-348.906	-190.379	-539.285	-539.285
316	63.2	-535.881	-183.512	-719.393	-719.393
317	63.4	-544.627	-202.802	-747.43	-747.43
318	63.6	-545.061	-199.768	-744.828	-744.828
319	63.8	-598.042	-205.638	-803.681	-803.681
320	64	-585.846	-224.745	-810.591	-810.591
321	64.2	-580.625	-199.508	-780.133	-780.133
322	64.4	-596.709	-203.567	-800.277	-800.277
323	64.6	-491.823	-212.1	-703.923	-703.923
324	64.8	-566.531	-214.821	-781.352	-781.352
325	65	-482.149	-196.061	-678.21	-678.21
326	65.2	-527.121	-190.014	-717.135	-717.135
327	65.4	-552.73	-206.873	-759.602	-759.602
328	65.6	-491.93	-204.972	-696.902	-696.902
329	65.8	-525.292	-219.193	-744.485	-744.485
330	66	-472.914	-209.602	-682.516	-682.516
331	66.2	-534.451	-213.625	-748.076	-748.076
332	66.4	-516.097	-193.761	-709.858	-709.858
333	66.6	-510.039	-194.479	-704.518	-704.518
334	66.8	-490.539	-198.314	-688.853	-688.853
335	67	-479.745	-210.505	-690.25	-690.25
336	67.2	-586.876	-209.845	-796.72	-796.72
337	67.4	-554.288	-207.674	-761.962	-761.962
338	67.6	-488.439	-224.841	-713.28	-713.28
339	67.8	-567.378	-208.196	-775.573	-775.573
340	68	-541.894	-201.056	-742.95	-742.95
341	68.2	-600.767	-215.41	-816.176	-816.176
342	68.4	-525.4	-216.583	-741.982	-741.982
343	68.6	-619.901	-208.81	-828.711	-828.711
344	68.8	-535.006	-198.346	-733.352	-733.352
345	69	-536.755	-206.355	-743.111	-743.111
346	69.2	-510.844	-195.66	-706.505	-706.505
347	69.4	-486.16	-199.901	-686.061	-686.061
348	69.6	-455.199	-204.335	-659.534	-659.534
349	69.8	-486.967	-200.212	-687.178	-687.178
350	70	-415.768	-199.608	-615.376	-615.376
351	70.2	-335.762	-208.02	-543.782	-543.782
352	70.4	-391.915	-180.927	-572.841	-572.841
353	70.6	-365.365	-204.406	-569.771	-569.771
354	70.8	-390.539	-182.659	-573.198	-573.198
355	71	-382.443	-202.786	-585.23	-585.23
356	71.2	-431.684	-201.527	-633.211	-633.211
357	71.4	-404.849	-194.262	-599.11	-599.11
358	71.6	-434.959	-203.302	-638.261	-638.261
359	71.8	-414.354	-203.351	-617.705	-617.705
360	72	-540.303	-193.859	-734.162	-734.162
361	72.2	-465.687	-180.502	-646.189	-646.189
362	72.4	-413.047	-203.734	-616.781	-616.781
363	72.6	-401.965	-208.064	-610.029	-610.029
364	72.8	-458.017	-200.62	-658.637	-658.637
365	73	-488.545	-190.548	-679.093	-679.093
366	73.2	-390.705	-191.805	-582.51	-582.51
367	73.4	-417.12	-192.67	-609.789	-609.789
368	73.6	-469.627	-217.892	-687.519	-687.519
369	73.8	-486.819	-205.256	-692.075	-692.075
370	74	-586.829	-202.684	-789.513	-789.513
371	74.2	-493.731	-205.724	-699.455	-699.455
372	74.4	-449.92	-197.252	-647.172	-647.172
373	74.6	-457.1	-196.654	-653.754	-653.754
374	74.8	-493.969	-183.429	-677.397	-677.397
375	75	-485.355	-187.539	-672.894	-672.894
376	75.2	-501.075	-196.729	-697.804	-697.804
377	75.4	-520.369	-225.076	-745.444	-745.444
378	75.6	-573.938	-190.447	-764.385	-764.385
379	75.8	-486.528	-179.279	-665.807	-665.807
380	76	-494.851	-184.158	-679.008	-679.008
381	76.2	-454.185	-194.603	-648.788	-648.788
382	76.4	-387.231	-200.335	-587.567	-587.567
383	76.6	-480.125	-194.866	-674.991	-674.991
384	76.8	-438.093	-187.783	-625.875	-625.875
385	77	-493.533	-185.915	-679.448	-679.448
386	77.2	-435.349	-199.903	-635.251	-635.251
387	77.4	-356.253	-192.26	-548.513	-548.513
388	77.6	-339.774	-188.681	-528.455	-528.455
389	77.8	-372.413	-196.769	-569.183	-569.183
390	78	-488.083	-193.36	-681.443	-681.443
391	78.2	-427.423	-185.332	-612.754	-612.754
392	78.4	-401.155	-195.624	-596.779	-596.779
393	78.6	-382.875	-190.123	-572.999	-572.999
394	78.8	-412.682	-197.356	-610.037	-610.037
395	79	-411.62	-198.218	-609.838	-609.838
396	79.2	-391.315	-186.361	-577.676	-577.676
397	79.4	-408.313	-201.719	-610.032	-610.032
398	79.6	-509.461	-198.012	-707.473	-707.473
399	79.8	-462.078	-201.559	-663.637	-663.637
400	80	-411.931	-179.231	-591.162	-591.162
401	80.2	-508.323	-194.452	-702.776	-702.776
402	80.4	-456.022	-194.545	-650.566	-650.566
403	80.6	-493.629	-201.078	-694.706	-694.706
404	80.8	-486.718	-196.547	-683.265	-683.265
405	81	-422.626	-202.806	-625.432	-625.432
406	81.2	-471.251	-196.285	-667.536	-667.536
407	81.4	-517.744	-191.268	-709.011	-709.011
408	81.6	-447.442	-194.387	-641.829	-641.829
409	81.8	-509.526	-201.078	-710.604	-710.604
410	82	-517.125	-202.137	-719.262	-719.262
411	82.2	-519.563	-197.561	-717.124	-717.124
412	82.4	-590.195	-187.445	-777.64	-777.64
413	82.6	-598.653	-192.339	-790.992	-790.992
414	82.8	-545.546	-192.255	-737.801	-737.801
415	83	-631.683	-196.61	-828.293	-828.293
416	83.2	-594.651	-191.092	-785.743	-785.743
417	83.4	-548.654	-186.155	-734.81	-734.81
418	83.6	-474.983	-200.978	-675.962	-675.962
419	83.8	-501.542	-196.135	-697.677	-697.677
420	84	-628.149	-186.575	-814.725	-814.725
421	84.2	-533.174	-187.269	-720.443	-720.443
422	84.4	-455.178	-194.821	-649.999	-649.999
423	84.6	-503.468	-209.276	-712.744	-712.744
424	84.8	-397.428	-200.176	-597.604	-597.604
425	85	-472.159	-210.369	-682.527	-682.527
426	85.2	-497.406	-215.435	-712.842	-712.842
427	85.4	-504.774	-211.285	-716.059	-716.059
428	85.6	-475.425	-191.945	-667.37	-667.37
429	85.8	-429.502	-195.844	-625.345	-625.345
430	86	-425.075	-202.975	-628.05	-628.05
431	86.2	-521.317	-207.877	-729.194	-729.194
432	86.4	-479.578	-205.863	-685.442	-685.442
433	86.6	-514.047	-190.618	-704.665	-704.665
434	86.8	-493.276	-200.384	-693.661	-693.661
435	87	-533.86	-187.619	-721.479	-721.479
436	87.2	-537.564	-203.855	-741.419	-741.419
437	87.4	-510.067	-201.801	-711.867	-711.867
438	87.6	-427.727	-206.12	-633.847	-633.847
439	87.8	-620.048	-209.684	-829.732	-829.732
440	88	-553.084	-200.046	-753.13	-753.13
441	88.2	-573.867	-213.147	-787.014	-787.014
442	88.4	-585.831	-205.443	-791.274	-791.274
443	88.6	-476.685	-205.775	-682.46	-682.46
444	88.8	-499.553	-216.638	-716.191	-716.191
445	89	-529.956	-208.078	-738.035	-738.035
446	89.2	-560.978	-230.429	-791.407	-791.407
447	89.4	-405.953	-220.493	-626.446	-626.446
448	89.6	-409.736	-195.723	-605.459	-605.459
449	89.8	-372.402	-216.954	-589.356	-589.356
450	90	-512.312	-214.282	-726.594	-726.594
451	90.2	-623.591	-228.218	-851.809	-851.809
452	90.4	-470.002	-227.828	-697.83	-697.83
453	90.6	-552.693	-213.143	-765.836	-765.836
454	90.8	-609.746	-202.815	-812.561	-812.561
455	91	-633.8	-211.428	-845.228	-845.228
456	91.2	-460.89	-231.582	-692.473	-692.473
457	91.4	-582.36	-213.022	-795.383	-795.383
458	91.6	-534.587	-209.989	-744.576	-744.576
459	91.8	-513.523	-206.118	-719.64	-719.64
460	92	-533.939	-199.956	-733.895	-733.895
461	92.2	-612.894	-224.662	-837.556	-837.556
462	92.4	-603.759	-232.313	-836.072	-836.072
463	92.6	-580.223	-213.9	-794.123	-794.123
464	92.8	-613.418	-202.097	-815.515	-815.515
465	93	-537.835	-216.205	-754.041	-754.041
466	93.2	-563.141	-218.135	-781.276	-781.276
467	93.4	-587.481	-222.141	-809.622	-809.622
468	93.6	-597.558	-228.556	-826.114	-826.114
469	93.8	-554.623	-221.685	-776.308	-776.308
470	94	-603.848	-229.311	-833.159	-833.159
471	94.2	-600.999	-228.942	-829.941	-829.941
472	94.4	-500.449	-215.324	-715.773	-715.773
473	94.6	-572.985	-260.818	-833.802	-833.802
474	94.8	-610.356	-236.436	-846.792	-846.792
475	95	-526.491	-237.47	-763.961	-763.961
476	95.2	-532.686	-238.023	-770.709	-770.709
477	95.4	-559.594	-236.421	-796.015	-796.015
478	95.6	-411.843	-231.224	-643.068	-643.068
479	95.8	-459.486	-210.591	-670.076	-670.076
480	96	-466.457	-239.803	-706.26	-706.26
481	96.2	-521.048	-233.419	-754.467	-754.467
482	96.4	-522.23	-225.47	-747.7	-747.7
483	96.6	-517.894	-221.757	-739.651	-739.651
484	96.8	-474.323	-214.616	-688.939	-688.939
485	97	-545.838	-223.134	-768.973	-768.973
486	97.2	-541.968	-232.888	-774.856	-774.856
487	97.4	-466.05	-222.411	-688.461	-688.461
488	97.6	-523.146	-220.558	-743.704	-743.704
489	97.8	-510.154	-222.004	-732.158	-732.158
490	98	-459.655	-202.45	-662.105	-662.105
491	98.2	-457.263	-213.28	-670.543	-670.543
492	98.4	-536.858	-227.588	-764.446	-764.446
493	98.6	-392.358	-215.412	-607.77	-607.77
494	98.8	-444.497	-236.356	-680.853	-680.853
495	99	-549.586	-224.741	-774.327	-774.327
496	99.2	-580.292	-207.971	-788.263	-788.263
497	99.4	-530.615	-209.304	-739.919	-739.919
498	99.6	-485.466	-224.094	-709.56	-709.56
499	99.8	-496.414	-212.841	-709.255	-709.255
500	100	-420.849	-202.206	-623.054	-623.054
501	100.2	-390.208	-224.895	-615.103	-615.103
502	100.4	-496.724	-207.57	-704.293	-704.293
503	100.6	-458.846	-220.146	-678.992	-678.992
504	100.8	-432.518	-208.288	-640.806	-640.806
505	101	-568.564	-222.078	-790.641	-790.641
506	101.2	-524.354	-206.619	-730.973	-730.973
507	101.4	-516.749	-203.499	-720.248	-720.248
508	101.6	-399.685	-197.479	-597.163	-597.163
509	101.8	-329.603	-205.217	-534.821	-534.821
510	102	-402.625	-198.813	-601.438	-601.438
511	102.2	-516.352	-203.795	-720.147	-720.147
512	102.4	-485.234	-202.746	-687.981	-687.981
513	102.6	-507.701	-223.28	-730.98	-730.98
514	102.8	-568.15	-183.665	-751.814	-751.814
515	103	-570.595	-219.326	-789.921	-789.921
516	103.2	-599.353	-230.199	-829.553	-829.553
517	103.4	-570.386	-206.485	-776.871	-776.871
518	103.6	-467.234	-226.118	-693.353	-693.353
519	103.8	-552.232	-213.821	-766.053	-766.053
520	104	-436.753	-210.728	-647.481	-647.481
521	104.2	-538.047	-208.912	-746.959	-746.959
522	104.4	-519.648	-211.57	-731.219	-731.219
523	104.6	-397.626	-199.057	-596.683	-596.683
524	104.8	-406.758	-186.951	-593.71	-593.71
525	105	-378.017	-183.363	-561.38	-561.38
526	105.2	-370.897	-211.335	-582.232	-582.232
527	105.4	-382.581	-204.589	-587.17	-587.17
528	105.6	-443.244	-204.573	-647.817	-647.817
529	105.8	-519.227	-211.098	-730.324	-730.324
530	106	-380.216	-210.862	-591.078	-591.078
531	106.2	-331.345	-222.595	-553.94	-553.94
532	106.4	-351.92	-186.738	-538.658	-538.658
533	106.6	-357.398	-198.717	-556.115	-556.115
534	106.8	-363.56	-199.531	-563.092	-563.092
535	107	-313.746	-216.503	-530.249	-530.249
536	107.2	-376.969	-185.347	-562.316	-562.316
537	107.4	-457.269	-205.353	-662.621	-662.621
538	107.6	-428.884	-185.415	-614.298	-614.298
539	107.8	-461.053	-189.559	-650.612	-650.612
540	108	-420.658	-192.263	-612.92	-612.92
541	108.2	-427.533	-184.987	-612.52	-612.52
542	108.4	-367.971	-203.216	-571.187	-571.187
543	108.6	-338.368	-198.148	-536.516	-536.516
544	108.8	-458.905	-194.506	-653.411	-653.411
545	109	-381.708	-179.614	-561.322	-561.322
546	109.2	-400.988	-191.165	-592.153	-592.153
547	109.4	-427.072	-203.81	-630.882	-630.882
548	109.6	-383.55	-189.132	-572.682	-572.682
549	109.8	-473.128	-201.598	-674.726	-674.726
550	110	-516.436	-205.041	-721.477	-721.477
551	110.2	-554.711	-204.184	-758.895	-758.895
552	110.4	-415.726	-210.347	-626.073	-626.073
553	110.6	-473.352	-205.977	-679.329	-679.329
554	110.8	-520.705	-195.801	-716.507	-716.507
555	111	-446.223	-195.814	-642.037	-642.037
556	111.2	-550.518	-213.504	-764.022	-764.022
557	111.4	-462.082	-219.935	-682.017	-682.017
558	111.6	-540.72	-222.843	-763.563	-763.563
559	111.8	-614.698	-234.245	-848.943	-848.943
560	112	-584.715	-230.038	-814.753	-814.753
561	112.2	-462.824	-219.906	-682.73	-682.73
562	112.4	-600.114	-196.617	-796.731	-796.731
563	112.6	-547.943	-222.69	-770.634	-770.634
564	112.8	-403.134	-219.035	-622.168	-622.168
565	113	-422.056	-212.005	-634.062	-634.062
566	113.2	-478.565	-200.483	-679.048	-679.048
567	113.4	-484.588	-206.033	-690.621	-690.621
568	113.6	-406.081	-197.78	-603.861	-603.861
569	113.8	-353.089	-194.299	-547.388	-547.388
570	114	-443.239	-189.688	-632.926	-632.926
571	114.2	-365.643	-197.726	-563.369	-563.369
572	114.4	-459.99	-183.645	-643.634	-643.634
573	114.6	-398.984	-191.522	-590.506	-590.506
574	114.8	-408.664	-196.176	-604.84	-604.84
575	115	-465.88	-188.871	-654.751	-654.751
576	115.2	-436.147	-184.557	-620.703	-620.703
577	115.4	-420.125	-187.389	-607.514	-607.514
578	115.6	-343.962	-193.887	-537.85	-537.85
579	115.8	-373.79	-183.192	-556.982	-556.982
580	116	-414.99	-184.721	-599.711	-599.711
581	116.2	-384.262	-188.696	-572.958	-572.958
582	116.4	-553.627	-203.166	-756.793	-756.793
583	116.6	-448.499	-182.802	-631.301	-631.301
584	116.8	-328.229	-189.406	-517.635	-517.635
585	117	-407.239	-189.626	-596.864	-596.864
586	117.2	-377.813	-201.006	-578.819	-578.819
587	117.4	-457.932	-195.096	-653.028	-653.028
588	117.6	-457.517	-192.384	-649.9	-649.9
589	117.8	-418.14	-213.491	-631.631	-631.631
590	118	-449.519	-227.235	-676.754	-676.754
591	118.2	-411.291	-216.576	-627.867	-627.867
592	118.4	-425.593	-218.65	-644.243	-644.243
593	118.6	-394.043	-206.832	-600.875	-600.875
594	118.8	-376.407	-183.089	-559.496	-559.496
595	119	-446.234	-179.736	-625.97	-625.97
596	119.2	-382.355	-184.242	-566.597	-566.597
597	119.4	-271.585	-188.126	-459.711	-459.711
598	119.6	-381.009	-182.642	-563.651	-563.651
599	119.8	-407.787	-207.986	-615.773	-615.773
600	120	-495.891	-208.599	-704.49	-704.49
601	120.2	-560.787	-205.641	-766.429	-766.429
602	120.4	-587.912	-228.484	-816.396	-816.396
603	120.6	-653.775	-219.375	-873.15	-873.15
604	120.8	-502.221	-228.55	-730.771	-730.771
605	121	-662.637	-225.405	-888.042	-888.042
606	121.2	-640.089	-227.467	-867.555	-867.555
607	121.4	-652.837	-244.211	-897.048	-897.048
608	121.6	-695.312	-227.13	-922.442	-922.442
609	121.8	-621.073	-215.513	-836.585	-836.585
610	122	-631.92	-219.575	-851.495	-851.495
611	122.2	-636.948	-235.594	-872.542	-872.542
612	122.4	-613.902	-222.688	-836.59	-836.59
613	122.6	-557.508	-219.434	-776.942	-776.942
614	122.8	-509.816	-227.884	-737.7	-737.7
615	123	-513.5	-215.027	-728.527	-728.527
616	123.2	-443.544	-218.096	-661.64	-661.64
617	123.4	-530.236	-214.841	-745.077	-745.077
618	123.6	-537.51	-234.524	-772.034	-772.034
619	123.8	-591.262	-221.557	-812.819	-812.819
620	124	-523.361	-213.882	-737.243	-737.243
621	124.2	-559.176	-224.405	-783.581	-783.581
622	124.4	-512.684	-218.721	-731.405	-731.405
623	124.6	-523.382	-202.093	-725.475	-725.475
624	124.8	-443.473	-227.202	-670.674	-670.674
625	125	-454.392	-210.276	-664.668	-664.668
626	125.2	-452.791	-212.272	-665.063	-665.063
627	125.4	-520.911	-218.911	-739.822	-739.822
628	125.6	-535.485	-214.155	-749.641	-749.641
629	125.8	-583.11	-225.325	-808.435	-808.435
630	126	-474.715	-217.198	-691.913	-691.913
631	126.2	-471.395	-202.959	-674.354	-674.354
632	126.4	-493.317	-218.364	-711.682	-711.682
633	126.6	-549.954	-218.886	-768.84	-768.84
634	126.8	-487.827	-198.318	-686.144	-686.144
635	127	-458.962	-200.958	-659.92	-659.92
636	127.2	-496.336	-190.154	-686.49	-686.49
637	127.4	-561.27	-196.769	-758.039	-758.039
638	127.6	-580.683	-198.514	-779.197	-779.197
639	127.8	-511.074	-195.954	-707.028	-707.028
640	128	-593.018	-212.046	-805.064	-805.064
641	128.2	-648.53	-211.259	-859.789	-859.789
642	128.4	-613.394	-199.168	-812.562	-812.562
643	128.6	-506.851	-198.636	-705.486	-705.486
644	128.8	-571.194	-211.702	-782.896	-782.896
645	129	-495.623	-216.651	-712.274	-712.274
646	129.2	-540.393	-187.284	-727.677	-727.677
647	129.4	-479.88	-207.581	-687.461	-687.461
648	129.6	-543.194	-208.977	-752.171	-752.171
649	129.8	-537.567	-203.253	-740.82	-740.82
650	130	-451.811	-202.605	-654.416	-654.416
651	130.2	-493.498	-193.574	-687.072	-687.072
652	130.4	-517.166	-214.72	-731.885	-731.885
653	130.6	-487.306	-199.013	-686.319	-686.319
654	130.8	-495.503	-207.456	-702.959	-702.959
655	131	-481.487	-205.171	-686.658	-686.658
656	131.2	-426.079	-210.83	-636.909	-636.909
657	131.4	-491.883	-211.988	-703.87	-703.87
658	131.6	-477.132	-208.583	-685.715	-685.715
659	131.8	-460.754	-208.903	-669.657	-669.657
660	132	-469.307	-203.398	-672.704	-672.704
661	132.2	-481.981	-203.09	-685.071	-685.071
662	132.4	-572.219	-206.286	-778.505	-778.505
663	132.6	-506.005	-219.541	-725.545	-725.545
664	132.8	-402.811	-222.568	-625.379	-625.379
665	133	-376.91	-213.577	-590.486	-590.486
666	133.2	-397.92	-204.51	-602.43	-602.43
667	133.4	-445.593	-213.836	-659.429	-659.429
668	133.6	-394.588	-206.381	-600.969	-600.969
669	133.8	-439.185	-194.517	-633.702	-633.702
670	134	-328.154	-199.652	-527.807	-527.807
671	134.2	-330.466	-186.456	-516.922	-516.922
672	134.4	-369.382	-197.795	-567.177	-567.177
673	134.6	-392.373	-200.545	-592.918	-592.918
674	134.8	-388.589	-209.181	-597.769	-597.769
675	135	-388.191	-199.391	-587.581	-587.581
676	135.2	-355.856	-209.888	-565.745	-565.745
677	135.4	-264.119	-202.427	-466.546	-466.546
678	135.6	-391.02	-194.551	-585.571	-585.571
679	135.8	-321.972	-194.747	-516.718	-516.718
680	136	-389.764	-198.798	-588.563	-588.563
681	136.2	-460.219	-219.512	-679.731	-679.731
682	136.4	-453.532	-223.956	-677.488	-677.488
683	136.6	-497.2	-217.55	-714.75	-714.75
684	136.8	-489.226	-201.415	-690.64	-690.64
685	137	-539.863	-205.683	-745.545	-745.545
686	137.2	-448.594	-202.077	-650.67	-650.67
687	137.4	-477.89	-207.87	-685.76	-685.76
688	137.6	-525.666	-206.883	-732.548	-732.548
689	137.8	-397.829	-203.847	-601.676	-601.676
690	138	-374.69	-194.076	-568.766	-568.766
691	138.2	-353.857	-203.36	-557.217	-557.217
692	138.4	-419.967	-210.647	-630.613	-630.613
693	138.6	-363.618	-199.479	-563.097	-563.097
694	138.8	-447.608	-199.158	-646.766	-646.766
695	139	-447.956	-202.87	-650.826	-650.826
696	139.2	-317.965	-204.741	-522.706	-522.706
697	139.4	-378.135	-193.956	-572.09	-572.09
698	139.6	-430.873	-216.819	-647.692	-647.692
699	139.8	-462.2	-199.843	-662.043	-662.043
700	140	-502.206	-222.764	-724.97	-724.97
701	140.2	-490.824	-196.863	-687.687	-687.687
702	140.4	-441.397	-193.176	-634.573	-634.573
703	140.6	-465.911	-199.54	-665.451	-665.451
704	140.8	-423.967	-192.097	-616.063	-616.063
705	141	-398.136	-204.149	-602.285	-602.285
706	141.2	-437.657	-185.507	-623.164	-623.164
707	141.4	-385.68	-208.032	-593.712	-593.712
708	141.6	-316.628	-209.823	-526.452	-526.452
709	141.8	-394.381	-204.029	-598.41	-598.41
710	142	-455.467	-202.988	-658.455	-658.455
711	142.2	-433.323	-218.415	-651.738	-651.738
712	142.4	-470.741	-197.644	-668.385	-668.385
713	142.6	-355.193	-206.042	-561.235	-561.235
714	142.8	-293.715	-184.638	-478.352	-478.352
715	143	-422.361	-193.987	-616.348	-616.348
716	143.2	-371.026	-199.869	-570.894	-570.894
717	143.4	-442.449	-181.663	-624.113	-624.113
718	143.6	-381.87	-181.201	-563.072	-563.072
719	143.8	-368.069	-190.012	-558.081	-558.081
720	144	-471.464	-205.504	-676.967	-676.967
721	144.2	-466.931	-202.692	-669.624	-669.624
722	144.4	-437.601	-190.463	-628.064	-628.064
723	144.6	-460.449	-193.547	-653.996	-653.996
724	144.8	-393.901	-197.812	-591.713	-591.713
725	145	-420.245	-213.136	-633.38	-633.38
726	145.2	-397.829	-196.468	-594.297	-594.297
727	145.4	-467.729	-201.84	-669.569	-669.569
728	145.6	-429.754	-200.042	-629.796	-629.796
729	145.8	-470.227	-210.733	-680.961	-680.961
730	146	-377.654	-215.413	-593.066	-593.066
731	146.2	-350.862	-216.594	-567.456	-567.456
732	146.4	-372.404	-213.773	-586.177	-586.177
733	146.6	-459.699	-211.992	-671.692	-671.692
734	146.8	-369.007	-217.569	-586.576	-586.576
735	147	-534.546	-195.134	-729.681	-729.681
736	147.2	-470.622	-210.445	-681.067	-681.067
737	147.4	-446.559	-215.313	-661.871	-661.871
738	147.6	-429.232	-224.846	-654.079	-654.079
739	147.8	-416.759	-215.749	-632.508	-632.508
740	148	-423.723	-211.767	-635.49	-635.49
741	148.2	-410.565	-195.384	-605.949	-605.949
742	148.4	-359.451	-176.15	-535.6	-535.6
743	148.6	-401.383	-215.933	-617.316	-617.316
744	148.8	-487.913	-198.819	-686.732	-686.732
745	149	-451.404	-219.789	-671.192	-671.192
746	149.2	-388.161	-224.105	-612.266	-612.266
747	149.4	-449.619	-214.526	-664.145	-664.145
748	149.6	-398.274	-218.727	-617.001	-617.001
749	149.8	-543.004	-205.244	-748.248	-748.248
750	150	-497.7	-200.488	-698.187	-698.187
751	150.2	-430.877	-196.879	-627.755	-627.755
752	150.4	-339.431	-199.57	-539.001	-539.001
753	150.6	-505.004	-198.519	-703.523	-703.523
754	150.8	-426.486	-197.793	-624.279	-624.279
755	151	-421.558	-209.139	-630.698	-630.698
756	151.2	-468.121	-211.173	-679.293	-679.293
757	151.4	-461.961	-210.826	-672.787	-672.787
758	151.6	-459.344	-204.608	-663.952	-663.952
759	151.8	-496.056	-218.299	-714.355	-714.355
760	152	-439.288	-209.865	-649.153	-649.153
761	152.2	-371.756	-207.393	-579.149	-579.149
762	152.4	-409.036	-205.549	-614.584	-614.584
763	152.6	-415.987	-225.976	-641.963	-641.963
764	152.8	-469.915	-213.698	-683.613	-683.613
765	153	-472.155	-210.779	-682.935	-682.935
766	153.2	-347.739	-216.013	-563.752	-563.752
767	153.4	-384.146	-219.671	-603.818	-603.818
768	153.6	-388.514	-217.446	-605.96	-605.96
769	153.8	-404.616	-190.395	-595.01	-595.01
770	154	-437.048	-202.915	-639.962	-639.962
771	154.2	-381.078	-206.717	-587.794	-587.794
772	154.4	-388.417	-195.513	-583.929	-583.929
773	154.6	-383.194	-203.839	-587.034	-587.034
774	154.8	-425.616	-211.129	-636.744	-636.744
775	155	-382.036	-207.137	-589.173	-589.173
776	155.2	-376.669	-209.862	-586.531	-586.531
777	155.4	-480.048	-210.85	-690.898	-690.898
778	155.6	-417.577	-185.441	-603.018	-603.018
779	155.8	-358.382	-201.435	-559.817	-559.817
780	156	-285.749	-201.562	-487.31	-487.31
781	156.2	-294.248	-184.528	-478.776	-478.776
782	156.4	-383.352	-200.683	-584.035	-584.035
783	156.6	-364.787	-194.027	-558.814	-558.814
784	156.8	-473.202	-183.733	-656.935	-656.935
785	157	-473.275	-186.027	-659.302	-659.302
786	157.2	-467.269	-196.963	-664.232	-664.232
787	157.4	-469.694	-189.66	-659.354	-659.354
788	157.6	-398.7	-200.857	-599.557	-599.557
789	157.8	-442.985	-206.077	-649.062	-649.062
790	158	-460.453	-206.683	-667.136	-667.136
791	158.2	-360.184	-211.254	-571.438	-571.438
792	158.4	-488.453	-211.34	-699.794	-699.794
793	158.6	-418.618	-194.353	-612.972	-612.972
794	158.8	-421.026	-193.636	-614.662	-614.662
795	159	-433.61	-187.624	-621.234	-621.234
796	159.2	-365.28	-196.98	-562.26	-562.26
797	159.4	-364.587	-209.195	-573.782	-573.782
798	159.6	-430.903	-200.554	-631.457	-631.457
799	159.8	-448.81	-214.562	-663.372	-663.372
800	160	-443.212	-203.36	-646.572	-646.572
801	160.2	-413.178	-204.426	-617.604	-617.604
802	160.4	-348.215	-195.327	-543.543	-543.543
803	160.6	-444.423	-201.477	-645.901	-645.901
804	160.8	-470.316	-190.671	-660.987	-660.987
805	161	-453.293	-207.012	-660.305	-660.305
806	161.2	-384.835	-199.349	-584.184	-584.184
807	161.4	-354.439	-194.825	-549.265	-549.265
808	161.6	-311.238	-201.084	-512.322	-512.322
809	161.8	-429.91	-219.173	-649.082	-649.082
810	162	-466.832	-209.75	-676.582	-676.582
811	162.2	-395.242	-200.988	-596.23	-596.23
812	162.4	-396.506	-201.688	-598.194	-598.194
813	162.6	-418.772	-205.257	-624.029	-624.029
814	162.8	-383.796	-207.078	-590.874	-590.874
815	163	-402.824	-200.402	-603.226	-603.226
816	163.2	-395.596	-195.515	-591.111	-591.111
817	163.4	-362.061	-205.435	-567.496	-567.496
818	163.6	-516.837	-209.864	-726.701	-726.701
819	163.8	-433.637	-203.294	-636.931	-636.931
820	164	-477.242	-209.115	-686.357	-686.357
821	164.2	-452.943	-210.584	-663.527	-663.527
822	164.4	-557.878	-209.766	-767.644	-767.644
823	164.6	-510.094	-212.219	-722.313	-722.313
824	164.8	-488.32	-212.471	-700.791	-700.791
825	165	-426.274	-218.077	-644.351	-644.351
826	165.2	-489.011	-196.69	-685.701	-685.701
827	165.4	-385.297	-205.562	-590.859	-590.859
828	165.6	-455.531	-208.513	-664.044	-664.044
829	165.8	-470.662	-183.805	-654.467	-654.467
830	166	-547.769	-193.991	-741.76	-741.76
831	166.2	-527.693	-206.434	-734.126	-734.126
832	166.4	-518.613	-206.156	-724.769	-724.769
833	166.6	-539.484	-191.265	-730.749	-730.749
834	166.8	-507.876	-192.158	-700.034	-700.034
835	167	-406.938	-183.641	-590.579	-590.579
836	167.2	-437.81	-207.763	-645.573	-645.573
837	167.4	-435.028	-206.444	-641.472	-641.472
838	167.6	-441.422	-199.228	-640.65	-640.65
839	167.8	-387.749	-216.875	-604.625	-604.625
840	168	-415.183	-193.003	-608.185	-608.185
841	168.2	-349.014	-207.623	-556.637	-556.637
842	168.4	-469.72	-208.608	-678.328	-678.328
843	168.6	-373.85	-212.057	-585.907	-585.907
844	168.8	-391.703	-212.382	-604.085	-604.085
845	169	-399.603	-211.869	-611.472	-611.472
846	169.2	-387.258	-210.978	-598.236	-598.236
847	169.4	-407.595	-214.78	-622.375	-622.375
848	169.6	-518.269	-201.695	-719.964	-719.964
849	169.8	-535.986	-211.026	-747.011	-747.011
850	170	-493.3	-214.451	-707.75	-707.75
851	170.2	-593.901	-205.917	-799.818	-799.818
852	170.4	-595.599	-216.979	-812.577	-812.577
853	170.6	-497.773	-232.868	-730.641	-730.641
854	170.8	-513.979	-201.28	-715.259	-715.259
855	171	-481.221	-177.897	-659.118	-659.118
856	171.2	-476.274	-202.569	-678.843	-678.843
857	171.4	-504.73	-197.376	-702.106	-702.106
858	171.6	-427.04	-208.852	-635.892	-635.892
859	171.8	-452.033	-212.266	-664.299	-664.299
860	172	-392.142	-177.367	-569.509	-569.509
861	172.2	-467.516	-200.419	-667.935	-667.935
862	172.4	-416.493	-205.781	-622.274	-622.274
863	172.6	-517.022	-214.222	-731.245	-731.245
864	172.8	-425.309	-203.611	-628.921	-628.921
865	173	-438.305	-188.893	-627.197	-627.197
866	173.2	-399.892	-197.088	-596.981	-596.981
867	173.4	-393.776	-207.702	-601.478	-601.478
868	173.6	-507.611	-196.245	-703.855	-703.855
869	173.8	-426.949	-197.616	-624.565	-624.565
870	174	-402.546	-201.615	-604.16	-604.16
871	174.2	-468.695	-198.191	-666.886	-666.886
872	174.4	-417.099	-206.31	-623.408	-623.408
873	174.6	-451.246	-203.871	-655.117	-655.117
874	174.8	-520.717	-207.944	-728.661	-728.661
875	175	-411.784	-223.982	-635.766	-635.766
876	175.2	-398.412	-189.143	-587.554	-587.554
877	175.4	-509.045	-193.419	-702.464	-702.464
878	175.6	-575.808	-203.082	-778.89	-778.89
879	175.8	-523.297	-218.771	-742.068	-742.068
880	176	-571.718	-218.033	-789.752	-789.752
881	176.2	-499.463	-214.766	-714.229	-714.229
882	176.4	-492.117	-217.221	-709.338	-709.338
883	176.6	-425.072	-213.248	-638.32	-638.32
884	176.8	-413.707	-203.762	-617.468	-617.468
885	177	-413.572	-193.354	-606.926	-606.926
886	177.2	-357.683	-202.316	-559.999	-559.999
887	177.4	-498.09	-197.207	-695.297	-695.297
888	177.6	-518.725	-203.855	-722.581	-722.581
889	177.8	-480.422	-188.644	-669.066	-669.066
890	178	-466.164	-198.563	-664.727	-664.727
891	178.2	-474.076	-193.667	-667.744	-667.744
892	178.4	-471.243	-200.076	-671.319	-671.319
893	178.6	-497.688	-212.651	-710.339	-710.339
894	178.8	-566.144	-197.006	-763.151	-763.151
895	179	-521.497	-204.073	-725.57	-725.57
896	179.2	-514.887	-200.972	-715.859	-715.859
897	179.4	-490.921	-193.815	-684.736	-684.736
898	179.6	-568.63	-202.955	-771.585	-771.585
899	179.8	-533.321	-203.568	-736.889	-736.889
900	180	-541.356	-206.914	-748.27	-748.27
901	180.2	-574.612	-198.58	-773.192	-773.192
902	180.4	-543.829	-199.953	-743.782	-743.782
903	180.6	-521.946	-205.681	-727.628	-727.628
