Frame         Time          Elec          VdW           Nonbond       Total         
0             0             +0.616        -0.0108       +0.6052       +0.6052       
1             1             +1.0224       -0.0782       +0.9442       +0.9442       
2             2             -0.0529       -0.0002       -0.0531       -0.0531       
3             3             +0.0145       -0            +0.0145       +0.0145       
4             4             +0.058        -0            +0.058        +0.058        
5             5             +0.1029       -0.0015       +0.1014       +0.1014       
6             6             +0.0054       -0.0042       +0.0012       +0.0012       
7             7             +0.137        -0.0008       +0.1362       +0.1362       
8             8             +0.9539       -0.0075       +0.9464       +0.9464       
9             9             +0.8718       -0.0067       +0.8651       +0.8651       
10            10            +0.5303       -0.0014       +0.5289       +0.5289       
11            11            +1.2274       -0.0119       +1.2155       +1.2155       
12            12            +0.4723       -0.0015       +0.4708       +0.4708       
13            13            +0.1516       -0            +0.1516       +0.1516       
14            14            +0.168        -0.0003       +0.1677       +0.1677       
15            15            +0.1864       -0            +0.1864       +0.1864       
16            16            +1.4454       -0.0046       +1.4408       +1.4408       
17            17            +0.5973       -0.0009       +0.5964       +0.5964       
18            18            +0.2228       -0.0001       +0.2227       +0.2227       
19            19            +0.2711       -0.0016       +0.2695       +0.2695       
20            20            -1.7058       -0.0186       -1.7244       -1.7244       
21            21            -2.0227       -0.0298       -2.0525       -2.0525       
22            22            +0.7934       -0.0006       +0.7928       +0.7928       
23            23            +0.3505       -0.0011       +0.3494       +0.3494       
24            24            +0.123        -0            +0.123        +0.123        
25            25            +1.8551       -0.0046       +1.8505       +1.8505       
26            26            +1.1507       -0.0004       +1.1503       +1.1503       
27            27            +1.0622       -0.0007       +1.0615       +1.0615       
28            28            +0.1614       -0            +0.1614       +0.1614       
29            29            +0.6258       -0.0002       +0.6256       +0.6256       
30            30            +1.5098       -0.0046       +1.5052       +1.5052       
31            31            +0.9684       -0.0076       +0.9608       +0.9608       
32            32            +0.2285       -0            +0.2285       +0.2285       
33            33            +1.8859       -0.008        +1.8779       +1.8779       
34            34            +0.2336       -0.0068       +0.2268       +0.2268       
35            35            -0.5085       -0.0006       -0.5091       -0.5091       
36            36            +0.1752       -0.001        +0.1742       +0.1742       
37            37            -0.5256       -0.005        -0.5306       -0.5306       
38            38            -0.1411       -0.0015       -0.1426       -0.1426       
39            39            -0.108        -0.0071       -0.1151       -0.1151       
40            40            -1.1713       -0.0145       -1.1858       -1.1858       
41            41            -0.5294       -0.0054       -0.5348       -0.5348       
42            42            +1.2766       -0.0122       +1.2644       +1.2644       
43            43            -2.1549       -0.0697       -2.2246       -2.2246       
44            44            -0.132        -0.0094       -0.1414       -0.1414       
45            45            +0.1335       -0.0017       +0.1318       +0.1318       
46            46            -2.3546       -0.0665       -2.4211       -2.4211       
47            47            -1.2038       -0.0273       -1.2311       -1.2311       
48            48            +1.8615       -0.1436       +1.7179       +1.7179       
49            49            +2.4319       -0.0527       +2.3792       +2.3792       
50            50            -0.6173       -0.1219       -0.7392       -0.7392       
51            51            -0.5225       -0.1962       -0.7187       -0.7187       
52            52            +0.014        -0.1013       -0.0873       -0.0873       
53            53            +4.4808       -0.3345       +4.1463       +4.1463       
54            54            +1.2675       -0.143        +1.1245       +1.1245       
55            55            -3.5658       -0.1357       -3.7015       -3.7015       
56            56            +1.0642       -0.2103       +0.8539       +0.8539       
57            57            +2.5867       -0.2113       +2.3754       +2.3754       
58            58            +6.2755       -0.1709       +6.1046       +6.1046       
59            59            +3.7607       -0.172        +3.5887       +3.5887       
60            60            -4.1102       -0.2059       -4.3161       -4.3161       
61            61            -3.4613       -0.2733       -3.7346       -3.7346       
62            62            -6.7953       -1.5312       -8.3265       -8.3265       
63            63            -2.5688       -1.4757       -4.0445       -4.0445       
64            64            -6.1052       -0.772        -6.8772       -6.8772       
65            65            -6.141        -1.0211       -7.1621       -7.1621       
66            66            -2.2895       -0.3559       -2.6454       -2.6454       
67            67            -2.2343       -0.4965       -2.7308       -2.7308       
68            68            +0.1678       -0.2622       -0.0944       -0.0944       
69            69            +4.8656       -0.499        +4.3666       +4.3666       
70            70            -1.7665       -0.5045       -2.271        -2.271        
71            71            +0.2022       -0.1034       +0.0988       +0.0988       
72            72            -0.5029       -0.1166       -0.6195       -0.6195       
73            73            +2.8497       -0.1624       +2.6873       +2.6873       
74            74            -0.6825       -0.0933       -0.7758       -0.7758       
75            75            +1.1437       -0.171        +0.9727       +0.9727       
76            76            -0.4393       -0.3722       -0.8115       -0.8115       
77            77            +1.0198       -0.3098       +0.71         +0.71         
78            78            -6.797        -1.9742       -8.7712       -8.7712       
79            79            +3.4452       -0.6247       +2.8205       +2.8205       
80            80            -2.0888       -0.3991       -2.4879       -2.4879       
81            81            +2.0593       -0.1995       +1.8598       +1.8598       
82            82            +1.2008       -0.293        +0.9078       +0.9078       
83            83            -0.5279       -0.2367       -0.7646       -0.7646       
84            84            +5.2621       -0.1956       +5.0665       +5.0665       
85            85            +1.9076       -0.0569       +1.8507       +1.8507       
86            86            +1.5788       -0.0258       +1.553        +1.553        
87            87            +0.4662       -0.1213       +0.3449       +0.3449       
88            88            +5.1825       -0.138        +5.0445       +5.0445       
89            89            +3.0808       -0.0262       +3.0546       +3.0546       
90            90            +0            +0            +0            +0            
91            91            +1.5566       -0.0045       +1.5521       +1.5521       
92            92            +2.2153       -0.0106       +2.2047       +2.2047       
93            93            +0.4902       -0.0133       +0.4769       +0.4769       
94            94            -1.7018       -0.2459       -1.9477       -1.9477       
95            95            -2.0765       -0.0454       -2.1219       -2.1219       
96            96            -1.1627       -0.0861       -1.2488       -1.2488       
97            97            -11.1164      -1.0964       -12.2128      -12.2128      
98            98            -7.9049       -1.5727       -9.4776       -9.4776       
99            99            -12.9366      -1.3922       -14.3288      -14.3288      
100           100           -6.8984       -0.6432       -7.5416       -7.5416       
101           101           +2.1747       -0.4032       +1.7715       +1.7715       
102           102           +1.9031       -0.303        +1.6001       +1.6001       
103           103           -0.5093       -0.3442       -0.8535       -0.8535       
104           104           -7.3926       -0.6099       -8.0025       -8.0025       
105           105           -6.4794       -1.0634       -7.5428       -7.5428       
106           106           -3.1622       -0.1778       -3.34         -3.34         
107           107           -4.0075       -0.5946       -4.6021       -4.6021       
108           108           -6.6951       -0.6784       -7.3735       -7.3735       
109           109           -0.8172       -0.1462       -0.9634       -0.9634       
110           110           +1.327        -0.0346       +1.2924       +1.2924       
111           111           -4.4687       -0.5241       -4.9928       -4.9928       
112           112           +1.049        -0.5535       +0.4955       +0.4955       
113           113           -3.5154       -0.7958       -4.3112       -4.3112       
114           114           -1.5621       -0.4018       -1.9639       -1.9639       
115           115           +3.3151       -0.1535       +3.1616       +3.1616       
116           116           +3.2183       -0.1251       +3.0932       +3.0932       
117           117           +1.4254       -0.0754       +1.35         +1.35         
118           118           +1.065        -0.0471       +1.0179       +1.0179       
119           119           +1.2967       -0.1113       +1.1854       +1.1854       
120           120           +1.9664       -0.4872       +1.4792       +1.4792       
121           121           -1.9364       -0.5839       -2.5203       -2.5203       
122           122           +0.1659       -0.5845       -0.4186       -0.4186       
123           123           -3.094        -0.671        -3.765        -3.765        
124           124           -4.2932       -0.2241       -4.5173       -4.5173       
125           125           -8.1267       -1.0494       -9.1761       -9.1761       
126           126           +7.7606       -0.8331       +6.9275       +6.9275       
127           127           +4.9273       -0.4992       +4.4281       +4.4281       
128           128           +2.8588       -0.2913       +2.5675       +2.5675       
129           129           -0.8409       -0.4014       -1.2423       -1.2423       
130           130           -2.3876       -0.4026       -2.7902       -2.7902       
131           131           -0.8021       -0.1432       -0.9453       -0.9453       
132           132           +1.5929       -0.3115       +1.2814       +1.2814       
133           133           -1.8894       -0.3918       -2.2812       -2.2812       
134           134           +0.8595       -0.6386       +0.2209       +0.2209       
135           135           +0.8924       -0.2702       +0.6222       +0.6222       
136           136           -2.8953       -0.364        -3.2593       -3.2593       
137           137           +1.9169       -0.7949       +1.122        +1.122        
138           138           -0.4229       -0.6268       -1.0497       -1.0497       
139           139           +1.4958       -0.2919       +1.2039       +1.2039       
140           140           +0.5111       -0.4013       +0.1098       +0.1098       
141           141           +2.919        -0.3003       +2.6187       +2.6187       
142           142           +2.3042       -0.3208       +1.9834       +1.9834       
143           143           -0.0738       -0.1895       -0.2633       -0.2633       
144           144           -0.6551       -0.1224       -0.7775       -0.7775       
145           145           +1.1487       -0.1546       +0.9941       +0.9941       
146           146           +0.3869       -0.2035       +0.1834       +0.1834       
147           147           +2.6838       -0.2691       +2.4147       +2.4147       
148           148           +5.0259       -0.3844       +4.6415       +4.6415       
149           149           +1.3188       -0.5677       +0.7511       +0.7511       
150           150           -0.732        -0.3749       -1.1069       -1.1069       
151           151           +3.851        -0.1653       +3.6857       +3.6857       
152           152           -0.9284       -0.2072       -1.1356       -1.1356       
153           153           -0.7524       -0.0495       -0.8019       -0.8019       
154           154           +1.0179       -0.0894       +0.9285       +0.9285       
155           155           +1.3333       -0.1693       +1.164        +1.164        
156           156           +3.707        -0.3406       +3.3664       +3.3664       
157           157           +0.1731       -0.0659       +0.1072       +0.1072       
158           158           +2.5493       -0.0954       +2.4539       +2.4539       
159           159           +3.3598       -0.1163       +3.2435       +3.2435       
160           160           +3.2046       -0.1071       +3.0975       +3.0975       
161           161           +5.4892       -0.1521       +5.3371       +5.3371       
162           162           +3.7907       -0.0941       +3.6966       +3.6966       
163           163           +6.7739       -0.1508       +6.6231       +6.6231       
164           164           +2.7848       -0.1459       +2.6389       +2.6389       
165           165           +2.4131       -0.1395       +2.2736       +2.2736       
166           166           -2.5196       -0.1176       -2.6372       -2.6372       
167           167           +0.7064       -0.0301       +0.6763       +0.6763       
168           168           +0.5349       -0.0055       +0.5294       +0.5294       
169           169           +0.9029       -0.0003       +0.9026       +0.9026       
170           170           +0.4324       -0.0002       +0.4322       +0.4322       
171           171           +0.9585       -0.0017       +0.9568       +0.9568       
172           172           +0.1846       -0            +0.1846       +0.1846       
173           173           +0.4397       -0.0003       +0.4394       +0.4394       
174           174           +0.4947       -0.0001       +0.4946       +0.4946       
175           175           +1.397        -0.0026       +1.3944       +1.3944       
176           176           +0.1297       -0            +0.1297       +0.1297       
177           177           +0.0249       -0            +0.0249       +0.0249       
178           178           +0.1559       -0            +0.1559       +0.1559       
179           179           +0.1507       -0            +0.1507       +0.1507       
180           180           +0.3052       -0.0001       +0.3051       +0.3051       
181           181           +0.5639       -0.0001       +0.5638       +0.5638       
182           182           +1.8119       -0.0079       +1.804        +1.804        
183           183           +0.1521       -0.0003       +0.1518       +0.1518       
184           184           +0.5058       -0            +0.5058       +0.5058       
185           185           +1.0306       -0.0004       +1.0302       +1.0302       
186           186           +1.9435       -0.0038       +1.9397       +1.9397       
187           187           +2.2668       -0.0158       +2.251        +2.251        
188           188           +0.526        -0.0046       +0.5214       +0.5214       
189           189           -0.2048       -0.0012       -0.206        -0.206        
190           190           -0.0985       -0.0057       -0.1042       -0.1042       
191           191           +0            +0            +0            +0            
192           192           +0.0075       -0            +0.0075       +0.0075       
193           193           +0.0004       -0            +0.0004       +0.0004       
194           194           +0.1242       -0.0001       +0.1241       +0.1241       
195           195           +0.0281       -0            +0.0281       +0.0281       
196           196           +0.0076       -0            +0.0076       +0.0076       
197           197           +0.3019       -0.0009       +0.301        +0.301        
198           198           +1.2754       -0.0179       +1.2575       +1.2575       
199           199           +0.4311       -0.0018       +0.4293       +0.4293       
200           200           +0.0858       -0.0095       +0.0763       +0.0763       
201           201           +0.0781       -0.0025       +0.0756       +0.0756       
202           202           +0.0622       -0.0007       +0.0615       +0.0615       
203           203           +0.0131       -0            +0.0131       +0.0131       
204           204           +0            +0            +0            +0            
205           205           +0            +0            +0            +0            
206           206           +0            +0            +0            +0            
207           207           +0            +0            +0            +0            
208           208           +0            +0            +0            +0            
209           209           +0            +0            +0            +0            
210           210           +0.019        -0            +0.019        +0.019        
211           211           +0            +0            +0            +0            
212           212           +0.0477       -0.0004       +0.0473       +0.0473       
213           213           -0.1519       -0.006        -0.1579       -0.1579       
214           214           -0.3272       -0.001        -0.3282       -0.3282       
215           215           -2.4985       -0.076        -2.5745       -2.5745       
216           216           -1.1208       -0.0152       -1.136        -1.136        
217           217           -0.0724       -0.0048       -0.0772       -0.0772       
218           218           -1.2          -0.0166       -1.2166       -1.2166       
219           219           +0.2207       -0.0008       +0.2199       +0.2199       
220           220           +0.2385       -0.0046       +0.2339       +0.2339       
221           221           -0.7046       -0.0362       -0.7408       -0.7408       
222           222           -0.538        -0.0506       -0.5886       -0.5886       
223           223           -1.2025       -0.1532       -1.3557       -1.3557       
224           224           -0.3541       -0.071        -0.4251       -0.4251       
225           225           -0.0732       -0.0006       -0.0738       -0.0738       
226           226           -0.038        -0.0006       -0.0386       -0.0386       
227           227           +0.124        -0.0007       +0.1233       +0.1233       
228           228           +0.2954       -0.0017       +0.2937       +0.2937       
229           229           +0.2805       -0.0008       +0.2797       +0.2797       
230           230           +0.2551       -0.0001       +0.255        +0.255        
231           231           +0.3356       -0.0006       +0.335        +0.335        
232           232           +1.246        -0.0031       +1.2429       +1.2429       
233           233           +0.404        -0.0005       +0.4035       +0.4035       
234           234           +0.0101       -0.0042       +0.0059       +0.0059       
235           235           +0            +0            +0            +0            
236           236           +0            +0            +0            +0            
237           237           +0            +0            +0            +0            
238           238           +0            +0            +0            +0            
239           239           +0.3344       -0.0015       +0.3329       +0.3329       
240           240           -0.0003       -0            -0.0003       -0.0003       
241           241           +0            +0            +0            +0            
242           242           +0            +0            +0            +0            
243           243           +0            +0            +0            +0            
244           244           -0.0116       -0            -0.0116       -0.0116       
245           245           +0.0447       -0.0005       +0.0442       +0.0442       
246           246           +0.1085       -0            +0.1085       +0.1085       
247           247           +0            +0            +0            +0            
248           248           +0.138        -0.0004       +0.1376       +0.1376       
249           249           +0            +0            +0            +0            
250           250           +0            +0            +0            +0            
251           251           +0.0282       -0            +0.0282       +0.0282       
252           252           +0            +0            +0            +0            
253           253           +0            +0            +0            +0            
254           254           +0            +0            +0            +0            
255           255           +0.0272       -0            +0.0272       +0.0272       
256           256           +0            +0            +0            +0            
257           257           +0            +0            +0            +0            
258           258           +0            +0            +0            +0            
259           259           +0            +0            +0            +0            
260           260           +0            +0            +0            +0            
261           261           +0            +0            +0            +0            
262           262           +0            +0            +0            +0            
263           263           +0            +0            +0            +0            
264           264           +0            +0            +0            +0            
265           265           +0            +0            +0            +0            
266           266           +0            +0            +0            +0            
267           267           +0            +0            +0            +0            
268           268           +0            +0            +0            +0            
269           269           +0            +0            +0            +0            
270           270           +0            +0            +0            +0            
271           271           +0.0669       -0            +0.0669       +0.0669       
272           272           +0.8241       -0.0031       +0.821        +0.821        
273           273           +0.1576       -0.0046       +0.153        +0.153        
274           274           +1.143        -0.0028       +1.1402       +1.1402       
275           275           +1.3619       -0.003        +1.3589       +1.3589       
276           276           +3.163        -0.0117       +3.1513       +3.1513       
277           277           +0.127        -0            +0.127        +0.127        
278           278           +0.0047       -0            +0.0047       +0.0047       
279           279           +0.0451       -0            +0.0451       +0.0451       
280           280           +0.0211       -0            +0.0211       +0.0211       
281           281           +1.1872       -0.0019       +1.1853       +1.1853       
282           282           +0.1552       -0            +0.1552       +0.1552       
283           283           +0.0774       -0            +0.0774       +0.0774       
284           284           +0.1705       -0            +0.1705       +0.1705       
285           285           +0            +0            +0            +0            
286           286           +0            +0            +0            +0            
287           287           -0.003        -0            -0.003        -0.003        
288           288           +0            +0            +0            +0            
289           289           +0            +0            +0            +0            
290           290           +0            +0            +0            +0            
291           291           +0.0055       -0            +0.0055       +0.0055       
292           292           +0.0333       -0            +0.0333       +0.0333       
293           293           +0            +0            +0            +0            
294           294           +0.1384       -0            +0.1384       +0.1384       
295           295           +0.077        -0            +0.077        +0.077        
296           296           +0.1344       -0            +0.1344       +0.1344       
297           297           +0            +0            +0            +0            
298           298           +0            +0            +0            +0            
299           299           +0.0004       -0            +0.0004       +0.0004       
300           300           +0            +0            +0            +0            
301           301           +0            +0            +0            +0            
302           302           +0            +0            +0            +0            
303           303           +0            +0            +0            +0            
304           304           +0            +0            +0            +0            
305           305           -0.0082       -0            -0.0082       -0.0082       
306           306           +0            +0            +0            +0            
307           307           +0            +0            +0            +0            
308           308           +0            +0            +0            +0            
309           309           +0            +0            +0            +0            
310           310           -0.2956       -0.0001       -0.2957       -0.2957       
311           311           +0.4772       -0.0008       +0.4764       +0.4764       
312           312           +0            +0            +0            +0            
313           313           +0.0098       -0            +0.0098       +0.0098       
314           314           +0            +0            +0            +0            
315           315           +0            +0            +0            +0            
316           316           -0.013        -0            -0.013        -0.013        
317           317           +0            +0            +0            +0            
318           318           +0.0095       -0            +0.0095       +0.0095       
319           319           +0.1376       -0.0001       +0.1375       +0.1375       
320           320           +0.1793       -0.004        +0.1753       +0.1753       
321           321           +0.4289       -0.0001       +0.4288       +0.4288       
322           322           +0.7578       -0.0335       +0.7243       +0.7243       
323           323           +1.6287       -0.0184       +1.6103       +1.6103       
324           324           +0.0241       -0            +0.0241       +0.0241       
325           325           +0.0576       -0            +0.0576       +0.0576       
326           326           +0.0016       -0            +0.0016       +0.0016       
327           327           +0            +0            +0            +0            
328           328           +0            +0            +0            +0            
329           329           +0            +0            +0            +0            
330           330           +0            +0            +0            +0            
331           331           +0            +0            +0            +0            
332           332           +0            +0            +0            +0            
333           333           +0.2856       -0            +0.2856       +0.2856       
334           334           -0.2501       -0.0005       -0.2506       -0.2506       
335           335           +0            +0            +0            +0            
336           336           +0            +0            +0            +0            
337           337           +0            +0            +0            +0            
338           338           +0            +0            +0            +0            
339           339           +0            +0            +0            +0            
340           340           -0.045        -0.0002       -0.0452       -0.0452       
341           341           -0.0359       -0.0002       -0.0361       -0.0361       
342           342           +0            +0            +0            +0            
343           343           +0.0025       -0.0002       +0.0023       +0.0023       
344           344           -0.0074       -0.0001       -0.0075       -0.0075       
345           345           +0            +0            +0            +0            
346           346           +0.0791       -0.0058       +0.0733       +0.0733       
347           347           +0.0965       -0.0001       +0.0964       +0.0964       
348           348           -0.1799       -0.0032       -0.1831       -0.1831       
349           349           -0.3135       -0.0011       -0.3146       -0.3146       
350           350           +0            +0            +0            +0            
351           351           -0.2275       -0.0157       -0.2432       -0.2432       
352           352           +0            +0            +0            +0            
353           353           +0            +0            +0            +0            
354           354           +0.1454       -0.0061       +0.1393       +0.1393       
355           355           -0.1056       -0.0002       -0.1058       -0.1058       
356           356           -0.0929       -0.0234       -0.1163       -0.1163       
357           357           -0.0225       -0.0021       -0.0246       -0.0246       
358           358           -0.6795       -0.0034       -0.6829       -0.6829       
359           359           +0.6851       -0.0079       +0.6772       +0.6772       
360           360           -0.5904       -0.0189       -0.6093       -0.6093       
361           361           -1.3642       -0.0422       -1.4064       -1.4064       
362           362           -0.6503       -0.0736       -0.7239       -0.7239       
363           363           -0.6668       -0.044        -0.7108       -0.7108       
364           364           -0.642        -0.0237       -0.6657       -0.6657       
365           365           -0.4909       -0.0289       -0.5198       -0.5198       
366           366           -2.59         -0.0557       -2.6457       -2.6457       
367           367           -0.9472       -0.0246       -0.9718       -0.9718       
368           368           -0.6589       -0.0106       -0.6695       -0.6695       
369           369           -1.0075       -0.0114       -1.0189       -1.0189       
370           370           -1.2894       -0.022        -1.3114       -1.3114       
371           371           -1.2385       -0.0222       -1.2607       -1.2607       
372           372           -0.1057       -0.0239       -0.1296       -0.1296       
373           373           +0.1167       -0.0001       +0.1166       +0.1166       
374           374           +0            +0            +0            +0            
375           375           +0.036        -0.0002       +0.0358       +0.0358       
376           376           -0.2128       -0.0003       -0.2131       -0.2131       
377           377           -0.6939       -0.0024       -0.6963       -0.6963       
378           378           -1.6471       -0.0142       -1.6613       -1.6613       
379           379           -2.1657       -0.0344       -2.2001       -2.2001       
380           380           -0.069        -0.0194       -0.0884       -0.0884       
381           381           -0.226        -0.0007       -0.2267       -0.2267       
382           382           -0.0602       -0            -0.0602       -0.0602       
383           383           -0.1891       -0.0051       -0.1942       -0.1942       
384           384           -0.5306       -0.0037       -0.5343       -0.5343       
385           385           -1.6972       -0.0239       -1.7211       -1.7211       
386           386           -0.0291       -0            -0.0291       -0.0291       
387           387           -0.1397       -0            -0.1397       -0.1397       
388           388           -0.0007       -0.0004       -0.0011       -0.0011       
389           389           +0.0075       -0            +0.0075       +0.0075       
390           390           -0.5987       -0.0003       -0.599        -0.599        
391           391           +0.1344       -0.0003       +0.1341       +0.1341       
392           392           +0.4827       -0.0013       +0.4814       +0.4814       
393           393           +0.0022       -0            +0.0022       +0.0022       
394           394           +0.0009       -0            +0.0009       +0.0009       
395           395           +0.7575       -0.0014       +0.7561       +0.7561       
396           396           +0.9641       -0.0005       +0.9636       +0.9636       
397           397           +0.3616       -0.0004       +0.3612       +0.3612       
398           398           +1.4885       -0.0062       +1.4823       +1.4823       
399           399           +0.5929       -0.0031       +0.5898       +0.5898       
400           400           +0.783        -0.0042       +0.7788       +0.7788       
401           401           +0.9634       -0.0062       +0.9572       +0.9572       
402           402           +0.8088       -0.004        +0.8048       +0.8048       
403           403           +0.7557       -0.002        +0.7537       +0.7537       
404           404           +0.0556       -0            +0.0556       +0.0556       
405           405           +0.1621       -0            +0.1621       +0.1621       
406           406           +0.0164       -0            +0.0164       +0.0164       
407           407           +0            +0            +0            +0            
408           408           +0.0736       -0            +0.0736       +0.0736       
409           409           -0.8199       -0.0013       -0.8212       -0.8212       
410           410           -0.2113       -0.0017       -0.213        -0.213        
411           411           +0.0229       -0.0008       +0.0221       +0.0221       
412           412           -0.125        -0.0019       -0.1269       -0.1269       
413           413           -0.1288       -0.0004       -0.1292       -0.1292       
414           414           +0.076        -0.0014       +0.0746       +0.0746       
415           415           -0.2729       -0.0026       -0.2755       -0.2755       
416           416           -0.0199       -0            -0.0199       -0.0199       
417           417           +0.1083       -0.0172       +0.0911       +0.0911       
418           418           -0.7816       -0.0144       -0.796        -0.796        
419           419           -1.257        -0.0375       -1.2945       -1.2945       
420           420           -1.7959       -0.0254       -1.8213       -1.8213       
421           421           -0.5          -0.0332       -0.5332       -0.5332       
422           422           -0.0607       -0.0444       -0.1051       -0.1051       
423           423           -0.339        -0.0225       -0.3615       -0.3615       
424           424           +0.8781       -0.0313       +0.8468       +0.8468       
425           425           -0.0218       -0.0434       -0.0652       -0.0652       
426           426           +0.0324       -0.0255       +0.0069       +0.0069       
427           427           +1.2591       -0.041        +1.2181       +1.2181       
428           428           +5.0289       -0.0898       +4.9391       +4.9391       
429           429           +1.8699       -0.0591       +1.8108       +1.8108       
430           430           +3.0335       -0.1136       +2.9199       +2.9199       
431           431           +2.5308       -0.1042       +2.4266       +2.4266       
432           432           -0.5072       -0.0589       -0.5661       -0.5661       
433           433           -1.4707       -0.1536       -1.6243       -1.6243       
434           434           -0.6103       -0.0303       -0.6406       -0.6406       
435           435           +0.8738       -0.0538       +0.82         +0.82         
436           436           +1.7581       -0.1103       +1.6478       +1.6478       
437           437           -0.2205       -0.0254       -0.2459       -0.2459       
438           438           -0.0231       -0.0075       -0.0306       -0.0306       
439           439           -1.2112       -0.0123       -1.2235       -1.2235       
440           440           -0.5378       -0.0973       -0.6351       -0.6351       
441           441           -3.6602       -0.2133       -3.8735       -3.8735       
442           442           -1.9695       -0.0202       -1.9897       -1.9897       
443           443           +0.7855       -0.0049       +0.7806       +0.7806       
444           444           +0.6022       -0.0162       +0.586        +0.586        
445           445           -0.9798       -0.0212       -1.001        -1.001        
446           446           -0.3708       -0.0033       -0.3741       -0.3741       
447           447           +0.4366       -0.0348       +0.4018       +0.4018       
448           448           -0.4876       -0.0102       -0.4978       -0.4978       
449           449           -1.9274       -0.008        -1.9354       -1.9354       
450           450           -1.3333       -0.0168       -1.3501       -1.3501       
451           451           -1.3928       -0.0095       -1.4023       -1.4023       
452           452           -0.1416       -0.0068       -0.1484       -0.1484       
453           453           +0.7898       -0.032        +0.7578       +0.7578       
454           454           -1.6763       -0.0756       -1.7519       -1.7519       
455           455           +0.3679       -0.0311       +0.3368       +0.3368       
456           456           -1.4754       -0.0682       -1.5436       -1.5436       
457           457           -0.9884       -0.0811       -1.0695       -1.0695       
458           458           -0.6737       -0.0951       -0.7688       -0.7688       
459           459           -0.2794       -0.0062       -0.2856       -0.2856       
460           460           -2.5998       -0.0339       -2.6337       -2.6337       
461           461           -5.4217       -0.2709       -5.6926       -5.6926       
462           462           -2.7802       -0.0531       -2.8333       -2.8333       
463           463           -0.8652       -0.0032       -0.8684       -0.8684       
