Frame         Time          Elec          VdW           Nonbond       Total         
0             0             +1.643        -0.6212       +1.0218       +1.0218       
1             1             +3.57         -2.5034       +1.0666       +1.0666       
2             2             +1.2419       -0.0691       +1.1728       +1.1728       
3             3             -0.0864       -0.0103       -0.0967       -0.0967       
4             4             +0.2804       -0.0157       +0.2647       +0.2647       
5             5             +0.8172       -0.0281       +0.7891       +0.7891       
6             6             -0.5219       -0.1355       -0.6574       -0.6574       
7             7             +0.57         -0.0217       +0.5483       +0.5483       
8             8             +1.3898       -0.0906       +1.2992       +1.2992       
9             9             +1.6014       -0.0266       +1.5748       +1.5748       
10            10            +1.7205       -0.073        +1.6475       +1.6475       
11            11            +3.3703       -0.7817       +2.5886       +2.5886       
12            12            +0.6331       -0.0038       +0.6293       +0.6293       
13            13            +0.4069       -0.0005       +0.4064       +0.4064       
14            14            +0.6841       -0.0008       +0.6833       +0.6833       
15            15            +0.085        -0.0144       +0.0706       +0.0706       
16            16            +0.7835       -0.0138       +0.7697       +0.7697       
17            17            +1.3022       -0.0337       +1.2685       +1.2685       
18            18            +0.0558       -0            +0.0558       +0.0558       
19            19            +0.2054       -0.0008       +0.2046       +0.2046       
20            20            +0.4243       -0.0015       +0.4228       +0.4228       
21            21            +0.3915       -0.002        +0.3895       +0.3895       
22            22            +0.4575       -0.0066       +0.4509       +0.4509       
23            23            +0.0072       -0            +0.0072       +0.0072       
24            24            +0.0084       -0            +0.0084       +0.0084       
25            25            +1.234        -0.0295       +1.2045       +1.2045       
26            26            +0.3415       -0.0019       +0.3396       +0.3396       
27            27            +0.1861       -0.0024       +0.1837       +0.1837       
28            28            +0.3047       -0.0009       +0.3038       +0.3038       
29            29            +0.2603       -0.0006       +0.2597       +0.2597       
30            30            +0.7188       -0.0023       +0.7165       +0.7165       
31            31            +0.0927       -0            +0.0927       +0.0927       
32            32            -0.003        -0.0018       -0.0048       -0.0048       
33            33            -0.6309       -0.0139       -0.6448       -0.6448       
34            34            +1.7127       -0.0391       +1.6736       +1.6736       
35            35            +0.1258       -0.0001       +0.1257       +0.1257       
36            36            +1.2219       -0.0224       +1.1995       +1.1995       
37            37            +0.9188       -0.0018       +0.917        +0.917        
38            38            +0.1544       -0.0003       +0.1541       +0.1541       
39            39            +1.1851       -0.0127       +1.1724       +1.1724       
40            40            +1.4123       -0.0298       +1.3825       +1.3825       
41            41            +0.3493       -0.0022       +0.3471       +0.3471       
42            42            +1.3531       -0.0177       +1.3354       +1.3354       
43            43            +0.1534       -0.0001       +0.1533       +0.1533       
44            44            +1.5516       -0.0185       +1.5331       +1.5331       
45            45            +0.0814       -0.0212       +0.0602       +0.0602       
46            46            +0.0353       -0.0007       +0.0346       +0.0346       
47            47            +0.2515       -0.0002       +0.2513       +0.2513       
48            48            +0.6845       -0.0039       +0.6806       +0.6806       
49            49            +0.4335       -0.0004       +0.4331       +0.4331       
50            50            +0.3963       -0.0013       +0.395        +0.395        
51            51            +0.2808       -0.0012       +0.2796       +0.2796       
52            52            +0.4277       -0.0012       +0.4265       +0.4265       
53            53            +0.1257       -0.0022       +0.1235       +0.1235       
54            54            +0.1851       -0.0001       +0.185        +0.185        
55            55            +0.5907       -0.0062       +0.5845       +0.5845       
56            56            +0.3084       -0.0004       +0.308        +0.308        
57            57            +0.1644       -0.0004       +0.164        +0.164        
58            58            +0.0152       -0.0003       +0.0149       +0.0149       
59            59            -0.0016       -0.0006       -0.0022       -0.0022       
60            60            +0.0645       -0.0002       +0.0643       +0.0643       
61            61            +0.3617       -0.0019       +0.3598       +0.3598       
62            62            -0.048        -0.0104       -0.0584       -0.0584       
63            63            +0.0636       -0.0149       +0.0487       +0.0487       
64            64            +0.1861       -0.0149       +0.1712       +0.1712       
65            65            -0.2308       -0.0142       -0.245        -0.245        
66            66            +0.1044       -0.0012       +0.1032       +0.1032       
67            67            +0.4758       -0.0059       +0.4699       +0.4699       
68            68            +0.0982       -0.001        +0.0972       +0.0972       
69            69            +0.062        -0.0011       +0.0609       +0.0609       
70            70            +0.2946       -0.0025       +0.2921       +0.2921       
71            71            +0.125        -0.0002       +0.1248       +0.1248       
72            72            -0.0503       -0.0003       -0.0506       -0.0506       
73            73            +0.0906       -0.0026       +0.088        +0.088        
74            74            +0.3131       -0.0007       +0.3124       +0.3124       
75            75            +0.1826       -0.0002       +0.1824       +0.1824       
76            76            -0.0759       -0.0004       -0.0763       -0.0763       
77            77            -0.0883       -0.0086       -0.0969       -0.0969       
78            78            -0.1194       -0.0371       -0.1565       -0.1565       
79            79            +0.2305       -0.0022       +0.2283       +0.2283       
80            80            +0.0136       -0.0015       +0.0121       +0.0121       
81            81            +0.3008       -0.0007       +0.3001       +0.3001       
82            82            +0.1181       -0.0011       +0.117        +0.117        
83            83            +0.1673       -0.0003       +0.167        +0.167        
84            84            +0.0299       -0.0003       +0.0296       +0.0296       
85            85            +0.1487       -0            +0.1487       +0.1487       
86            86            +0            +0            +0            +0            
87            87            +0.0149       -0.0001       +0.0148       +0.0148       
88            88            +0.0457       -0.0003       +0.0454       +0.0454       
89            89            +0            +0            +0            +0            
90            90            +0            +0            +0            +0            
91            91            +1.1523       -0.0117       +1.1406       +1.1406       
92            92            +0.1067       -0.0001       +0.1066       +0.1066       
93            93            +0.0032       -0            +0.0032       +0.0032       
94            94            -0.0036       -0.0012       -0.0048       -0.0048       
95            95            -0.0373       -0            -0.0373       -0.0373       
96            96            -0.0103       -0.0004       -0.0107       -0.0107       
97            97            -0.1514       -0.0155       -0.1669       -0.1669       
98            98            -0.6125       -0.0291       -0.6416       -0.6416       
99            99            -0.4174       -0.0348       -0.4522       -0.4522       
100           100           -0.2468       -0.018        -0.2648       -0.2648       
101           101           +0.1204       -0.0017       +0.1187       +0.1187       
102           102           +0.1567       -0.0014       +0.1553       +0.1553       
103           103           +0.1426       -0.0016       +0.141        +0.141        
104           104           -0.18         -0.0093       -0.1893       -0.1893       
105           105           -0.1127       -0.0134       -0.1261       -0.1261       
106           106           -0.1093       -0.0044       -0.1137       -0.1137       
107           107           -0.2772       -0.0026       -0.2798       -0.2798       
108           108           -0.0369       -0.0093       -0.0462       -0.0462       
109           109           +0.2675       -0.0056       +0.2619       +0.2619       
110           110           +0            +0            +0            +0            
111           111           -0.0804       -0.0012       -0.0816       -0.0816       
112           112           +0.2571       -0.0034       +0.2537       +0.2537       
113           113           -0.1168       -0.0009       -0.1177       -0.1177       
114           114           -0.0688       -0.0005       -0.0693       -0.0693       
115           115           +0.0148       -0.0003       +0.0145       +0.0145       
116           116           +0.2038       -0.0003       +0.2035       +0.2035       
117           117           +0.2547       -0.0005       +0.2542       +0.2542       
118           118           +0.0755       -0            +0.0755       +0.0755       
119           119           +0.1967       -0.002        +0.1947       +0.1947       
120           120           +0.1532       -0.0032       +0.15         +0.15         
121           121           -1.0019       -0.0239       -1.0258       -1.0258       
122           122           -1.8952       -0.0335       -1.9287       -1.9287       
123           123           -0.0469       -0.0454       -0.0923       -0.0923       
124           124           +0.1698       -0.0104       +0.1594       +0.1594       
125           125           -0.3776       -0.0274       -0.405        -0.405        
126           126           +0.2973       -0.0019       +0.2954       +0.2954       
127           127           +0.2445       -0.0011       +0.2434       +0.2434       
128           128           +0.2039       -0.0012       +0.2027       +0.2027       
129           129           +0.1719       -0.0024       +0.1695       +0.1695       
130           130           +0.2944       -0.0024       +0.292        +0.292        
131           131           +0.7924       -0.0145       +0.7779       +0.7779       
132           132           +0.1168       -0.0045       +0.1123       +0.1123       
133           133           +0.1706       -0.0033       +0.1673       +0.1673       
134           134           -0.391        -0.0021       -0.3931       -0.3931       
135           135           +0.1516       -0.0013       +0.1503       +0.1503       
136           136           -0.1456       -0.0004       -0.146        -0.146        
137           137           -0.3749       -0.0016       -0.3765       -0.3765       
138           138           -0.063        -0.0011       -0.0641       -0.0641       
139           139           +0.0402       -0.0004       +0.0398       +0.0398       
140           140           +0.0418       -0.0019       +0.0399       +0.0399       
141           141           +0.0112       -0.0006       +0.0106       +0.0106       
142           142           +0.0461       -0.0004       +0.0457       +0.0457       
143           143           +0.024        -0.0001       +0.0239       +0.0239       
144           144           +0.041        -0.0001       +0.0409       +0.0409       
145           145           +0.0714       -0.0002       +0.0712       +0.0712       
146           146           +0.0404       -0.0001       +0.0403       +0.0403       
147           147           +0.2029       -0.0004       +0.2025       +0.2025       
148           148           +0.0459       -0.0006       +0.0453       +0.0453       
149           149           -0.0628       -0.0033       -0.0661       -0.0661       
150           150           +0.0596       -0.001        +0.0586       +0.0586       
151           151           +0.1244       -0.0003       +0.1241       +0.1241       
152           152           +0.0126       -0.0002       +0.0124       +0.0124       
153           153           +0.0619       -0            +0.0619       +0.0619       
154           154           +0.1492       -0.0002       +0.149        +0.149        
155           155           +0.0148       -0.0004       +0.0144       +0.0144       
156           156           -0.2486       -0.0072       -0.2558       -0.2558       
157           157           +0.1554       -0            +0.1554       +0.1554       
158           158           +0.1088       -0.0002       +0.1086       +0.1086       
159           159           +0.1673       -0.0277       +0.1396       +0.1396       
160           160           +0.4151       -0.0021       +0.413        +0.413        
161           161           +0.1093       -0.0001       +0.1092       +0.1092       
162           162           +0.1313       -0            +0.1313       +0.1313       
163           163           +0.1125       -0.0003       +0.1122       +0.1122       
164           164           +1.1151       -0.0225       +1.0926       +1.0926       
165           165           +0.4425       -0.0012       +0.4413       +0.4413       
166           166           +0.4992       -0.0062       +0.493        +0.493        
167           167           +0.0254       -0            +0.0254       +0.0254       
168           168           +0.1871       -0.0001       +0.187        +0.187        
169           169           +0.0656       -0            +0.0656       +0.0656       
170           170           +0            +0            +0            +0            
171           171           +0.0146       -0            +0.0146       +0.0146       
172           172           +0.0132       -0            +0.0132       +0.0132       
173           173           +0.1247       -0            +0.1247       +0.1247       
174           174           +0.197        -0.0001       +0.1969       +0.1969       
175           175           +0.0016       -0            +0.0016       +0.0016       
176           176           +0.0072       -0            +0.0072       +0.0072       
177           177           +0            +0            +0            +0            
178           178           +0.0272       -0            +0.0272       +0.0272       
179           179           +0.5606       -0.0058       +0.5548       +0.5548       
180           180           +0.8011       -0.0086       +0.7925       +0.7925       
181           181           +0.3388       -0.0004       +0.3384       +0.3384       
182           182           +0.0233       -0            +0.0233       +0.0233       
183           183           +0.4644       -0.0005       +0.4639       +0.4639       
184           184           +0.0945       -0            +0.0945       +0.0945       
185           185           +0.2098       -0.0001       +0.2097       +0.2097       
186           186           +0.3045       -0.0004       +0.3041       +0.3041       
187           187           +0.9614       -0.004        +0.9574       +0.9574       
188           188           +0.6962       -0.0127       +0.6835       +0.6835       
189           189           +0.6688       -0.0015       +0.6673       +0.6673       
190           190           +1.1228       -0.0229       +1.0999       +1.0999       
191           191           +0.1184       -0.0001       +0.1183       +0.1183       
192           192           -0.1872       -0.0053       -0.1925       -0.1925       
193           193           +0.3146       -0.0011       +0.3135       +0.3135       
194           194           +0.0758       -0.0106       +0.0652       +0.0652       
195           195           +0.0105       -0.0449       -0.0344       -0.0344       
196           196           +0.0068       -0            +0.0068       +0.0068       
197           197           +0.6501       -0.0018       +0.6483       +0.6483       
198           198           +0.0249       -0            +0.0249       +0.0249       
199           199           +0.0664       -0.0007       +0.0657       +0.0657       
200           200           +0.4991       -0.0015       +0.4976       +0.4976       
201           201           +0.1888       -0            +0.1888       +0.1888       
202           202           +0.5152       -0.0007       +0.5145       +0.5145       
203           203           +0            +0            +0            +0            
204           204           +0            +0            +0            +0            
205           205           +0            +0            +0            +0            
206           206           +0            +0            +0            +0            
207           207           +0            +0            +0            +0            
208           208           +0            +0            +0            +0            
209           209           +0            +0            +0            +0            
210           210           +0            +0            +0            +0            
211           211           +0            +0            +0            +0            
212           212           +0.0324       -0            +0.0324       +0.0324       
213           213           +1.0202       -0.0047       +1.0155       +1.0155       
214           214           +0            +0            +0            +0            
215           215           +0.0152       -0.0002       +0.015        +0.015        
216           216           +0.001        -0            +0.001        +0.001        
217           217           -0.0013       -0            -0.0013       -0.0013       
218           218           -0.018        -0            -0.018        -0.018        
219           219           +0.0011       -0            +0.0011       +0.0011       
220           220           +0.1065       -0            +0.1065       +0.1065       
221           221           +0.0476       -0            +0.0476       +0.0476       
222           222           +0.1338       -0.0002       +0.1336       +0.1336       
223           223           -0.1186       -0.0006       -0.1192       -0.1192       
224           224           -0.0069       -0.0002       -0.0071       -0.0071       
225           225           +0            +0            +0            +0            
226           226           +0            +0            +0            +0            
227           227           +0            +0            +0            +0            
228           228           +0.01         -0            +0.01         +0.01         
229           229           +0            +0            +0            +0            
230           230           +0            +0            +0            +0            
231           231           +0            +0            +0            +0            
232           232           +0.019        -0            +0.019        +0.019        
233           233           +0            +0            +0            +0            
234           234           +0            +0            +0            +0            
235           235           +0            +0            +0            +0            
236           236           +0            +0            +0            +0            
237           237           +0            +0            +0            +0            
238           238           +0            +0            +0            +0            
239           239           +0            +0            +0            +0            
240           240           +0            +0            +0            +0            
241           241           +0            +0            +0            +0            
242           242           +0            +0            +0            +0            
243           243           +0.3408       -0.0011       +0.3397       +0.3397       
244           244           +0.5579       -0.0029       +0.555        +0.555        
245           245           +0.9192       -0.0422       +0.877        +0.877        
246           246           +1.4341       -0.091        +1.3431       +1.3431       
247           247           +0.2217       -0.0234       +0.1983       +0.1983       
248           248           +1.3472       -0.0132       +1.334        +1.334        
249           249           +0.0054       -0            +0.0054       +0.0054       
250           250           +0.0315       -0            +0.0315       +0.0315       
251           251           +0.3313       -0.001        +0.3303       +0.3303       
252           252           +0.0581       -0            +0.0581       +0.0581       
253           253           +0.236        -0.0016       +0.2344       +0.2344       
254           254           +0.0088       -0            +0.0088       +0.0088       
255           255           +0.5774       -0.0097       +0.5677       +0.5677       
256           256           +0.0189       -0            +0.0189       +0.0189       
257           257           +0.1541       -0.0005       +0.1536       +0.1536       
258           258           +0            +0            +0            +0            
259           259           +0            +0            +0            +0            
260           260           +0.0001       -0            +0.0001       +0.0001       
261           261           +0            +0            +0            +0            
262           262           +0            +0            +0            +0            
263           263           +0            +0            +0            +0            
264           264           +0            +0            +0            +0            
265           265           +0            +0            +0            +0            
266           266           +0            +0            +0            +0            
267           267           +0            +0            +0            +0            
268           268           +0.0103       -0            +0.0103       +0.0103       
269           269           +0            +0            +0            +0            
270           270           +0            +0            +0            +0            
271           271           +0            +0            +0            +0            
272           272           +0            +0            +0            +0            
273           273           +0            +0            +0            +0            
274           274           +0            +0            +0            +0            
275           275           +0.0076       -0            +0.0076       +0.0076       
276           276           +0.0124       -0            +0.0124       +0.0124       
277           277           +0            +0            +0            +0            
278           278           +0.1705       -0.0089       +0.1616       +0.1616       
279           279           +0            +0            +0            +0            
280           280           +0            +0            +0            +0            
281           281           +0            +0            +0            +0            
282           282           +0            +0            +0            +0            
283           283           +0            +0            +0            +0            
284           284           +0            +0            +0            +0            
285           285           +0            +0            +0            +0            
286           286           +0.2825       -0.0009       +0.2816       +0.2816       
287           287           +0.1148       -0.0007       +0.1141       +0.1141       
288           288           +0            +0            +0            +0            
289           289           +0            +0            +0            +0            
290           290           +0            +0            +0            +0            
291           291           +0.4097       -0.0022       +0.4075       +0.4075       
292           292           +0.3786       -0.0052       +0.3734       +0.3734       
293           293           +0.1732       -0.0008       +0.1724       +0.1724       
294           294           +0.5575       -0.0049       +0.5526       +0.5526       
295           295           +0            +0            +0            +0            
296           296           +0.0192       -0            +0.0192       +0.0192       
297           297           +0.1672       -0.0001       +0.1671       +0.1671       
298           298           +0            +0            +0            +0            
299           299           +0            +0            +0            +0            
300           300           +0.0069       -0            +0.0069       +0.0069       
301           301           +0.1467       -0.0012       +0.1455       +0.1455       
302           302           +0            +0            +0            +0            
303           303           +0            +0            +0            +0            
304           304           +0            +0            +0            +0            
305           305           -0.0151       -0            -0.0151       -0.0151       
306           306           +0.0001       -0            +0.0001       +0.0001       
307           307           +0            +0            +0            +0            
308           308           +0            +0            +0            +0            
309           309           +0            +0            +0            +0            
310           310           +0            +0            +0            +0            
311           311           -0.0075       -0            -0.0075       -0.0075       
312           312           +0            +0            +0            +0            
313           313           +0            +0            +0            +0            
314           314           +0            +0            +0            +0            
315           315           +0            +0            +0            +0            
316           316           +0.461        -0.0013       +0.4597       +0.4597       
317           317           +0            +0            +0            +0            
318           318           -0.1387       -0            -0.1387       -0.1387       
319           319           +0            +0            +0            +0            
320           320           +0            +0            +0            +0            
321           321           +0            +0            +0            +0            
322           322           +0.0002       -0            +0.0002       +0.0002       
323           323           +0.0046       -0            +0.0046       +0.0046       
324           324           +0.0276       -0            +0.0276       +0.0276       
325           325           +0            +0            +0            +0            
326           326           +0            +0            +0            +0            
327           327           +0            +0            +0            +0            
328           328           +0            +0            +0            +0            
329           329           +0            +0            +0            +0            
330           330           +0            +0            +0            +0            
331           331           +0            +0            +0            +0            
332           332           +0            +0            +0            +0            
333           333           +0            +0            +0            +0            
334           334           +0.0688       -0            +0.0688       +0.0688       
335           335           +0.131        -0.0001       +0.1309       +0.1309       
336           336           +0            +0            +0            +0            
337           337           +0.0379       -0.0037       +0.0342       +0.0342       
338           338           +0.0879       -0.0001       +0.0878       +0.0878       
339           339           +0            +0            +0            +0            
340           340           +0.5054       -0.0004       +0.505        +0.505        
341           341           +0.4783       -0.0015       +0.4768       +0.4768       
342           342           +0            +0            +0            +0            
343           343           +0.4642       -0.0972       +0.367        +0.367        
344           344           -0.1019       -0.0131       -0.115        -0.115        
345           345           -0.1083       -0.0172       -0.1255       -0.1255       
346           346           +0.1829       -0.4167       -0.2338       -0.2338       
347           347           +0.7653       -0.1149       +0.6504       +0.6504       
348           348           +0.9771       -0.0955       +0.8816       +0.8816       
349           349           +1.1387       -0.0226       +1.1161       +1.1161       
350           350           -0.1078       -0.0015       -0.1093       -0.1093       
351           351           +1.3821       -0.0585       +1.3236       +1.3236       
352           352           +0.2865       -0.0035       +0.283        +0.283        
353           353           +0.4687       -0.0026       +0.4661       +0.4661       
354           354           +1.6207       -0.1502       +1.4705       +1.4705       
355           355           +0.6212       -0.0045       +0.6167       +0.6167       
356           356           +2.012        -0.1389       +1.8731       +1.8731       
357           357           +0.5397       -0.252        +0.2877       +0.2877       
358           358           -0.4997       -0.0562       -0.5559       -0.5559       
359           359           +1.829        -1.3205       +0.5085       +0.5085       
360           360           -0.716        -1.389        -2.105        -2.105        
361           361           -1.0438       -1.7116       -2.7554       -2.7554       
362           362           +1.9009       -1.548        +0.3529       +0.3529       
363           363           +0.7276       -0.755        -0.0274       -0.0274       
364           364           -0.6024       -0.5344       -1.1368       -1.1368       
365           365           -1.2193       -0.373        -1.5923       -1.5923       
366           366           -1.2578       -0.2359       -1.4937       -1.4937       
367           367           -3.0976       -0.429        -3.5266       -3.5266       
368           368           -0.407        -0.1131       -0.5201       -0.5201       
369           369           -1.7214       -0.1121       -1.8335       -1.8335       
370           370           -2.1942       -0.1453       -2.3395       -2.3395       
371           371           -2.1192       -0.3646       -2.4838       -2.4838       
372           372           +4.0562       -1.4592       +2.597        +2.597        
373           373           +0.4708       -0.0238       +0.447        +0.447        
374           374           +0.2487       -0.0164       +0.2323       +0.2323       
375           375           -0.6793       -0.097        -0.7763       -0.7763       
376           376           +0.0163       -0.0122       +0.0041       +0.0041       
377           377           -1.1557       -0.0208       -1.1765       -1.1765       
378           378           -2.9673       -0.1004       -3.0677       -3.0677       
379           379           -1.4293       -0.096        -1.5253       -1.5253       
380           380           +0.7358       -0.0332       +0.7026       +0.7026       
381           381           +0.4471       -0.0171       +0.43         +0.43         
382           382           +0.2608       -0.0022       +0.2586       +0.2586       
383           383           +0.1534       -0.0112       +0.1422       +0.1422       
384           384           +0.1288       -0.0025       +0.1263       +0.1263       
385           385           -0.1217       -0.0025       -0.1242       -0.1242       
386           386           +0.3177       -0.0006       +0.3171       +0.3171       
387           387           +0            +0            +0            +0            
388           388           +0.0186       -0            +0.0186       +0.0186       
389           389           +0.2          -0.0002       +0.1998       +0.1998       
390           390           +0.1816       -0            +0.1816       +0.1816       
391           391           +0.0112       -0            +0.0112       +0.0112       
392           392           +0.0535       -0.0002       +0.0533       +0.0533       
393           393           +0.162        -0.0002       +0.1618       +0.1618       
394           394           +0.1009       -0            +0.1009       +0.1009       
395           395           +0.0002       -0            +0.0002       +0.0002       
396           396           +0.5952       -0.0027       +0.5925       +0.5925       
397           397           +0.0443       -0            +0.0443       +0.0443       
398           398           +1.5089       -0.0205       +1.4884       +1.4884       
399           399           +2.0065       -0.0508       +1.9557       +1.9557       
400           400           +0.3307       -0.0836       +0.2471       +0.2471       
401           401           +1.4623       -0.0468       +1.4155       +1.4155       
402           402           +1.0778       -0.1858       +0.892        +0.892        
403           403           +1.5146       -0.0424       +1.4722       +1.4722       
404           404           +0.4085       -0.0035       +0.405        +0.405        
405           405           +0.0485       -0            +0.0485       +0.0485       
406           406           +0.144        -0.0002       +0.1438       +0.1438       
407           407           +0.1332       -0.0001       +0.1331       +0.1331       
408           408           +0.084        -0.0001       +0.0839       +0.0839       
409           409           +0.2505       -0.0004       +0.2501       +0.2501       
410           410           +0.0657       -0.0074       +0.0583       +0.0583       
411           411           +0.7411       -0.0086       +0.7325       +0.7325       
412           412           +0.1065       -0            +0.1065       +0.1065       
413           413           +1.1107       -0.006        +1.1047       +1.1047       
414           414           +0.6721       -0.0026       +0.6695       +0.6695       
415           415           -0.0952       -0.0005       -0.0957       -0.0957       
416           416           +0.0318       -0            +0.0318       +0.0318       
417           417           -0.3797       -0.0002       -0.3799       -0.3799       
418           418           -0.2827       -0            -0.2827       -0.2827       
419           419           -0.2816       -0.0005       -0.2821       -0.2821       
420           420           -0.1219       -0.0004       -0.1223       -0.1223       
421           421           -0.0808       -0.0003       -0.0811       -0.0811       
422           422           -0.3087       -0.0006       -0.3093       -0.3093       
423           423           -0.4315       -0.0002       -0.4317       -0.4317       
424           424           +0.4145       -0.0009       +0.4136       +0.4136       
425           425           +0.7393       -0.0052       +0.7341       +0.7341       
426           426           +0.9663       -0.0059       +0.9604       +0.9604       
427           427           +0.2188       -0.0088       +0.21         +0.21         
428           428           +1.0968       -0.0133       +1.0835       +1.0835       
429           429           +0.0581       -0            +0.0581       +0.0581       
430           430           +0.6612       -0.0049       +0.6563       +0.6563       
431           431           +0.1697       -0.0007       +0.169        +0.169        
432           432           -0.1658       -0.001        -0.1668       -0.1668       
433           433           +0.3281       -0.0049       +0.3232       +0.3232       
434           434           +0.4013       -0.0014       +0.3999       +0.3999       
435           435           +0.029        -0.0013       +0.0277       +0.0277       
436           436           +0.0401       -0.0013       +0.0388       +0.0388       
437           437           -0.2026       -0.0003       -0.2029       -0.2029       
438           438           -0.1262       -0            -0.1262       -0.1262       
439           439           +0.0398       -0.0004       +0.0394       +0.0394       
440           440           -0.3474       -0.0086       -0.356        -0.356        
441           441           -0.5511       -0.0048       -0.5559       -0.5559       
442           442           -0.2549       -0.0014       -0.2563       -0.2563       
443           443           +0.3625       -0.0025       +0.36         +0.36         
444           444           +0.4845       -0.0015       +0.483        +0.483        
445           445           -0.1539       -0.0053       -0.1592       -0.1592       
446           446           +0.3874       -0.0017       +0.3857       +0.3857       
447           447           +0.0286       -0.0001       +0.0285       +0.0285       
448           448           -0.2061       -0            -0.2061       -0.2061       
449           449           +0.104        -0.0001       +0.1039       +0.1039       
450           450           -0.0339       -0            -0.0339       -0.0339       
451           451           -0.0882       -0            -0.0882       -0.0882       
452           452           +0.256        -0.0033       +0.2527       +0.2527       
453           453           +0.2851       -0.004        +0.2811       +0.2811       
454           454           +0.0794       -0.0171       +0.0623       +0.0623       
455           455           +0.5339       -0.0124       +0.5215       +0.5215       
456           456           +0.3137       -0.0006       +0.3131       +0.3131       
457           457           +0.1716       -0.0074       +0.1642       +0.1642       
458           458           -0.0123       -0.0004       -0.0127       -0.0127       
459           459           +0.3292       -0.0004       +0.3288       +0.3288       
460           460           +0.1188       -0.0005       +0.1183       +0.1183       
461           461           +0.1318       -0.0052       +0.1266       +0.1266       
462           462           +0.2531       -0.0007       +0.2524       +0.2524       
463           463           +0.0237       -0.0125       +0.0112       +0.0112       
