Frame         Time          Elec          VdW           Nonbond       Total         
0             0             -1.5438       -0.0771       -1.6209       -1.6209       
1             1             -1.4297       -0.2745       -1.7042       -1.7042       
2             2             -0.3932       -1.1836       -1.5768       -1.5768       
3             3             +0.1347       -0.4807       -0.346        -0.346        
4             4             +0.0193       -1.4066       -1.3873       -1.3873       
5             5             +0.9209       -1.8942       -0.9733       -0.9733       
6             6             +0.2411       -2.1432       -1.9021       -1.9021       
7             7             +0.4128       -1.27         -0.8572       -0.8572       
8             8             +1.874        -2.1002       -0.2262       -0.2262       
9             9             -0.1011       -2.176        -2.2771       -2.2771       
10            10            -0.1182       -2.0606       -2.1788       -2.1788       
11            11            -0.3605       -3.6149       -3.9754       -3.9754       
12            12            +0.908        -3.0836       -2.1756       -2.1756       
13            13            +0.1345       -3.6396       -3.5051       -3.5051       
14            14            -0.7001       -2.4982       -3.1983       -3.1983       
15            15            +0.2525       -0.9          -0.6475       -0.6475       
16            16            -0.4868       -2.4542       -2.941        -2.941        
17            17            +2.2484       -0.3428       +1.9056       +1.9056       
18            18            +3.0645       -0.4222       +2.6423       +2.6423       
19            19            +0.3423       -0.0162       +0.3261       +0.3261       
20            20            +2.5004       -0.1914       +2.309        +2.309        
21            21            +0.9146       -0.0797       +0.8349       +0.8349       
22            22            +3.5175       -0.2427       +3.2748       +3.2748       
23            23            +1.2431       -0.4795       +0.7636       +0.7636       
24            24            +0.0815       -1.059        -0.9775       -0.9775       
25            25            +0.1524       -2.1986       -2.0462       -2.0462       
26            26            +0.7772       -1.5105       -0.7333       -0.7333       
27            27            -0.7861       -1.349        -2.1351       -2.1351       
28            28            -1.3189       -0.6644       -1.9833       -1.9833       
29            29            -0.2304       -0.7542       -0.9846       -0.9846       
30            30            -1.5545       -1.232        -2.7865       -2.7865       
31            31            -0.0364       -0.4512       -0.4876       -0.4876       
32            32            -0.7134       -0.7875       -1.5009       -1.5009       
33            33            -1.5305       -1.6518       -3.1823       -3.1823       
34            34            -2.7903       -0.7264       -3.5167       -3.5167       
35            35            -0.4738       -0.3838       -0.8576       -0.8576       
36            36            -0.2675       -0.5477       -0.8152       -0.8152       
37            37            +0.5978       -1.0583       -0.4605       -0.4605       
38            38            -0.7635       -0.2372       -1.0007       -1.0007       
39            39            -3.6266       -0.2057       -3.8323       -3.8323       
40            40            -0.9711       -0.1106       -1.0817       -1.0817       
41            41            -0.0497       -0.0249       -0.0746       -0.0746       
42            42            -2.7087       -0.254        -2.9627       -2.9627       
43            43            -2.573        -0.1767       -2.7497       -2.7497       
44            44            -0.7054       -0.0158       -0.7212       -0.7212       
45            45            -1.3289       -0.0493       -1.3782       -1.3782       
46            46            -2.109        -0.1742       -2.2832       -2.2832       
47            47            -0.2676       -0.0093       -0.2769       -0.2769       
48            48            -1.1314       -0.0398       -1.1712       -1.1712       
49            49            -1.4272       -0.0431       -1.4703       -1.4703       
50            50            -1.279        -0.0478       -1.3268       -1.3268       
51            51            -1.6341       -0.1422       -1.7763       -1.7763       
52            52            -1.8054       -0.0743       -1.8797       -1.8797       
53            53            -1.0937       -0.0424       -1.1361       -1.1361       
54            54            -0.99         -0.015        -1.005        -1.005        
55            55            -3.8988       -0.0486       -3.9474       -3.9474       
56            56            +0.7806       -0.1124       +0.6682       +0.6682       
57            57            -0.6753       -0.0096       -0.6849       -0.6849       
58            58            -0.064        -0.0667       -0.1307       -0.1307       
59            59            -0.0587       -0            -0.0587       -0.0587       
60            60            -0.5628       -0.0196       -0.5824       -0.5824       
61            61            -3.4401       -0.1637       -3.6038       -3.6038       
62            62            -5.3696       -0.5489       -5.9185       -5.9185       
63            63            -4.2698       -0.7236       -4.9934       -4.9934       
64            64            -5.3047       -1.4575       -6.7622       -6.7622       
65            65            -2.3875       -0.986        -3.3735       -3.3735       
66            66            -1.1395       -1.2587       -2.3982       -2.3982       
67            67            -3.4495       -1.5165       -4.966        -4.966        
68            68            -2.399        -1.2508       -3.6498       -3.6498       
69            69            -5.4139       -0.4754       -5.8893       -5.8893       
70            70            -5.2241       -0.2036       -5.4277       -5.4277       
71            71            -6.4223       -0.2321       -6.6544       -6.6544       
72            72            -2.3651       -0.1025       -2.4676       -2.4676       
73            73            -5.2936       -0.0979       -5.3915       -5.3915       
74            74            -4.7776       -0.2014       -4.979        -4.979        
75            75            -1.6987       -0.8          -2.4987       -2.4987       
76            76            -3.8905       -0.9241       -4.8146       -4.8146       
77            77            -0.6895       -0.4252       -1.1147       -1.1147       
78            78            -0.6107       -0.0483       -0.659        -0.659        
79            79            -0.7575       -0.1202       -0.8777       -0.8777       
80            80            -0.5014       -0.1351       -0.6365       -0.6365       
81            81            -0.4732       -0.1429       -0.6161       -0.6161       
82            82            -0.1248       -0.1177       -0.2425       -0.2425       
83            83            -2.207        -0.1721       -2.3791       -2.3791       
84            84            -1.4419       -0.2715       -1.7134       -1.7134       
85            85            -0.454        -0.0724       -0.5264       -0.5264       
86            86            -0.1757       -0.082        -0.2577       -0.2577       
87            87            -1.884        -0.0987       -1.9827       -1.9827       
88            88            -1.1037       -0.0582       -1.1619       -1.1619       
89            89            -1.1555       -0.0394       -1.1949       -1.1949       
90            90            +0.1482       -0.1915       -0.0433       -0.0433       
91            91            -0.9702       -0.5172       -1.4874       -1.4874       
92            92            +0.1632       -1.5876       -1.4244       -1.4244       
93            93            +0.2063       -0.3832       -0.1769       -0.1769       
94            94            -4.1315       -0.5024       -4.6339       -4.6339       
95            95            -2.0141       -0.8926       -2.9067       -2.9067       
96            96            -1.1579       -1.1669       -2.3248       -2.3248       
97            97            -0.8335       -0.1813       -1.0148       -1.0148       
98            98            -2.8321       -0.0457       -2.8778       -2.8778       
99            99            -3.0058       -0.0862       -3.092        -3.092        
100           100           -0.0195       -0.6253       -0.6448       -0.6448       
101           101           -2.5012       -0.4268       -2.928        -2.928        
102           102           -3.4183       -0.3705       -3.7888       -3.7888       
103           103           -1.6628       -0.0595       -1.7223       -1.7223       
104           104           -0.9113       -0.0133       -0.9246       -0.9246       
105           105           -2.0281       -0.0136       -2.0417       -2.0417       
106           106           -0.1117       -0            -0.1117       -0.1117       
107           107           +0.0002       -0            +0.0002       +0.0002       
108           108           +0            +0            +0            +0            
109           109           +0            +0            +0            +0            
110           110           +0.0032       -0            +0.0032       +0.0032       
111           111           +0.088        -0.0001       +0.0879       +0.0879       
112           112           +0.1203       -0.0001       +0.1202       +0.1202       
113           113           +0.1258       -0.0001       +0.1257       +0.1257       
114           114           +0.3235       -0.0013       +0.3222       +0.3222       
115           115           -0.3503       -0.0276       -0.3779       -0.3779       
116           116           -0.0953       -0.1572       -0.2525       -0.2525       
117           117           +0.6396       -0.4573       +0.1823       +0.1823       
118           118           -1.2393       -0.3156       -1.5549       -1.5549       
119           119           -1.0593       -0.842        -1.9013       -1.9013       
120           120           +0.8508       -1.4399       -0.5891       -0.5891       
121           121           -0.3352       -0.9929       -1.3281       -1.3281       
122           122           +0.2495       -1.5968       -1.3473       -1.3473       
123           123           -5.3438       -1.2751       -6.6189       -6.6189       
124           124           -3.3571       -1.927        -5.2841       -5.2841       
125           125           +0.8606       -1.7514       -0.8908       -0.8908       
126           126           -5.2589       -2.5165       -7.7754       -7.7754       
127           127           -6.743        -1.8227       -8.5657       -8.5657       
128           128           -8.6201       -2.7964       -11.4165      -11.4165      
129           129           -2.6453       -1.4364       -4.0817       -4.0817       
130           130           -5.912        -1.2311       -7.1431       -7.1431       
131           131           -2.8362       -0.1469       -2.9831       -2.9831       
132           132           -5.5196       -0.3354       -5.855        -5.855        
133           133           -2.7471       -2.3275       -5.0746       -5.0746       
134           134           -6.5386       -1.8311       -8.3697       -8.3697       
135           135           -3.5797       -2.4866       -6.0663       -6.0663       
136           136           -5.7703       -1.7461       -7.5164       -7.5164       
137           137           -9.6562       -2.6745       -12.3307      -12.3307      
138           138           -9.2765       -1.3627       -10.6392      -10.6392      
139           139           -8.7566       -1.3774       -10.134       -10.134       
140           140           -6.5849       -1.2542       -7.8391       -7.8391       
141           141           -6.2956       -1.6516       -7.9472       -7.9472       
142           142           -6.0015       -1.5389       -7.5404       -7.5404       
143           143           -5.1417       -1.4045       -6.5462       -6.5462       
144           144           -10.4773      -2.182        -12.6593      -12.6593      
145           145           -8.7279       -2.7733       -11.5012      -11.5012      
146           146           -12.8246      -1.2826       -14.1072      -14.1072      
147           147           -8.7411       -0.877        -9.6181       -9.6181       
148           148           -9.8545       -0.7429       -10.5974      -10.5974      
149           149           -6.4895       -1.3919       -7.8814       -7.8814       
150           150           -11.7259      -1.7207       -13.4466      -13.4466      
151           151           -3.6826       -0.0758       -3.7584       -3.7584       
152           152           +0.3509       -3.7607       -3.4098       -3.4098       
153           153           -12.2393      -1.3795       -13.6188      -13.6188      
154           154           -10.2066      -3.3921       -13.5987      -13.5987      
155           155           -7.9128       -1.9399       -9.8527       -9.8527       
156           156           -5.1525       -1.9793       -7.1318       -7.1318       
157           157           -3.7596       -1.8552       -5.6148       -5.6148       
158           158           +1.2931       -3.166        -1.8729       -1.8729       
159           159           +0.5869       -2.8902       -2.3033       -2.3033       
160           160           -8.3657       -3.5095       -11.8752      -11.8752      
161           161           -9.5397       +0.4202       -9.1195       -9.1195       
162           162           -6.5281       -3.5963       -10.1244      -10.1244      
163           163           -5.6175       -3.0468       -8.6643       -8.6643       
164           164           -10.0779      -2.8452       -12.9231      -12.9231      
165           165           -9.6696       -1.8218       -11.4914      -11.4914      
166           166           -6.8139       -4.066        -10.8799      -10.8799      
167           167           -3.4232       -0.9975       -4.4207       -4.4207       
168           168           -3.5087       -0.0692       -3.5779       -3.5779       
169           169           -3.9048       -0.0878       -3.9926       -3.9926       
170           170           -5.0065       -1.7213       -6.7278       -6.7278       
171           171           -4.6238       -0.6807       -5.3045       -5.3045       
172           172           -5.9282       -0.7712       -6.6994       -6.6994       
173           173           -2.9675       -2.0514       -5.0189       -5.0189       
174           174           -2.8329       -0.6643       -3.4972       -3.4972       
175           175           -1.0842       -0.3617       -1.4459       -1.4459       
176           176           -3.3303       -0.1577       -3.488        -3.488        
177           177           -1.9596       -0.2002       -2.1598       -2.1598       
178           178           -2.2647       -0.4687       -2.7334       -2.7334       
179           179           -0.9432       -0.086        -1.0292       -1.0292       
180           180           -2.3224       -0.2353       -2.5577       -2.5577       
181           181           +0.3199       -0.1788       +0.1411       +0.1411       
182           182           -0.0375       -0.5366       -0.5741       -0.5741       
183           183           -0.1011       -0.0032       -0.1043       -0.1043       
184           184           +0.9615       -0.0517       +0.9098       +0.9098       
185           185           +1.0135       -0.0808       +0.9327       +0.9327       
186           186           +1.2333       -0.0379       +1.1954       +1.1954       
187           187           +0.4149       -0.0037       +0.4112       +0.4112       
188           188           +0.0562       -0.0333       +0.0229       +0.0229       
189           189           +0.2092       -0.0086       +0.2006       +0.2006       
190           190           +0.3979       -0.0418       +0.3561       +0.3561       
191           191           +0.2194       -0.0452       +0.1742       +0.1742       
192           192           +0.6751       -0.0268       +0.6483       +0.6483       
193           193           +0.8716       -0.0039       +0.8677       +0.8677       
194           194           +0.1158       -0.0001       +0.1157       +0.1157       
195           195           +0.8699       -0.0261       +0.8438       +0.8438       
196           196           +0.0004       -0            +0.0004       +0.0004       
197           197           +0            +0            +0            +0            
198           198           +0.0553       -0            +0.0553       +0.0553       
199           199           +1.3577       -0.0087       +1.349        +1.349        
200           200           +0.9295       -0.0045       +0.925        +0.925        
201           201           +0.1065       -0            +0.1065       +0.1065       
202           202           +0.9149       -0.0013       +0.9136       +0.9136       
203           203           +0.5277       -0.0006       +0.5271       +0.5271       
204           204           +0.013        -0            +0.013        +0.013        
205           205           +0.0559       -0            +0.0559       +0.0559       
206           206           +0            +0            +0            +0            
207           207           +0            +0            +0            +0            
208           208           +0            +0            +0            +0            
209           209           +0.173        -0.0001       +0.1729       +0.1729       
210           210           +0            +0            +0            +0            
211           211           +0            +0            +0            +0            
212           212           +0            +0            +0            +0            
213           213           +0            +0            +0            +0            
214           214           +0            +0            +0            +0            
215           215           +0            +0            +0            +0            
216           216           +0            +0            +0            +0            
217           217           +0            +0            +0            +0            
218           218           +0.0746       -0            +0.0746       +0.0746       
219           219           +0.1631       -0.0001       +0.163        +0.163        
220           220           +0.0223       -0            +0.0223       +0.0223       
221           221           +0            +0            +0            +0            
222           222           +0            +0            +0            +0            
223           223           +0            +0            +0            +0            
224           224           +0            +0            +0            +0            
225           225           +0            +0            +0            +0            
226           226           +0            +0            +0            +0            
227           227           +0            +0            +0            +0            
228           228           +0            +0            +0            +0            
229           229           +0            +0            +0            +0            
230           230           +0            +0            +0            +0            
231           231           -0.2246       -0.0001       -0.2247       -0.2247       
232           232           +0            +0            +0            +0            
233           233           +0            +0            +0            +0            
234           234           +0            +0            +0            +0            
235           235           +0.3253       -0.0001       +0.3252       +0.3252       
236           236           +0            +0            +0            +0            
237           237           +0            +0            +0            +0            
238           238           +0            +0            +0            +0            
239           239           +0            +0            +0            +0            
240           240           +0            +0            +0            +0            
241           241           +0            +0            +0            +0            
242           242           +0            +0            +0            +0            
243           243           +0            +0            +0            +0            
244           244           -0.3523       -0.0013       -0.3536       -0.3536       
245           245           -0.0796       -0            -0.0796       -0.0796       
246           246           -0.1506       -0.0003       -0.1509       -0.1509       
247           247           -0.0026       -0            -0.0026       -0.0026       
248           248           +0            +0            +0            +0            
249           249           +0.2332       -0            +0.2332       +0.2332       
250           250           +0.0534       -0.0013       +0.0521       +0.0521       
251           251           +0            +0            +0            +0            
252           252           +0.1469       -0            +0.1469       +0.1469       
253           253           +0            +0            +0            +0            
254           254           -0.005        -0            -0.005        -0.005        
255           255           +0            +0            +0            +0            
256           256           +0            +0            +0            +0            
257           257           -0.002        -0            -0.002        -0.002        
258           258           +0.2305       -0.0005       +0.23         +0.23         
259           259           +0.2275       -0.0034       +0.2241       +0.2241       
260           260           +0.1784       -0.0002       +0.1782       +0.1782       
261           261           +0            +0            +0            +0            
262           262           +0.503        -0.0028       +0.5002       +0.5002       
263           263           +0.2654       -0.0006       +0.2648       +0.2648       
264           264           +0.4845       -0.0025       +0.482        +0.482        
265           265           +0.1967       -0.0001       +0.1966       +0.1966       
266           266           +1.5982       -0.1059       +1.4923       +1.4923       
267           267           +1.2661       -0.0209       +1.2452       +1.2452       
268           268           +1.0191       -0.009        +1.0101       +1.0101       
269           269           +0.3647       -0.0341       +0.3306       +0.3306       
270           270           +1.8678       -0.0825       +1.7853       +1.7853       
271           271           +0.7434       -0.1417       +0.6017       +0.6017       
272           272           +1.5509       -0.0138       +1.5371       +1.5371       
273           273           +2.5742       -0.1402       +2.434        +2.434        
274           274           +1.3445       -0.0159       +1.3286       +1.3286       
275           275           -0.02         -0.0001       -0.0201       -0.0201       
276           276           +0.0437       -0.0535       -0.0098       -0.0098       
277           277           +0.3792       -0.0241       +0.3551       +0.3551       
278           278           +0.375        -0.0151       +0.3599       +0.3599       
279           279           -0.0306       -0.0167       -0.0473       -0.0473       
280           280           +0.0663       -0.0166       +0.0497       +0.0497       
281           281           -0.6617       -0.015        -0.6767       -0.6767       
282           282           +0.9955       -0.0089       +0.9866       +0.9866       
283           283           -0.1364       -0.0015       -0.1379       -0.1379       
284           284           -0.663        -0.0233       -0.6863       -0.6863       
285           285           +0.8354       -0.0189       +0.8165       +0.8165       
286           286           -0.8427       -0.0543       -0.897        -0.897        
287           287           -0.0442       -0.0007       -0.0449       -0.0449       
288           288           +0            +0            +0            +0            
289           289           +0.0273       -0.0002       +0.0271       +0.0271       
290           290           +0.1238       -0.0206       +0.1032       +0.1032       
291           291           -0.0746       -0.0505       -0.1251       -0.1251       
292           292           -0.001        -0.0048       -0.0058       -0.0058       
293           293           +2.3817       -0.1032       +2.2785       +2.2785       
294           294           +1.367        -0.016        +1.351        +1.351        
295           295           +0.2492       -0.0363       +0.2129       +0.2129       
296           296           +1.085        -0.0295       +1.0555       +1.0555       
297           297           +0.963        -0.0108       +0.9522       +0.9522       
298           298           +1.7279       -0.1141       +1.6138       +1.6138       
299           299           +2.5037       -0.1912       +2.3125       +2.3125       
300           300           +0.0819       -0.0439       +0.038        +0.038        
301           301           +0.3151       -0.0685       +0.2466       +0.2466       
302           302           -0.7743       -0.0638       -0.8381       -0.8381       
303           303           +0.6394       -0.0138       +0.6256       +0.6256       
304           304           +3.032        -0.1996       +2.8324       +2.8324       
305           305           -0.7898       -0.1233       -0.9131       -0.9131       
306           306           +0.6416       -0.0045       +0.6371       +0.6371       
307           307           +0.6548       -0.0053       +0.6495       +0.6495       
308           308           +0.5162       -0.0832       +0.433        +0.433        
309           309           +3.1982       -0.4216       +2.7766       +2.7766       
310           310           +0.8753       -0.0125       +0.8628       +0.8628       
311           311           +2.046        -0.0287       +2.0173       +2.0173       
312           312           +1.2119       -0.0033       +1.2086       +1.2086       
313           313           +0.5189       -0.0532       +0.4657       +0.4657       
314           314           +0.308        -0.0595       +0.2485       +0.2485       
315           315           +0.5708       -0.0923       +0.4785       +0.4785       
316           316           -0.0291       -0.0964       -0.1255       -0.1255       
317           317           -0.4533       -0.0034       -0.4567       -0.4567       
318           318           -0.0653       -0            -0.0653       -0.0653       
319           319           +0            +0            +0            +0            
320           320           +0            +0            +0            +0            
321           321           +0            +0            +0            +0            
322           322           +0            +0            +0            +0            
323           323           +0            +0            +0            +0            
324           324           +0            +0            +0            +0            
325           325           +0            +0            +0            +0            
326           326           +0            +0            +0            +0            
327           327           +0            +0            +0            +0            
328           328           +0            +0            +0            +0            
329           329           +0            +0            +0            +0            
330           330           +0            +0            +0            +0            
331           331           +0            +0            +0            +0            
332           332           -0.1523       -0.0003       -0.1526       -0.1526       
333           333           -0.0161       -0            -0.0161       -0.0161       
334           334           +0            +0            +0            +0            
335           335           +0            +0            +0            +0            
336           336           +0            +0            +0            +0            
337           337           +0            +0            +0            +0            
338           338           +0.007        -0            +0.007        +0.007        
339           339           +0.0025       -0            +0.0025       +0.0025       
340           340           +0            +0            +0            +0            
341           341           +0.0354       -0.0001       +0.0353       +0.0353       
342           342           +0            +0            +0            +0            
343           343           +0            +0            +0            +0            
344           344           +0            +0            +0            +0            
345           345           +0            +0            +0            +0            
346           346           +0            +0            +0            +0            
347           347           +0            +0            +0            +0            
348           348           +0            +0            +0            +0            
349           349           +0            +0            +0            +0            
350           350           +0            +0            +0            +0            
351           351           +0            +0            +0            +0            
352           352           +0            +0            +0            +0            
353           353           +0            +0            +0            +0            
354           354           +0            +0            +0            +0            
355           355           +0            +0            +0            +0            
356           356           +0            +0            +0            +0            
357           357           +0            +0            +0            +0            
358           358           +0            +0            +0            +0            
359           359           +0            +0            +0            +0            
360           360           +0            +0            +0            +0            
361           361           +0            +0            +0            +0            
362           362           +0            +0            +0            +0            
363           363           +0            +0            +0            +0            
364           364           +0            +0            +0            +0            
365           365           +0            +0            +0            +0            
366           366           +0            +0            +0            +0            
367           367           +0            +0            +0            +0            
368           368           +0            +0            +0            +0            
369           369           +0            +0            +0            +0            
370           370           +0            +0            +0            +0            
371           371           +0            +0            +0            +0            
372           372           +0.0507       -0            +0.0507       +0.0507       
373           373           +0            +0            +0            +0            
374           374           +0            +0            +0            +0            
375           375           +0            +0            +0            +0            
376           376           +0            +0            +0            +0            
377           377           +0            +0            +0            +0            
378           378           +0            +0            +0            +0            
379           379           +0            +0            +0            +0            
380           380           +0            +0            +0            +0            
381           381           +0            +0            +0            +0            
382           382           +0            +0            +0            +0            
383           383           +0            +0            +0            +0            
384           384           +0            +0            +0            +0            
385           385           +0            +0            +0            +0            
386           386           +0            +0            +0            +0            
387           387           +0            +0            +0            +0            
388           388           +0.3064       -0.0001       +0.3063       +0.3063       
389           389           +0            +0            +0            +0            
390           390           +0            +0            +0            +0            
391           391           +0            +0            +0            +0            
392           392           +0            +0            +0            +0            
393           393           +0            +0            +0            +0            
394           394           +0            +0            +0            +0            
395           395           +0            +0            +0            +0            
396           396           +0            +0            +0            +0            
397           397           +0            +0            +0            +0            
398           398           +0            +0            +0            +0            
399           399           +0            +0            +0            +0            
400           400           +0            +0            +0            +0            
401           401           +0            +0            +0            +0            
402           402           +0            +0            +0            +0            
403           403           +0            +0            +0            +0            
404           404           +0            +0            +0            +0            
405           405           +0            +0            +0            +0            
406           406           +0            +0            +0            +0            
407           407           +0            +0            +0            +0            
408           408           +0            +0            +0            +0            
409           409           +0            +0            +0            +0            
410           410           +0            +0            +0            +0            
411           411           +0            +0            +0            +0            
412           412           +0            +0            +0            +0            
413           413           +0            +0            +0            +0            
414           414           +0            +0            +0            +0            
415           415           +0            +0            +0            +0            
416           416           +0            +0            +0            +0            
417           417           +0            +0            +0            +0            
418           418           +0            +0            +0            +0            
419           419           +0            +0            +0            +0            
420           420           +0            +0            +0            +0            
421           421           +0            +0            +0            +0            
422           422           +0            +0            +0            +0            
423           423           +0            +0            +0            +0            
424           424           +0            +0            +0            +0            
425           425           +0            +0            +0            +0            
426           426           +0            +0            +0            +0            
427           427           +0            +0            +0            +0            
428           428           +0            +0            +0            +0            
429           429           +0            +0            +0            +0            
430           430           +0            +0            +0            +0            
431           431           +0            +0            +0            +0            
432           432           +0            +0            +0            +0            
433           433           +0            +0            +0            +0            
434           434           +0            +0            +0            +0            
435           435           +0.0539       -0            +0.0539       +0.0539       
436           436           -0.4236       -0.0014       -0.425        -0.425        
437           437           +0            +0            +0            +0            
438           438           +0            +0            +0            +0            
439           439           +0.0004       -0            +0.0004       +0.0004       
