Frame         Time          Elec          VdW           Nonbond       Total         
0             0             -0.9065       -0.6083       -1.5148       -1.5148       
1             1             -1.4318       -0.042        -1.4738       -1.4738       
2             2             -1.3749       -0.0701       -1.445        -1.445        
3             3             -2.5266       -0.0724       -2.599        -2.599        
4             4             -1.3202       -0.0273       -1.3475       -1.3475       
5             5             -0.088        -0.0511       -0.1391       -0.1391       
6             6             -0.9768       -0.1687       -1.1455       -1.1455       
7             7             -0.4507       -0.2542       -0.7049       -0.7049       
8             8             -0.5882       -0.1022       -0.6904       -0.6904       
9             9             -0.6403       -0.0292       -0.6695       -0.6695       
10            10            -0.5187       -0.0353       -0.554        -0.554        
11            11            -0.5997       -0.0593       -0.659        -0.659        
12            12            -2.2965       -0.0733       -2.3698       -2.3698       
13            13            -0.5406       -0.0478       -0.5884       -0.5884       
14            14            +0.9818       -0.2458       +0.736        +0.736        
15            15            +0.8811       -0.209        +0.6721       +0.6721       
16            16            +0.2562       -0.1348       +0.1214       +0.1214       
17            17            +0.1069       -0.209        -0.1021       -0.1021       
18            18            +0.1343       -0.1651       -0.0308       -0.0308       
19            19            -0.0899       -0.1926       -0.2825       -0.2825       
20            20            +1.0282       -0.3995       +0.6287       +0.6287       
21            21            -1.3002       -0.1779       -1.4781       -1.4781       
22            22            +0.6047       -0.2998       +0.3049       +0.3049       
23            23            +0.5904       -0.421        +0.1694       +0.1694       
24            24            -1.2195       -0.4774       -1.6969       -1.6969       
25            25            -0.579        -0.6726       -1.2516       -1.2516       
26            26            -1.5023       -0.164        -1.6663       -1.6663       
27            27            -3.4453       -0.7835       -4.2288       -4.2288       
28            28            -4.1251       -0.7756       -4.9007       -4.9007       
29            29            -0.9586       -0.2828       -1.2414       -1.2414       
30            30            -2.8716       -0.1025       -2.9741       -2.9741       
31            31            -0.3429       -0.1458       -0.4887       -0.4887       
32            32            -0.0291       -0.0856       -0.1147       -0.1147       
33            33            -1.254        -0.1034       -1.3574       -1.3574       
34            34            -2.0478       -0.0923       -2.1401       -2.1401       
35            35            -6.8895       -0.6367       -7.5262       -7.5262       
36            36            -2.9083       -0.2375       -3.1458       -3.1458       
37            37            -1.218        -0.215        -1.433        -1.433        
38            38            -2.2794       -0.2781       -2.5575       -2.5575       
39            39            -3.0869       -0.7793       -3.8662       -3.8662       
40            40            +0.8661       -0.3129       +0.5532       +0.5532       
41            41            -2.1549       -0.6174       -2.7723       -2.7723       
42            42            -0.9264       -0.1723       -1.0987       -1.0987       
43            43            -2.1874       -0.5777       -2.7651       -2.7651       
44            44            -0.6824       -0.3279       -1.0103       -1.0103       
45            45            +0.8039       -0.0954       +0.7085       +0.7085       
46            46            +1.2887       -0.0984       +1.1903       +1.1903       
47            47            -4.2771       -0.1984       -4.4755       -4.4755       
48            48            -13.798       -0.5065       -14.3045      -14.3045      
49            49            -0.2232       -0.2973       -0.5205       -0.5205       
50            50            -3.3308       -1.1039       -4.4347       -4.4347       
51            51            -0.1361       -0.2127       -0.3488       -0.3488       
52            52            +2.9193       -2.3214       +0.5979       +0.5979       
53            53            -9.2536       -1.3096       -10.5632      -10.5632      
54            54            -5.6329       -1.9223       -7.5552       -7.5552       
55            55            +2.8833       -0.5905       +2.2928       +2.2928       
56            56            -1.7924       -0.657        -2.4494       -2.4494       
57            57            -8.7984       -2.1544       -10.9528      -10.9528      
58            58            -4.577        -2.5954       -7.1724       -7.1724       
59            59            -1.9246       -3.0354       -4.96         -4.96         
60            60            -1.1062       -0.8093       -1.9155       -1.9155       
61            61            -1.3441       -0.4562       -1.8003       -1.8003       
62            62            +1.8037       -0.0184       +1.7853       +1.7853       
63            63            -0.0384       -0.0005       -0.0389       -0.0389       
64            64            +0.5138       -0.0113       +0.5025       +0.5025       
65            65            +0.1398       -0.0009       +0.1389       +0.1389       
66            66            -0.0976       -0.0037       -0.1013       -0.1013       
67            67            -1.5961       -0.0771       -1.6732       -1.6732       
68            68            -0.5839       -0.0082       -0.5921       -0.5921       
69            69            -3.676        -0.1796       -3.8556       -3.8556       
70            70            +0.5725       -0.0544       +0.5181       +0.5181       
71            71            +0.5867       -0.0009       +0.5858       +0.5858       
72            72            -0.0307       -0            -0.0307       -0.0307       
73            73            -0.0003       -0            -0.0003       -0.0003       
74            74            -0.09         -0.0015       -0.0915       -0.0915       
75            75            +2.0519       -0.0147       +2.0372       +2.0372       
76            76            -0.0508       -0.0106       -0.0614       -0.0614       
77            77            -0.1947       -0.0025       -0.1972       -0.1972       
78            78            +0            +0            +0            +0            
79            79            +0.0377       -0            +0.0377       +0.0377       
80            80            -0.0282       -0            -0.0282       -0.0282       
81            81            +0.0375       -0            +0.0375       +0.0375       
82            82            +0.0468       -0            +0.0468       +0.0468       
83            83            -0.0882       -0.0002       -0.0884       -0.0884       
84            84            -0.1213       -0.002        -0.1233       -0.1233       
85            85            -0.1162       -0.0005       -0.1167       -0.1167       
86            86            +0.4558       -0.0006       +0.4552       +0.4552       
87            87            +0.4098       -0.0007       +0.4091       +0.4091       
88            88            +0.0213       -0.0001       +0.0212       +0.0212       
89            89            +0.0172       -0            +0.0172       +0.0172       
90            90            +0.0571       -0            +0.0571       +0.0571       
91            91            +0.0109       -0            +0.0109       +0.0109       
92            92            +0.2617       -0.0039       +0.2578       +0.2578       
93            93            +0.1408       -0.0139       +0.1269       +0.1269       
94            94            +0.1578       -0.0016       +0.1562       +0.1562       
95            95            +0.0922       -0            +0.0922       +0.0922       
96            96            -0.6703       -0.0125       -0.6828       -0.6828       
97            97            -0.2719       -0.0002       -0.2721       -0.2721       
98            98            +1.3063       -0.0747       +1.2316       +1.2316       
99            99            +1.0002       -0.0249       +0.9753       +0.9753       
100           100           -3.2731       -0.4293       -3.7024       -3.7024       
101           101           -1.8066       -0.4156       -2.2222       -2.2222       
102           102           +0.9341       -0.043        +0.8911       +0.8911       
103           103           +0.1248       -0.0256       +0.0992       +0.0992       
104           104           +0.0894       -0.0078       +0.0816       +0.0816       
105           105           -0.5383       -0.0115       -0.5498       -0.5498       
106           106           +0.8924       -0.0305       +0.8619       +0.8619       
107           107           +0.5736       -0.0134       +0.5602       +0.5602       
108           108           +1.0503       -0.0345       +1.0158       +1.0158       
109           109           +3.5253       -0.3186       +3.2067       +3.2067       
110           110           -0.2231       -0.142        -0.3651       -0.3651       
111           111           -0.2589       -0.0148       -0.2737       -0.2737       
112           112           -1.0304       -0.0852       -1.1156       -1.1156       
113           113           +0.2713       -0.1143       +0.157        +0.157        
114           114           +3.0766       -0.1236       +2.953        +2.953        
115           115           +0.6159       -0.0276       +0.5883       +0.5883       
116           116           +1.5634       -0.192        +1.3714       +1.3714       
117           117           +1.4043       -0.1184       +1.2859       +1.2859       
118           118           -0.6303       -0.0339       -0.6642       -0.6642       
119           119           -2.4468       -0.0369       -2.4837       -2.4837       
120           120           -0.1075       -0.0412       -0.1487       -0.1487       
121           121           -0.399        -0.0208       -0.4198       -0.4198       
122           122           +0.447        -0.0482       +0.3988       +0.3988       
123           123           +0.2996       -0.0135       +0.2861       +0.2861       
124           124           +1.2131       -0.0035       +1.2096       +1.2096       
125           125           -0.2261       -0.0198       -0.2459       -0.2459       
126           126           +0.5084       -0.131        +0.3774       +0.3774       
127           127           +2.1369       -0.0428       +2.0941       +2.0941       
128           128           +0.1883       -0.0046       +0.1837       +0.1837       
129           129           -0.2644       -0.0024       -0.2668       -0.2668       
130           130           -0.2457       -0.0421       -0.2878       -0.2878       
131           131           +0.6721       -0.078        +0.5941       +0.5941       
132           132           +0.7667       -0.0153       +0.7514       +0.7514       
133           133           -0.247        -0.0046       -0.2516       -0.2516       
134           134           -0.3334       -0.0117       -0.3451       -0.3451       
135           135           +0.0503       -0.0366       +0.0137       +0.0137       
136           136           -0.8203       -0.0352       -0.8555       -0.8555       
137           137           +0.2158       -0.0647       +0.1511       +0.1511       
138           138           -0.781        -0.0483       -0.8293       -0.8293       
139           139           -0.835        -0.0123       -0.8473       -0.8473       
140           140           -0.173        -0.0384       -0.2114       -0.2114       
141           141           -1.7339       -0.1482       -1.8821       -1.8821       
142           142           -0.9705       -0.0759       -1.0464       -1.0464       
143           143           -1.6121       -0.6286       -2.2407       -2.2407       
144           144           -2.34         -0.052        -2.392        -2.392        
145           145           -1.7855       -0.0282       -1.8137       -1.8137       
146           146           -1.9219       -0.046        -1.9679       -1.9679       
147           147           -0.4363       -0.0437       -0.48         -0.48         
148           148           -1.7723       -0.0401       -1.8124       -1.8124       
149           149           -1.0194       -0.0098       -1.0292       -1.0292       
150           150           +0.7635       -0.0165       +0.747        +0.747        
151           151           -1.5897       -0.0437       -1.6334       -1.6334       
152           152           -0.7211       -0.0034       -0.7245       -0.7245       
153           153           -2.5821       -0.0519       -2.634        -2.634        
154           154           -1.2486       -0.0557       -1.3043       -1.3043       
155           155           -0.8682       -0.2725       -1.1407       -1.1407       
156           156           -0.9916       -0.2017       -1.1933       -1.1933       
157           157           -0.9203       -0.1959       -1.1162       -1.1162       
158           158           -0.6442       -0.0323       -0.6765       -0.6765       
159           159           -0.0713       -0.0435       -0.1148       -0.1148       
160           160           +0.1723       -0.0549       +0.1174       +0.1174       
161           161           +0.2197       -0.0702       +0.1495       +0.1495       
162           162           -2.9952       -0.3253       -3.3205       -3.3205       
163           163           -10.6393      -0.5337       -11.173       -11.173       
164           164           -3.3441       -0.0862       -3.4303       -3.4303       
165           165           -0.0713       -0.0002       -0.0715       -0.0715       
166           166           +0.0175       -0            +0.0175       +0.0175       
167           167           +0.1384       -0.0001       +0.1383       +0.1383       
168           168           +0.1705       -0            +0.1705       +0.1705       
169           169           +0.6164       -0.003        +0.6134       +0.6134       
170           170           -0.0018       -0            -0.0018       -0.0018       
171           171           +0.0009       -0            +0.0009       +0.0009       
172           172           +0.7492       -0.0006       +0.7486       +0.7486       
173           173           -0.1492       -0            -0.1492       -0.1492       
174           174           -0.8539       -0.005        -0.8589       -0.8589       
175           175           -0.1439       -0.0009       -0.1448       -0.1448       
176           176           -0.072        -0.0001       -0.0721       -0.0721       
177           177           -0.015        -0.0057       -0.0207       -0.0207       
178           178           +0.1595       -0.0019       +0.1576       +0.1576       
179           179           +0.0536       -0.0016       +0.052        +0.052        
180           180           +0.2279       -0.0089       +0.219        +0.219        
181           181           +0.1981       -0.0088       +0.1893       +0.1893       
182           182           +0.6942       -0.0097       +0.6845       +0.6845       
183           183           +0.0314       -0.0022       +0.0292       +0.0292       
184           184           -0.118        -0.0001       -0.1181       -0.1181       
185           185           +0.2329       -0.0011       +0.2318       +0.2318       
186           186           -0.061        -0.0001       -0.0611       -0.0611       
187           187           +0.2973       -0.0068       +0.2905       +0.2905       
188           188           +0.1605       -0.0003       +0.1602       +0.1602       
189           189           -0.0061       -0            -0.0061       -0.0061       
190           190           +0.0768       -0.0112       +0.0656       +0.0656       
191           191           +0.0397       -0.0003       +0.0394       +0.0394       
192           192           -0.3418       -0.0002       -0.342        -0.342        
193           193           +0.1267       -0.001        +0.1257       +0.1257       
194           194           -0.1746       -0.0155       -0.1901       -0.1901       
195           195           -0.0773       -0.0004       -0.0777       -0.0777       
196           196           -0.0829       -0.0001       -0.083        -0.083        
197           197           +1.177        -0.0226       +1.1544       +1.1544       
198           198           +0.0054       -0            +0.0054       +0.0054       
199           199           -0.3362       -0.0022       -0.3384       -0.3384       
200           200           -0.0553       -0.0005       -0.0558       -0.0558       
201           201           -0.0178       -0            -0.0178       -0.0178       
202           202           -0.0398       -0.0006       -0.0404       -0.0404       
203           203           +0.2933       -0.0024       +0.2909       +0.2909       
204           204           -0.0358       -0            -0.0358       -0.0358       
205           205           +0.0317       -0            +0.0317       +0.0317       
206           206           -0.0678       -0            -0.0678       -0.0678       
207           207           +0.1303       -0.004        +0.1263       +0.1263       
208           208           +0.0105       -0.0005       +0.01         +0.01         
209           209           -0.0182       -0.0001       -0.0183       -0.0183       
210           210           +0.0034       -0            +0.0034       +0.0034       
211           211           +0.2255       -0.0002       +0.2253       +0.2253       
212           212           +2.4334       -0.0184       +2.415        +2.415        
213           213           +0.6335       -0.0002       +0.6333       +0.6333       
214           214           -0.2729       -0.0036       -0.2765       -0.2765       
215           215           +0.003        -0            +0.003        +0.003        
216           216           +0.4242       -0.0009       +0.4233       +0.4233       
217           217           +0.2605       -0.0007       +0.2598       +0.2598       
218           218           -0.3815       -0.0086       -0.3901       -0.3901       
219           219           -0.5595       -0.0244       -0.5839       -0.5839       
220           220           -1.1481       -0.0183       -1.1664       -1.1664       
221           221           -0.4343       -0.004        -0.4383       -0.4383       
222           222           +0.7108       -0.0052       +0.7056       +0.7056       
223           223           +1.0675       -0.0018       +1.0657       +1.0657       
224           224           +0.1557       -0.0001       +0.1556       +0.1556       
225           225           +0.0851       -0            +0.0851       +0.0851       
226           226           +0.3197       -0.0007       +0.319        +0.319        
227           227           -0.0005       -0            -0.0005       -0.0005       
228           228           -0.0021       -0            -0.0021       -0.0021       
229           229           +0.211        -0.0015       +0.2095       +0.2095       
230           230           +0.0343       -0            +0.0343       +0.0343       
231           231           +0            +0            +0            +0            
232           232           +0.6598       -0.0003       +0.6595       +0.6595       
233           233           +0            +0            +0            +0            
234           234           +0.0489       -0            +0.0489       +0.0489       
235           235           +0.2543       -0.0002       +0.2541       +0.2541       
236           236           +0.409        -0.0001       +0.4089       +0.4089       
237           237           +0.3864       -0.0067       +0.3797       +0.3797       
238           238           -0.0795       -0.0012       -0.0807       -0.0807       
239           239           +0.2875       -0.006        +0.2815       +0.2815       
240           240           -0.1936       -0.0025       -0.1961       -0.1961       
241           241           -0.4869       -0.0266       -0.5135       -0.5135       
242           242           +0.7311       -0.0474       +0.6837       +0.6837       
243           243           +0.923        -0.0176       +0.9054       +0.9054       
244           244           +0.7395       -0.0177       +0.7218       +0.7218       
245           245           +0.9854       -0.0486       +0.9368       +0.9368       
246           246           +0.0832       -0.012        +0.0712       +0.0712       
247           247           +0.1633       -0.0615       +0.1018       +0.1018       
248           248           +2.9924       -0.0695       +2.9229       +2.9229       
249           249           +0.3443       -0.001        +0.3433       +0.3433       
250           250           -0.0203       -0.0002       -0.0205       -0.0205       
251           251           +0.0741       -0            +0.0741       +0.0741       
252           252           +1.9174       -0.0598       +1.8576       +1.8576       
253           253           -0.1293       -0.0041       -0.1334       -0.1334       
254           254           +1.3921       -0.1536       +1.2385       +1.2385       
255           255           +0.6706       -0.0251       +0.6455       +0.6455       
256           256           +1.4921       -0.078        +1.4141       +1.4141       
257           257           +1.7546       -0.2765       +1.4781       +1.4781       
258           258           -0.4596       -0.4071       -0.8667       -0.8667       
259           259           -0.1398       -0.8911       -1.0309       -1.0309       
260           260           -0.1641       -0.2506       -0.4147       -0.4147       
261           261           -0.4719       -0.0308       -0.5027       -0.5027       
262           262           +1.1515       -0.0582       +1.0933       +1.0933       
263           263           +0.8913       -0.0212       +0.8701       +0.8701       
264           264           -0.2817       -0.0016       -0.2833       -0.2833       
265           265           +1.3581       -0.0205       +1.3376       +1.3376       
266           266           +1.5784       -0.0055       +1.5729       +1.5729       
267           267           +0.9054       -0.0041       +0.9013       +0.9013       
268           268           -0.2471       -0.0484       -0.2955       -0.2955       
269           269           +1.37         -0.1694       +1.2006       +1.2006       
270           270           -0.3518       -0.0344       -0.3862       -0.3862       
271           271           -2.4847       -1.2305       -3.7152       -3.7152       
272           272           +0.2155       -0.2255       -0.01         -0.01         
273           273           -0.225        -0.7971       -1.0221       -1.0221       
274           274           -1.5702       -0.7181       -2.2883       -2.2883       
275           275           -0.9615       -0.3839       -1.3454       -1.3454       
276           276           -0.8143       -0.1874       -1.0017       -1.0017       
277           277           -0.5317       -0.1775       -0.7092       -0.7092       
278           278           -1.3661       -0.2338       -1.5999       -1.5999       
279           279           -2.7719       -0.5542       -3.3261       -3.3261       
280           280           +3.5093       -0.1695       +3.3398       +3.3398       
281           281           +1.2792       -0.0901       +1.1891       +1.1891       
282           282           -0.5225       -0.6018       -1.1243       -1.1243       
283           283           -0.187        -0.6479       -0.8349       -0.8349       
284           284           -4.4341       -0.6499       -5.084        -5.084        
285           285           -6.2155       -1.5143       -7.7298       -7.7298       
286           286           -1.8968       -0.1855       -2.0823       -2.0823       
287           287           +0.4712       -0.0507       +0.4205       +0.4205       
288           288           +3.3263       -1.1544       +2.1719       +2.1719       
289           289           +0.1977       -1.9181       -1.7204       -1.7204       
290           290           +2.4241       -1.2492       +1.1749       +1.1749       
291           291           -6.0525       -1.7842       -7.8367       -7.8367       
292           292           +1.6875       -1.9136       -0.2261       -0.2261       
293           293           +1.3591       -0.796        +0.5631       +0.5631       
294           294           +0.601        -0.8546       -0.2536       -0.2536       
295           295           -3.1479       -0.7137       -3.8616       -3.8616       
296           296           +2.4696       -0.443        +2.0266       +2.0266       
297           297           +1.9621       -0.5287       +1.4334       +1.4334       
298           298           +2.1424       -0.8014       +1.341        +1.341        
299           299           +0.3447       -0.1282       +0.2165       +0.2165       
300           300           +3.1367       -0.3271       +2.8096       +2.8096       
301           301           -11.1144      -0.7011       -11.8155      -11.8155      
302           302           -2.9552       -0.1875       -3.1427       -3.1427       
303           303           -1.4906       -0.7596       -2.2502       -2.2502       
304           304           -3.5548       -0.8506       -4.4054       -4.4054       
305           305           -6.4884       -0.1471       -6.6355       -6.6355       
306           306           -4.6566       -2.4538       -7.1104       -7.1104       
307           307           -10.3645      -3.2343       -13.5988      -13.5988      
308           308           -7.7067       -2.5864       -10.2931      -10.2931      
309           309           -4.2598       -1.6491       -5.9089       -5.9089       
310           310           -7.2911       -2.2653       -9.5564       -9.5564       
311           311           -6.7768       -1.6491       -8.4259       -8.4259       
312           312           -15.9577      -3.4446       -19.4023      -19.4023      
313           313           -8.3327       -1.7984       -10.1311      -10.1311      
314           314           -8.9095       -1.356        -10.2655      -10.2655      
315           315           -0.021        -2.3851       -2.4061       -2.4061       
316           316           -13.9847      -2.0479       -16.0326      -16.0326      
317           317           -3.4468       -2.6292       -6.076        -6.076        
318           318           -5.3448       -1.4611       -6.8059       -6.8059       
319           319           -7.294        -2.5908       -9.8848       -9.8848       
320           320           -1.5946       -2.2797       -3.8743       -3.8743       
321           321           -0.9789       -1.0069       -1.9858       -1.9858       
322           322           -6.6297       -2.3979       -9.0276       -9.0276       
323           323           -5.5457       -0.7317       -6.2774       -6.2774       
324           324           -1.5434       -0.746        -2.2894       -2.2894       
325           325           -3.422        -1.4403       -4.8623       -4.8623       
326           326           -6.5869       -0.5739       -7.1608       -7.1608       
327           327           -26.0453      +0.4461       -25.5992      -25.5992      
328           328           -16.2261      -5.223        -21.4491      -21.4491      
329           329           -15.6355      -2.9737       -18.6092      -18.6092      
330           330           -7.2352       -1.8526       -9.0878       -9.0878       
331           331           -9.4921       -1.1679       -10.66        -10.66        
332           332           -18.4078      -4.5352       -22.943       -22.943       
333           333           -33.2877      -1.91         -35.1977      -35.1977      
334           334           -20.9174      -4.9688       -25.8862      -25.8862      
335           335           -17.4191      -2.8354       -20.2545      -20.2545      
336           336           -25.9767      -4.4508       -30.4275      -30.4275      
337           337           -4.1802       -2.9302       -7.1104       -7.1104       
338           338           -12.5822      -1.6449       -14.2271      -14.2271      
339           339           -2.3887       -2.464        -4.8527       -4.8527       
340           340           -5.4633       -1.6664       -7.1297       -7.1297       
341           341           -0.9318       -4.856        -5.7878       -5.7878       
342           342           -15.961       -4.9557       -20.9167      -20.9167      
343           343           -17.0834      -3.28         -20.3634      -20.3634      
344           344           -14.5094      -2.2918       -16.8012      -16.8012      
345           345           -25.4555      -1.2435       -26.699       -26.699       
346           346           -28.0008      -2.1996       -30.2004      -30.2004      
347           347           -8.0502       -4.304        -12.3542      -12.3542      
348           348           -18.7489      -2.4227       -21.1716      -21.1716      
349           349           -8.0383       -5.4199       -13.4582      -13.4582      
350           350           -20.5473      -4.5658       -25.1131      -25.1131      
351           351           -11.3241      -3.5103       -14.8344      -14.8344      
352           352           -16.9336      -3.9287       -20.8623      -20.8623      
353           353           -17.3186      -0.7392       -18.0578      -18.0578      
354           354           -8.26         -4.0641       -12.3241      -12.3241      
355           355           -17.0044      -4.1808       -21.1852      -21.1852      
356           356           -14.5999      -2.9807       -17.5806      -17.5806      
357           357           -18.5364      -2.6817       -21.2181      -21.2181      
358           358           -6.9347       -2.1528       -9.0875       -9.0875       
359           359           -4.9134       -2.3275       -7.2409       -7.2409       
360           360           -12.8428      -3.9716       -16.8144      -16.8144      
361           361           -8.571        -4.6463       -13.2173      -13.2173      
362           362           -8.2488       -4.3162       -12.565       -12.565       
363           363           -14.5174      -8.4215       -22.9389      -22.9389      
364           364           -8.2351       -5.7002       -13.9353      -13.9353      
365           365           -23.4844      -5.196        -28.6804      -28.6804      
366           366           -11.6227      -6.2785       -17.9012      -17.9012      
367           367           -26.8829      -1.6284       -28.5113      -28.5113      
368           368           -0.0227       -6.6495       -6.6722       -6.6722       
369           369           -19.0169      -6.6204       -25.6373      -25.6373      
370           370           -10.2714      -6.9577       -17.2291      -17.2291      
371           371           -7.2382       -7.6294       -14.8676      -14.8676      
372           372           -5.8442       -2.7659       -8.6101       -8.6101       
373           373           -8.4309       -2.5847       -11.0156      -11.0156      
374           374           -24.2475      -4.5001       -28.7476      -28.7476      
375           375           -16.2267      -4.372        -20.5987      -20.5987      
376           376           -11.3621      -5.8311       -17.1932      -17.1932      
377           377           -24.2883      -6.2229       -30.5112      -30.5112      
378           378           -17.3524      -6.7443       -24.0967      -24.0967      
379           379           -12.1204      -5.7819       -17.9023      -17.9023      
380           380           -7.9934       -5.0199       -13.0133      -13.0133      
381           381           -19.848       -3.9843       -23.8323      -23.8323      
382           382           -30.2388      -5.419        -35.6578      -35.6578      
383           383           -33.9429      -4.4622       -38.4051      -38.4051      
384           384           -28.6789      -2.0658       -30.7447      -30.7447      
385           385           -20.5051      -5.2428       -25.7479      -25.7479      
386           386           -37.673       -2.9146       -40.5876      -40.5876      
387           387           -18.4453      -2.5121       -20.9574      -20.9574      
388           388           -21.5467      -1.7768       -23.3235      -23.3235      
389           389           -11.7282      -3.2515       -14.9797      -14.9797      
390           390           -17.3952      -3.5838       -20.979       -20.979       
391           391           -0.3037       -0.7978       -1.1015       -1.1015       
392           392           +10.1814      -1.2567       +8.9247       +8.9247       
393           393           +8.8182       -0.9471       +7.8711       +7.8711       
394           394           -0.6378       -2.2031       -2.8409       -2.8409       
395           395           -3.4583       -1.2646       -4.7229       -4.7229       
396           396           -3.1278       -0.92         -4.0478       -4.0478       
397           397           +0.1775       -0.6807       -0.5032       -0.5032       
398           398           +0.1351       -0.725        -0.5899       -0.5899       
399           399           -3.6847       -0.4001       -4.0848       -4.0848       
400           400           -8.2612       -0.8661       -9.1273       -9.1273       
401           401           -12.512       -2.756        -15.268       -15.268       
402           402           -21.1521      -3.624        -24.7761      -24.7761      
403           403           -11.9277      -3.4678       -15.3955      -15.3955      
404           404           -7.167        -1.3026       -8.4696       -8.4696       
405           405           -5.676        -1.0341       -6.7101       -6.7101       
406           406           -9.1841       -0.9204       -10.1045      -10.1045      
407           407           +7.4346       -0.9107       +6.5239       +6.5239       
408           408           -4.1046       -0.5572       -4.6618       -4.6618       
409           409           +4.0218       -0.4131       +3.6087       +3.6087       
410           410           -2.2744       -0.3012       -2.5756       -2.5756       
411           411           -2.3464       -1.7738       -4.1202       -4.1202       
412           412           -15.0985      -1.6183       -16.7168      -16.7168      
413           413           -5.0198       -4.6337       -9.6535       -9.6535       
414           414           -18.899       -4.4373       -23.3363      -23.3363      
415           415           -12.4392      -4.3536       -16.7928      -16.7928      
416           416           -4.2481       -1.5047       -5.7528       -5.7528       
417           417           -0.2518       -0.6147       -0.8665       -0.8665       
418           418           -3.7683       -2.3536       -6.1219       -6.1219       
419           419           -2.99         -0.2669       -3.2569       -3.2569       
420           420           +5.1288       -1.6315       +3.4973       +3.4973       
421           421           +1.667        -2.0955       -0.4285       -0.4285       
422           422           -7.1367       -2.1319       -9.2686       -9.2686       
423           423           +1.2908       -2.2709       -0.9801       -0.9801       
424           424           -3.4627       -0.6515       -4.1142       -4.1142       
425           425           +0.5854       -2.7968       -2.2114       -2.2114       
426           426           -8.9626       -1.1646       -10.1272      -10.1272      
427           427           +1.1388       -1.5573       -0.4185       -0.4185       
428           428           -15.1385      -1.9621       -17.1006      -17.1006      
429           429           -3.4023       -0.7431       -4.1454       -4.1454       
430           430           -10.777       -2.6917       -13.4687      -13.4687      
431           431           -2.9963       -1.9982       -4.9945       -4.9945       
432           432           -12.7036      -3.4818       -16.1854      -16.1854      
433           433           -14.6973      -5.8722       -20.5695      -20.5695      
434           434           -16.4837      -5.6929       -22.1766      -22.1766      
435           435           -14.6195      -6.6367       -21.2562      -21.2562      
436           436           -9.7546       -8.8558       -18.6104      -18.6104      
437           437           -18.6499      -3.0395       -21.6894      -21.6894      
438           438           -9.2777       -3.9153       -13.193       -13.193       
439           439           -18.3366      -7.3359       -25.6725      -25.6725      
